1.599391430776287848e+01
1.567878286155257506e+01
1.599175657231051595e+01
1.639835131446210426e+01
1.751167026289241946e+01
1.955033405257848145e+01
2.191806681051569683e+01
2.394361336210313951e+01
2.502872267242062776e+01
2.545374453448412311e+01
2.497074890689682647e+01
2.502614978137936319e+01
2.504522995627587534e+01
2.438504599125517558e+01
2.354100919825103233e+01
2.310020183965020379e+01
2.311604036793004013e+01
2.244720807358600823e+01
2.224144161471720338e+01
2.212028832294344127e+01
2.153605766458868942e+01
2.077121153291773581e+01
1.948224230658354728e+01
1.836044846131670738e+01
1.722408969226334108e+01
1.666881793845266913e+01
1.687776358769053431e+01
1.707155271753810766e+01
1.760631054350762170e+01
1.912926210870152488e+01
2.128985242174030290e+01
2.327397048434806237e+01
2.451879409686961253e+01
2.456775881937392114e+01
2.414555176387478141e+01
2.426111035277495631e+01
2.420422207055499442e+01
2.391284441411099593e+01
2.323056888282219745e+01
2.275811377656443923e+01
2.329562275531288762e+01
2.307512455106257576e+01
2.299902491021251549e+01
2.310380498204250443e+01
2.318876099640850086e+01
2.260575219928169943e+01
2.119315043985633906e+01
1.983863008797126781e+01
1.897572601759425481e+01
1.844314520351884923e+01
1.823262904070377033e+01
1.791852580814075324e+01
1.787970516162815215e+01
1.844794103232563032e+01
1.943358820646512441e+01
2.065471764129302557e+01
2.145094352825860540e+01
2.175418870565171758e+01
2.158283774113034070e+01
2.145256754822607093e+01
2.129051350964521205e+01
2.062610270192904238e+01
2.020522054038580961e+01
2.052904410807715863e+01
2.162580882161542917e+01
2.206116176432308507e+01
2.173223235286461730e+01
2.161044647057292067e+01
2.150608929411458448e+01
2.110121785882291690e+01
1.989224357176458113e+01
1.895444871435291390e+01
1.811088974287058306e+01
1.742217794857411661e+01
1.732443558971482389e+01
1.729688711794296552e+01
1.797137742358859214e+01
1.962627548471771632e+01
2.182925509694354105e+01
2.386185101938870901e+01
2.506037020387774206e+01
2.537207404077554784e+01
2.489041480815511065e+01
2.490608296163102153e+01
2.467721659232620368e+01
2.425544331846523960e+01
2.349108866369304849e+01
2.314621773273860939e+01
2.330924354654772301e+01
2.256584870930954168e+01
2.236116974186190731e+01
2.200023394837238300e+01
2.170404678967447509e+01
2.095680935793489397e+01
1.965536187158697601e+01
1.869907237431739588e+01
1.790781447486347844e+01
1.747756289497269577e+01
1.759151257899453924e+01
1.768630251579890711e+01
1.848926050315978387e+01
2.024985210063195851e+01
2.260197042012639201e+01
2.440039408402527954e+01
2.547207881680505182e+01
2.533441576336101164e+01
2.510688315267220361e+01
2.532537663053444277e+01
2.529707532610688503e+01
2.504341506522137806e+01
2.421668301304427473e+01
2.337933660260885560e+01
2.325186732052177163e+01
2.276237346410435691e+01
2.246447469282087184e+01
2.250889493856417545e+01
2.252577898771283316e+01
2.177715579754256936e+01
2.037943115950851336e+01
1.929188623190170304e+01
1.848237724638034152e+01
1.794447544927606586e+01
1.780489508985521496e+01
1.785697901797104237e+01
1.859539580359420796e+01
2.031907916071884301e+01
2.285581583214376522e+01
2.492316316642875762e+01
2.602463263328575493e+01
2.614892652665715289e+01
2.602178530533143075e+01
2.633235706106628626e+01
2.669847141221325870e+01
2.593169428244264907e+01
2.490633885648852797e+01
2.450126777129770517e+01
2.452425355425954123e+01
2.380085071085190762e+01
2.303217014217038283e+01
2.287843402843407858e+01
2.279968680568681449e+01
2.193593736113736270e+01
2.061118747222747061e+01
1.945823749444549478e+01
1.860364749888909941e+01
1.815272949977781991e+01
1.799054589995556341e+01
1.791810917999111297e+01
1.859162183599822527e+01
2.029432436719964628e+01
2.242686487343993207e+01
2.434937297468798789e+01
2.563787459493759613e+01
2.564757491898751596e+01
2.535351498379750623e+01
2.551870299675950093e+01
2.555974059935190112e+01
2.525594811987038213e+01
2.439518962397407620e+01
2.408703792479481720e+01
2.378540758495896057e+01
2.312508151699179137e+01
2.281701630339835773e+01
2.281940326067967106e+01
2.288388065213593237e+01
2.208077613042718568e+01
2.068815522608543844e+01
1.960163104521708632e+01
1.880032620904341911e+01
1.828806524180868465e+01
1.824161304836173869e+01
1.819232260967234893e+01
1.888646452193446734e+01
2.065729290438689603e+01
2.284345858087737824e+01
2.500069171617547781e+01
2.654413834323509391e+01
2.695682766864701563e+01
2.650336553372940429e+01
2.664467310674588063e+01
2.640093462134917957e+01
2.552818692426983560e+01
2.442563738485396740e+01
2.364512747697079220e+01
2.311302549539415807e+01
2.199860509907882999e+01
2.145572101981576552e+01
2.118714420396315390e+01
2.101342884079262774e+01
2.034668576815852603e+01
1.923733715363170660e+01
1.832746743072634388e+01
1.755349348614526761e+01
1.708669869722905332e+01
1.710533973944581021e+01
1.717306794788916235e+01
1.757861358957783082e+01
1.875572271791556744e+01
2.066314454358311536e+01
2.251662890871662270e+01
2.354332578174332724e+01
2.355666515634866442e+01
2.299133303126973260e+01
2.278226660625394828e+01
2.241245332125079059e+01
2.169049066425015937e+01
2.134609813285003455e+01
2.153321962657000554e+01
2.177064392531399761e+01
2.134612878506279898e+01
2.076522575701256201e+01
2.040904515140251263e+01
2.019380903028050511e+01
1.960676180605610242e+01
1.861735236121122128e+01
1.769147047224224423e+01
1.704229409444844734e+01
1.655245881888968995e+01
1.652649176377793694e+01
1.648129835275558719e+01
1.666425967055111812e+01
1.739685193411022368e+01
1.846337038682204579e+01
1.930867407736440811e+01
1.995773481547288242e+01
2.002354696309457438e+01
1.973270939261891499e+01
1.945054187852378291e+01
1.897810837570475684e+01
1.853162167514095415e+01
1.830632433502819012e+01
1.870926486700563629e+01
1.997385297340112587e+01
2.005077059468022327e+01
1.994615411893604673e+01
1.991723082378720733e+01
1.999944616475744397e+01
1.940788923295149004e+01
1.844957784659029798e+01
1.741791556931806184e+01
1.669158311386361504e+01
1.622631662277272113e+01
1.638126332455454559e+01
1.662025266491091102e+01
1.763605053298218195e+01
1.957521010659643323e+01
2.201104202131928389e+01
2.389820840426385828e+01
2.485964168085277137e+01
2.494792833617055194e+01
2.446958566723411366e+01
2.430191713344682114e+01
2.391638342668936446e+01
2.327127668533787030e+01
2.263025533706757386e+01
2.239805106741351182e+01
2.211161021348270239e+01
2.110232204269654233e+01
2.055646440853930912e+01
1.985529288170786089e+01
1.939505857634157238e+01
1.879901171526831405e+01
1.788780234305366079e+01
1.710556046861073298e+01
1.639711209372214640e+01
1.598342241874442848e+01
1.616468448374888567e+01
1.649693689674977648e+01
1.751538737934995638e+01
1.956707747586998991e+01
2.191341549517399656e+01
2.380668309903479951e+01
2.465733661980695857e+01
2.469946732396139311e+01
2.413189346479227737e+01
2.390637869295845519e+01
2.373327573859169348e+01
2.328265514771833722e+01
2.278453102954366472e+01
2.262890620590873070e+01
2.245378124118174412e+01
2.169875624823635007e+01
2.109975124964726945e+01
2.062795024992945514e+01
2.020559004998589359e+01
1.987311800999717804e+01
1.825462360199943390e+01
1.733092472039988863e+01
1.659418494407997713e+01
1.643083698881599730e+01
1.639816739776319920e+01
1.625563347955263893e+01
1.744312669591052867e+01
1.948862533918210360e+01
2.196172506783641865e+01
2.414434501356728546e+01
2.510886900271345823e+01
2.496577380054269213e+01
2.410515476010854030e+01
2.386103095202171076e+01
2.367620619040433994e+01
2.317524123808086856e+01
2.271504824761617414e+01
2.263100964952323579e+01
2.255020192990464523e+01
2.186204038598092936e+01
2.138840807719618553e+01
2.088568161543923551e+01
2.040113632308784730e+01
1.968822726461757000e+01
1.857764545292351244e+01
1.760352909058470061e+01
1.678470581811694018e+01
1.633294116362338499e+01
1.651458823272467669e+01
1.681491764654493437e+01
1.781898352930898710e+01
1.958779670586179833e+01
2.208555934117236319e+01
2.381711186823447335e+01
2.465142237364689493e+01
2.445028447472937927e+01
2.353805689494587483e+01
2.307561137898917636e+01
2.273512227579783485e+01
2.245102445515956546e+01
2.205820489103191306e+01
2.226764097820638355e+01
2.206952819564127566e+01
2.109390563912825911e+01
2.035478112782565319e+01
1.994295622556512981e+01
1.954859124511302682e+01
1.886171824902260497e+01
1.790834364980452165e+01
1.712566872996090339e+01
1.661713374599218085e+01
1.622742674919843608e+01
1.640548534983968665e+01
1.676109706996793847e+01
1.776021941399358894e+01
1.972804388279871546e+01
2.220960877655974031e+01
2.388992175531194562e+01
2.440998435106239128e+01
2.428199687021248110e+01
2.365639937404249693e+01
2.329927987480849794e+01
2.284385597496169851e+01
2.256877119499233686e+01
2.216175423899846564e+01
2.217635084779969290e+01
2.221127016955993838e+01
2.153025403391198722e+01
2.088205080678239511e+01
1.976041016135647865e+01
1.938408203227129434e+01
1.870881640645425747e+01
1.787776328129085357e+01
1.714355265625817282e+01
1.640471053125163436e+01
1.612094210625032886e+01
1.624818842125006668e+01
1.653763768425001146e+01
1.713952753685000374e+01
1.853990550737000120e+01
2.088398110147399933e+01
2.261679622029480186e+01
2.336335924405895881e+01
2.358467184881179435e+01
2.298093436976235893e+01
2.265218687395247343e+01
2.215443737479049702e+01
2.177488747495809918e+01
2.155497749499161841e+01
2.199099549899832695e+01
2.233419909979966889e+01
2.150683981995993577e+01
2.070136796399198786e+01
2.017227359279839760e+01
1.972245471855967835e+01
1.909649094371193456e+01
1.809929818874238805e+01
1.713185963774847664e+01
1.644237192754969357e+01
1.612047438550994016e+01
1.619209487710199014e+01
1.623041897542039536e+01
1.651808379508407754e+01
1.733561675901681554e+01
1.845112335180336416e+01
1.977022467036067255e+01
2.042604493407213440e+01
2.049320898681442671e+01
2.010664179736288659e+01
1.990132835947257917e+01
1.957226567189451316e+01
1.927445313437890206e+01
1.904689062687577916e+01
1.964137812537515515e+01
2.054427562507503069e+01
2.046085512501500503e+01
1.952417102500299961e+01
2.017683420500060265e+01
2.013136684100011919e+01
1.945827336820002529e+01
1.838765467364000727e+01
1.739753093472799961e+01
1.667150618694559938e+01
1.627030123738911982e+01
1.651806024747782331e+01
1.699961204949556404e+01
1.829592240989911289e+01
2.041918448197982272e+01
2.309983689639596349e+01
2.505996737927919327e+01
2.597999347585584218e+01
2.602799869517116704e+01
2.552559973903423440e+01
2.544111994780684682e+01
2.529622398956136919e+01
2.465124479791226975e+01
2.432224895958245270e+01
2.390444979191649111e+01
2.320488995838330126e+01
2.208097799167666153e+01
2.130419559833533327e+01
2.094883911966706336e+01
2.049376782393341045e+01
1.965075356478668311e+01
1.847415071295733568e+01
1.747083014259146694e+01
1.674216602851829094e+01
1.642043320570365950e+01
1.663608664114073221e+01
1.711121732822814678e+01
1.814224346564562751e+01
2.009244869312912485e+01
2.245048973862582287e+01
2.434609794772516622e+01
2.530921958954503381e+01
2.523784391790900727e+01
2.431956878358180063e+01
2.392791375671635734e+01
2.358558275134327076e+01
2.319711655026865316e+01
2.290342331005372856e+01
2.290868466201074227e+01
2.268573693240214695e+01
2.183314738648043019e+01
2.097462947729608373e+01
2.015492589545921476e+01
1.931898517909184321e+01
1.852779703581836657e+01
1.760155940716367340e+01
1.680831188143273280e+01
1.617766237628654835e+01
1.584353247525730879e+01
1.604070649505145951e+01
1.636814129901028991e+01
1.741762825980205776e+01
1.927552565196041101e+01
2.141510513039207808e+01
2.301102102607841715e+01
2.377820420521567968e+01
2.373164084104313432e+01
2.303432816820862428e+01
2.246286563364172650e+01
2.176457312672834732e+01
2.115291462534566946e+01
2.107858292506913145e+01
2.143971658501382649e+01
2.164794331700276331e+01
2.090558866340055033e+01
2.007711773268010802e+01
1.939942354653602052e+01
1.856788470930720436e+01
1.768157694186144369e+01
1.677631538837228931e+01
1.606726307767445761e+01
1.557345261553489024e+01
1.529869052310697874e+01
1.559573810462139676e+01
1.615914762092427992e+01
1.755182952418485698e+01
1.975836590483697108e+01
2.227167318096739379e+01
2.427833463619347754e+01
2.515966692723869613e+01
2.514393338544773826e+01
2.444478667708954589e+01
2.422495733541791196e+01
2.395699146708358285e+01
2.354339829341671830e+01
2.310067965868334028e+01
2.320413593173666555e+01
2.318482718634733430e+01
2.239696543726946842e+01
2.150339308745389388e+01
2.070067861749078020e+01
2.006813572349815544e+01
1.898962714469962876e+01
1.786192542893992652e+01
1.698838508578798567e+01
1.630967701715759688e+01
1.597393540343152019e+01
1.625878708068630374e+01
1.673175741613726331e+01
1.803435148322745363e+01
2.030287029664549081e+01
2.281257405932910132e+01
2.477851481186581850e+01
2.551570296237316526e+01
2.523914059247463371e+01
2.458382811849492811e+01
2.431676562369898775e+01
2.414335312473979656e+01
2.370867062494795974e+01
2.313373412498959070e+01
2.306674682499791729e+01
2.289334936499958317e+01
2.209066987299991780e+01
2.117813397459998370e+01
2.054762679491999577e+01
1.994952535898400114e+01
1.898190507179679898e+01
1.791638101435935937e+01
1.703127620287187227e+01
1.629425524057437258e+01
1.601885104811487537e+01
1.618777020962297541e+01
1.648555404192459406e+01
1.730511080838492077e+01
1.894102216167698671e+01
2.102020443233539737e+01
2.274804088646708067e+01
2.370960817729341485e+01
2.357392163545868158e+01
2.287478432709173504e+01
2.265495686541834885e+01
2.246699137308367256e+01
2.214139827461673349e+01
2.174027965492334857e+01
2.202805593098467085e+01
2.255761118619693306e+01
2.190352223723938607e+01
2.113270444744787824e+01
2.065054088948957656e+01
2.004210817789791577e+01
1.930442163557958324e+01
1.828488432711591827e+01
1.735297686542318374e+01
1.668659537308463570e+01
1.623331907461692580e+01
1.630266381492338468e+01
1.649253276298467696e+01
1.681050655259693372e+01
1.759410131051938464e+01
1.889482026210387744e+01
1.994696405242077830e+01
2.046939281048415538e+01
2.050187856209683090e+01
2.013237571241936408e+01
1.978647514248387296e+01
1.954929502849677192e+01
1.922185900569935413e+01
1.898037180113987432e+01
1.950007436022797336e+01
2.061201487204559157e+01
2.057040297440911658e+01
2.041008059488182624e+01
2.026601611897636701e+01
2.006920322379527377e+01
1.933384064475905362e+01
1.829076812895181092e+01
1.743415362579036199e+01
1.678283072515807106e+01
1.625256614503161501e+01
1.644251322900632317e+01
1.676050264580126381e+01
1.791210052916025219e+01
2.016642010583204936e+01
2.249728402116640780e+01
2.417145680423328002e+01
2.520229136084665811e+01
2.543245827216933108e+01
2.454249165443386715e+01
2.442049833088677246e+01
2.434809966617735100e+01
2.407761993323547145e+01
2.371152398664709438e+01
2.354230479732941816e+01
2.336446095946588386e+01
2.247289219189317677e+01
2.159057843837863544e+01
2.101411568767572646e+01
2.051482313753514575e+01
2.000696462750702764e+01
1.875339292550140868e+01
1.780667858510028267e+01
1.712933571702005864e+01
1.676186714340401451e+01
1.671237342868080233e+01
1.714247468573616118e+01
1.823649493714723491e+01
2.026329898742944735e+01
2.238865979748588941e+01
2.462173195949717908e+01
2.549234639189943508e+01
2.550646927837988898e+01
2.482929385567597791e+01
2.485385877113519726e+01
2.488277175422703991e+01
2.463255435084541034e+01
2.400651087016908392e+01
2.360130217403381536e+01
2.364026043480675909e+01
2.270405208696135091e+01
2.184481041739226725e+01
2.141696208347845243e+01
2.106739241669569296e+01
2.022147848333914055e+01
1.913229569666782837e+01
1.793845913933356684e+01
1.718769182786671479e+01
1.667753836557334424e+01
1.681550767311466998e+01
1.700310153462293528e+01
1.824062030692458691e+01
2.032012406138491656e+01
2.272002481227698567e+01
2.489600496245540029e+01
2.571520099249108426e+01
2.579904019849821850e+01
2.513580803969963995e+01
2.506716160793992998e+01
2.494143232158798540e+01
2.454828646431759864e+01
2.384565729286352109e+01
2.365713145857270661e+01
2.359542629171454209e+01
2.254308525834290933e+01
2.202861705166857931e+01
2.174972341033371492e+01
2.122194468206674145e+01
2.046038893641334866e+01
1.931607778728267277e+01
1.834321555745653498e+01
1.757264311149130620e+01
1.696252862229826164e+01
1.712050572445965457e+01
1.738410114489193248e+01
1.841282022897838644e+01
2.035456404579567646e+01
2.305491280915913421e+01
2.491498256183182747e+01
2.583099651236636163e+01
2.542219930247327042e+01
2.474843986049465627e+01
2.474168797209893000e+01
2.481233759441978748e+01
2.452246751888395693e+01
2.387249350377679136e+01
2.399049870075536006e+01
2.401409974015107096e+01
2.329081994803021161e+01
2.254616398960604329e+01
2.215723279792120692e+01
2.132744655958424218e+01
2.028948931191684935e+01
1.936989786238336819e+01
1.852197957247667404e+01
1.789639591449533285e+01
1.758727918289906711e+01
1.774145583657981362e+01
1.794029116731596218e+01
1.833205823346319008e+01
1.926641164669263873e+01
2.078128232933852715e+01
2.219625646586770529e+01
2.294325129317354239e+01
2.378865025863471061e+01
2.314173005172694175e+01
2.298034601034538582e+01
2.286806920206907989e+01
2.257361384041381314e+01
2.224272276808276416e+01
2.274454455361655647e+01
2.297290891072331220e+01
2.265858178214466179e+01
2.218771635642893258e+01
2.197354327128578788e+01
2.189070865425716050e+01
2.121014173085143284e+01
1.998602834617028634e+01
1.882920566923405659e+01
1.795784113384680936e+01
1.750356822676936019e+01
1.754071364535387190e+01
1.776414272907077319e+01
1.845682854581415455e+01
2.019536570916283225e+01
2.253507314183256938e+01
2.464301462836651524e+01
2.566460292567330725e+01
2.577292058513465989e+01
2.501858411702693274e+01
2.511571682340538558e+01
2.507114336468107751e+01
2.459822867293621584e+01
2.407164573458724277e+01
2.410232914691744810e+01
2.298846582938349314e+01
2.198169316587669897e+01
2.122033863317534141e+01
2.073206772663506570e+01
2.041041354532701035e+01
1.985008270906540062e+01
1.896201654181307816e+01
1.800840330836261671e+01
1.715368066167252437e+01
1.651073613233450743e+01
1.659814722646690299e+01
1.659962944529338102e+01
1.688792588905867831e+01
1.755358517781173333e+01
1.863871703556234749e+01
1.975974340711247024e+01
2.033594868142249368e+01
2.057918973628449777e+01
2.022783794725690143e+01
1.979756758945138273e+01
1.945551351789027805e+01
1.902710270357805911e+01
1.902142054071561006e+01
2.004428410814312400e+01
2.062485682162862233e+01
2.054897136432572680e+01
2.027779427286514746e+01
2.016755885457303066e+01
2.008951177091460494e+01
1.941790235418292099e+01
1.835558047083658550e+01
1.743111609416731511e+01
1.674222321883346254e+01
1.634844464376669038e+01
1.664568892875333717e+01
1.717713778575066641e+01
1.841942755715013291e+01
2.073188551143002556e+01
2.331437710228600579e+01
2.530287542045720173e+01
2.626057508409144248e+01
2.567611501681829012e+01
2.486322300336365743e+01
2.504464460067273279e+01
2.527292892013454662e+01
2.504658578402690949e+01
2.435331715680538167e+01
2.411866343136107815e+01
2.388773268627221569e+01
2.300154653725444120e+01
2.221630930745088506e+01
2.167526186149017420e+01
2.137505237229803612e+01
2.048301047445960776e+01
1.924060209489191919e+01
1.804812041897838526e+01
1.722562408379567600e+01
1.682912481675913341e+01
1.698182496335182634e+01
1.742036499267036476e+01
1.842807299853407343e+01
2.062161459970681676e+01
2.336432291994136534e+01
2.548086458398827503e+01
2.640817291679765333e+01
2.650563458335953371e+01
2.588512691667190779e+01
2.591302538333438577e+01
2.595060507666687499e+01
2.551012101533337528e+01
2.471802420306667258e+01
2.439960484061333545e+01
2.410392096812266871e+01
2.332478419362453437e+01
2.246495683872490545e+01
2.209299136774498251e+01
2.185059827354899298e+01
2.093011965470979518e+01
1.961802393094195907e+01
1.866760478618839159e+01
1.781352095723767803e+01
1.729870419144753768e+01
1.753974083828950725e+01
1.790794816765789932e+01
1.891758963353158052e+01
2.115151792670631892e+01
2.385430358534126327e+01
2.616286071706825211e+01
2.708857214341364994e+01
2.712971442868273186e+01
2.640194288573654546e+01
2.658438857714730830e+01
2.670887771542945899e+01
2.636577554308589200e+01
2.551315510861718039e+01
2.500663102172343599e+01
2.469732620434468728e+01
2.379546524086893911e+01
2.287109304817379041e+01
2.259821860963475615e+01
2.239164372192695041e+01
2.171032874438538940e+01
2.034206574887707575e+01
1.926841314977541586e+01
1.841368262995508331e+01
1.797873652599101746e+01
1.816374730519820346e+01
1.848874946103964234e+01
1.947374989220792685e+01
2.144674997844158781e+01
2.410534999568831793e+01
2.623706999913766325e+01
2.737541399982753276e+01
2.748308279996550851e+01
2.669661655999310312e+01
2.670732331199862131e+01
2.666946466239972580e+01
2.595789293247994678e+01
2.514357858649599109e+01
2.487671571729919506e+01
2.454334314345983969e+01
2.341266862869196785e+01
2.267453372573839232e+01
2.271090674514767471e+01
2.266218134902953452e+01
2.198043626980590659e+01
2.062008725396118081e+01
1.936401745079223602e+01
1.848880349015844615e+01
1.805776069803168937e+01
1.814755213960633995e+01
1.839751042792126867e+01
1.935950208558425345e+01
2.155190041711685467e+01
2.419038008342337065e+01
2.615007601668467530e+01
2.719001520333693378e+01
2.735000304066738863e+01
2.687800060813347613e+01
2.718360012162669648e+01
2.730072002432534006e+01
2.673214400486507003e+01
2.570642880097301131e+01
2.526128576019460326e+01
2.509225715203892193e+01
2.419445143040778134e+01
2.385489028608155593e+01
2.296297805721631136e+01
2.338459561144325960e+01
2.290091912228865212e+01
2.135618382445773022e+01
2.004723676489154371e+01
1.923344735297830965e+01
1.861468947059566048e+01
1.864293789411913238e+01
1.877658757882382545e+01
1.925931751576476358e+01
2.063586350315295448e+01
2.259117270063058669e+01
2.450223454012611768e+01
2.577244690802522342e+01
2.617048938160504434e+01
2.574609787632100932e+01
2.622121957526420388e+01
2.598024391505284569e+01
2.535604878301056786e+01
2.506320975660211303e+01
2.522064195132042386e+01
2.499612839026408651e+01
2.414322567805281849e+01
2.342064513561056316e+01
2.318012902712211343e+01
2.312402580542442010e+01
2.228080516108488496e+01
2.097616103221697514e+01
1.980323220644339699e+01
1.886464644128867718e+01
1.831692928825773592e+01
1.823138585765154929e+01
1.817427717153030997e+01
1.820285543430606268e+01
1.880857108686121393e+01
2.008171421737224094e+01
2.125634284347444947e+01
2.200326856869489234e+01
2.240865371373897830e+01
2.227373074274779441e+01
2.199874614854955723e+01
2.135974922970991230e+01
2.077594984594198380e+01
2.061118996918839485e+01
2.173023799383767951e+01
2.265804759876753494e+01
2.298760951975350508e+01
2.289352190395070252e+01
2.317070438079013783e+01
2.337814087615802805e+01
2.207562817523160703e+01
2.095112563504632064e+01
1.991822512700926495e+01
1.919964502540185336e+01
1.844792900508037192e+01
1.842558580101607646e+01
1.882911716020321435e+01
1.971782343204064247e+01
2.111956468640812545e+01
2.340791293728162614e+01
8.793582587456324262e+00
5.838716517491264746e+00
8.863743303498251791e+00
1.518074866069965090e+01
2.067614973213992968e+01
2.248722994642798412e+01
2.281744598928559498e+01
2.283548919785712172e+01
2.236709783957142506e+01
2.354541956791428348e+01
2.366908391358285613e+01
2.276581678271656983e+01
2.245716335654331175e+01
2.315543267130865956e+01
2.178308653426173080e+01
2.020461730685234514e+01
1.900092346137046917e+01
1.813618469227409591e+01
1.761923693845481864e+01
1.780384738769096487e+01
1.803276947753819215e+01
1.915055389550763820e+01
2.135011077910152721e+01
2.415002215582030587e+01
2.625400443116406279e+01
2.742680088623281165e+01
2.770936017724656608e+01
2.728587203544931228e+01
2.741717440708986331e+01
2.726743488141797300e+01
2.654148697628359344e+01
2.582829739525671897e+01
2.564565947905134635e+01
2.512113189581026873e+01
2.397622637916205335e+01
2.309924527583240916e+01
2.283584905516648078e+01
2.270316981103329823e+01
2.167663396220666172e+01
2.020732679244133223e+01
1.890546535848826437e+01
1.802109307169765273e+01
1.760421861433952984e+01
1.764884372286790537e+01
1.788176874457358423e+01
1.900835374891471474e+01
2.125767074978294247e+01
2.385953414995659116e+01
2.639590682999131843e+01
2.780718136599826451e+01
2.759343627319965009e+01
2.684668725463993155e+01
2.685733745092798586e+01
2.676346749018559734e+01
2.635269349803711947e+01
2.589453869960742338e+01
2.622690773992148650e+01
2.580538154798429673e+01
2.480907630959685761e+01
2.458581526191937172e+01
2.470916305238387523e+01
2.496583261047677382e+01
2.056116652209535545e+01
1.888023330441907177e+01
1.809604666088381464e+01
1.765120933217676225e+01
1.756224186643535035e+01
1.778444837328706996e+01
1.837288967465741507e+01
1.880257793493148100e+01
2.025651558698629628e+01
2.338730311739725920e+01
2.600546062347945409e+01
2.731309212469589198e+01
2.766261842493917911e+01
2.654052368498783920e+01
2.655610473699756824e+01
2.623922094739951305e+01
2.554384418947990554e+01
2.510076883789598057e+01
2.505215376757919543e+01
2.453043075351583724e+01
2.360208615070316895e+01
2.273641723014063487e+01
2.213128344602812447e+01
2.171425668920562302e+01
2.091085133784112315e+01
1.962217026756822591e+01
1.840443405351364703e+01
1.734488681070272875e+01
1.695697736214054530e+01
1.715939547242810903e+01
1.765587909448562343e+01
1.880317581889712386e+01
2.099263516377942196e+01
2.378252703275588686e+01
2.590850540655117840e+01
2.698170108131023426e+01
2.762834021626204617e+01
2.634966804325241085e+01
2.586993360865048430e+01
2.557398672173009757e+01
2.507479734434602037e+01
2.447095946886920714e+01
2.495019189377384095e+01
2.485403837875476896e+01
2.409880767575095462e+01
2.283576153515019058e+01
2.211915230703004198e+01
2.158383046140600925e+01
2.080476609228119855e+01
1.955295321845623846e+01
1.851859064369124752e+01
1.768771812873825056e+01
1.716954362574765014e+01
1.730590872514952849e+01
1.738918174502990510e+01
1.815783634900598287e+01
1.985556726980119535e+01
2.199511345396023998e+01
2.391102269079204845e+01
2.534220453815841267e+01
2.502044090763168427e+01
2.423608818152633404e+01
2.411121763630526615e+01
2.407024352726105221e+01
2.375004870545221181e+01
2.315000974109044307e+01
2.355000194821808535e+01
2.381400038964361698e+01
2.314680007792872374e+01
2.216536001558574398e+01
2.144107200311714934e+01
2.097621440062342657e+01
2.046724288012468662e+01
1.936544857602493863e+01
1.829708971520499006e+01
1.745141794304099747e+01
1.693828358860820060e+01
1.702765671772164069e+01
1.701353134354432939e+01
1.728270626870886773e+01
1.802454125374177352e+01
1.910090825074835763e+01
2.030818165014967036e+01
2.116563633002993328e+01
2.072112726600598620e+01
2.034422545320119724e+01
2.008484509064023982e+01
1.985696901812804782e+01
1.953939380362561096e+01
2.005987876072512321e+01
2.055597575214502370e+01
2.186319515042900719e+01
2.170063903008579942e+01
2.149212780601715878e+01
2.126642556120343031e+01
2.110928511224068771e+01
2.052585702244813604e+01
1.931317140448962988e+01
1.817463428089792643e+01
1.744292685617958583e+01
1.700058537123591762e+01
1.724011707424718409e+01
1.768002341484943685e+01
1.883200468296988817e+01
2.108640093659397863e+01
2.381728018731879715e+01
2.597945603746375909e+01
2.720389120749275236e+01
2.667277824149854837e+01
2.591855564829971215e+01
2.595171112965994098e+01
2.588634222593199041e+01
2.556126844518639629e+01
2.489625368903728031e+01
2.499525073780745643e+01
2.489505014756149137e+01
2.404301002951229549e+01
2.313660200590245708e+01
2.265132040118049161e+01
2.239426408023609838e+01
2.164685281604722178e+01
2.028137056320944609e+01
1.896827411264188967e+01
1.806565482252837640e+01
1.758113096450567525e+01
1.782822619290113408e+01
1.820564523858022810e+01
1.936912904771604715e+01
2.157782580954321006e+01
2.433156516190864238e+01
2.657031303238172626e+01
2.797806260647634602e+01
2.799561252129527134e+01
2.729512250425905506e+01
2.733902450085181357e+01
2.692380490017036365e+01
2.632076098003407338e+01
2.564015219600681661e+01
2.595203043920136565e+01
2.591840608784027467e+01
2.523968121756805516e+01
2.432793624351361217e+01
2.397758724870272218e+01
2.377151744974054282e+01
2.276230348994810981e+01
2.128046069798962137e+01
1.996809213959792473e+01
1.901761842791958657e+01
1.847552368558391578e+01
1.851910473711678407e+01
1.879982094742335619e+01
1.975996418948466982e+01
2.183199283789693368e+01
2.452639856757938475e+01
2.682527971351587581e+01
2.811705594270317476e+01
2.820741118854063600e+01
2.750548223770812584e+01
2.769309644754162392e+01
2.782661928950832220e+01
2.728532385790166259e+01
2.641706477158033195e+01
2.641941295431606918e+01
2.638788259086321375e+01
2.560557651817264357e+01
2.456111530363452999e+01
2.384822306072690878e+01
2.339364461214538338e+01
2.227872892242907810e+01
2.086374578448581474e+01
1.965274915689716551e+01
1.877054983137943367e+01
1.827410996627588702e+01
1.848682199325517672e+01
1.876136439865103611e+01
1.984027287973020748e+01
2.193605457594604147e+01
2.466721091518920872e+01
2.696544218303784035e+01
2.822508843660756739e+01
2.834101768732151427e+01
2.777220353746429993e+01
2.802644070749285987e+01
2.799728814149857214e+01
2.738345762829971619e+01
2.647669152565994111e+01
2.654333830513198933e+01
2.602066766102640116e+01
2.467613353220528083e+01
2.350322670644105472e+01
2.248464534128821413e+01
2.228892906825764086e+01
2.173778581365152718e+01
2.045955716273030589e+01
1.925991143254606186e+01
1.829198228650921365e+01
1.789839645730184259e+01
1.809967929146036880e+01
1.829193585829207436e+01
1.916238717165841265e+01
2.114447743433168370e+01
2.362089548686633478e+01
2.563617909737326883e+01
2.717523581947465416e+01
2.769104716389492893e+01
2.719420943277898672e+01
2.734284188655579584e+01
2.726056837731115934e+01
2.677211367546222931e+01
2.610642273509244760e+01
2.629328454701849083e+01
2.607465690940369996e+01
2.527093138188073951e+01
2.433418627637614762e+01
2.397883725527523069e+01
2.359576745105504614e+01
2.283115349021100826e+01
2.143023069804220171e+01
2.027004613960843926e+01
1.919000922792168851e+01
1.860600184558433767e+01
1.870520036911687001e+01
1.890104007382337414e+01
1.946020801476467454e+01
2.078804160295293357e+01
2.270160832059058720e+01
2.474032166411812028e+01
2.588406433282362684e+01
2.587281286656472545e+01
2.535856257331294472e+01
2.539971251466258906e+01
2.520794250293251793e+01
2.463358850058650162e+01
2.415871770011730035e+01
2.457574354002345984e+01
2.474714870800469058e+01
2.436542974160093777e+01
2.369708594832018633e+01
2.337141718966403658e+01
2.298628343793280848e+01
2.282925668758656101e+01
2.137385133751731559e+01
2.017877026750346303e+01
1.925975405350069281e+01
1.866795081070013751e+01
1.868559016214002710e+01
1.865711803242800571e+01
1.852342360648560060e+01
1.893668472129711944e+01
1.995533694425942528e+01
2.071906738885188659e+01
2.104781347777037581e+01
2.119356269555407479e+01
2.105471253911081320e+01
2.113894250782216133e+01
2.109978850156443286e+01
2.080395770031288549e+01
2.059279154006257428e+01
2.179055830801251403e+01
2.247811166160250451e+01
2.268762233232050107e+01
2.268152446646410070e+01
2.267230489329282150e+01
2.287046097865856353e+01
2.183009219573171222e+01
2.047001843914634023e+01
1.922200368782926816e+01
1.839640073756585537e+01
1.797528014751317116e+01
1.815505602950263508e+01
1.823101120590052915e+01
1.899820224118010614e+01
2.087964044823602094e+01
2.362392808964720459e+01
2.562878561792943799e+01
2.670175712358588527e+01
2.684435142471717839e+01
2.634487028494343264e+01
2.683697405698868721e+01
2.712739481139773901e+01
2.687347896227954891e+01
2.638269579245591245e+01
2.638053915849118169e+01
2.585210783169823401e+01
2.461042156633964595e+01
2.367408431326792950e+01
2.297481686265358647e+01
2.235496337253071886e+01
2.159899267450614246e+01
2.039979853490122963e+01
1.925595970698024573e+01
1.817119194139604943e+01
1.741823838827921023e+01
1.749964767765584028e+01
1.759592953553116956e+01
1.863118590710623579e+01
2.047023718142124693e+01
2.294204743628424836e+01
2.518840948725684825e+01
2.644568189745136877e+01
2.648913637949027589e+01
2.606582727589805515e+01
2.625316545517961231e+01
2.637063309103592346e+01
2.600212661820718552e+01
2.541642532364143747e+01
2.547528506472828624e+01
2.520705701294565770e+01
2.450541140258912876e+01
2.366108228051782447e+01
2.315621645610356794e+01
2.280724329122071126e+01
2.185744865824414518e+01
2.050748973164883182e+01
1.922949794632976506e+01
1.817389958926595384e+01
1.769877991785319082e+01
1.777175598357063535e+01
1.796235119671412761e+01
1.903247023934282467e+01
2.085449404786856320e+01
2.349089880957371079e+01
2.599417976191474366e+01
2.700683595238294998e+01
2.728936719047658954e+01
2.666587343809531774e+01
2.680517468761906485e+01
2.690503493752381203e+01
2.647700698750476533e+01
2.575140139750095614e+01
2.569428027950019100e+01
2.533885605590003820e+01
2.462777121118000778e+01
2.378955424223600090e+01
2.314991084844719893e+01
2.288598216968943788e+01
2.196919643393788490e+01
2.056983928678757323e+01
1.930596785735751553e+01
1.822919357147150521e+01
1.766183871429430141e+01
1.775636774285886332e+01
1.810327354857177440e+01
1.916465470971435536e+01
2.120893094194287087e+01
2.380978618838857486e+01
2.600995723767771395e+01
2.705799144753554231e+01
2.709959828950711014e+01
2.658791965790142342e+01
2.664558393158028693e+01
2.666511678631605875e+01
2.629302335726321260e+01
2.572260467145263974e+01
2.586452093429052468e+01
2.554890418685810616e+01
2.478978083737162308e+01
2.395795616747432177e+01
2.362359123349486367e+01
2.346871824669896966e+01
2.243774364933979371e+01
2.102354872986795797e+01
1.967670974597359290e+01
1.859134194919471739e+01
1.775826838983894262e+01
1.781565367796778787e+01
1.795513073559355632e+01
1.906302614711871257e+01
2.078860522942374089e+01
2.304572104588474701e+01
2.505714420917694696e+01
2.604342884183538942e+01
2.613668576836707658e+01
2.562733715367341603e+01
2.571746743073467911e+01
2.569549348614693685e+01
2.545109869722938711e+01
2.500221973944587717e+01
2.528044394788917515e+01
2.512808878957783776e+01
2.425761775791556474e+01
2.321952355158311576e+01
2.261190471031662241e+01
2.234638094206332681e+01
2.157327618841266315e+01
2.029065523768252888e+01
1.905013104753650310e+01
1.799402620950730025e+01
1.747080524190145923e+01
1.744616104838029358e+01
1.774523220967605752e+01
1.836504644193521329e+01
1.992100928838704377e+01
2.205620185767740793e+01
2.395524037153548136e+01
2.499904807430709752e+01
2.500780961486142218e+01
2.448156192297228628e+01
2.453631238459445640e+01
2.473926247691889202e+01
2.470785249538377926e+01
2.429357049907675759e+01
2.464271409981535399e+01
2.458454281996307245e+01
2.386090856399261284e+01
2.280418171279852046e+01
2.200083634255970466e+01
2.159216726851193968e+01
2.071043345370238598e+01
1.945408669074047836e+01
1.800281733814809826e+01
1.705656346762961917e+01
1.722731269352592420e+01
1.728546253870518612e+01
1.721709250774103594e+01
1.757941850154820784e+01
1.796388370030964055e+01
1.922477674006192672e+01
1.999695534801238495e+01
2.075939106960247926e+01
2.087187821392049258e+01
2.065437564278409610e+01
2.042687512855682286e+01
2.034937502571136392e+01
1.999787500514227290e+01
1.980757500102845370e+01
2.072951500020569071e+01
2.138590300004113942e+01
2.167718060000822788e+01
2.141543612000164742e+01
2.118708722400032940e+01
2.102941744480006392e+01
2.032588348896001307e+01
1.913717669779200392e+01
1.795543533955839877e+01
1.715908706791168115e+01
1.683181741358233552e+01
1.708636348271646455e+01
1.752127269654329211e+01
1.866425453930865785e+01
2.092485090786173174e+01
2.369697018157234680e+01
2.591539403631447058e+01
2.695907880726289108e+01
2.699981576145258089e+01
2.640796315229051672e+01
2.659359263045810451e+01
2.681471852609162099e+01
2.655494370521832437e+01
2.601498874104366621e+01
2.621099774820873307e+01
2.603419954964174821e+01
2.503883990992834896e+01
2.403976798198566911e+01
2.339195359639713345e+01
2.287039071927942757e+01
2.183007814385588574e+01
2.035801562877117732e+01
1.900760312575423683e+01
1.808152062515084779e+01
1.767230412503016979e+01
1.792646082500603200e+01
1.825729216500120700e+01
1.925145843300024140e+01
2.127429168660005132e+01
2.389485833732000941e+01
2.585097166746400177e+01
2.696219433349279981e+01
2.717643886669856101e+01
2.653928777333970856e+01
2.664385755466794237e+01
2.676877151093358975e+01
2.636175430218671778e+01
2.600835086043734634e+01
2.622567017208746876e+01
2.601313403441749372e+01
2.532262680688349832e+01
2.366452536137670037e+01
2.282890507227534016e+01
2.231778101445506834e+01
2.177555620289101412e+01
2.046711124057820541e+01
1.918142224811564134e+01
1.806028444962312918e+01
1.766005688992462552e+01
1.787601137798492701e+01
1.821520227559698668e+01
1.934704045511939796e+01
2.135740809102387772e+01
2.388748161820477378e+01
2.584949632364095606e+01
2.678589926472819016e+01
2.708517985294563957e+01
2.634503597058912661e+01
2.632500719411782342e+01
2.646500143882356682e+01
2.619700028776471257e+01
2.574340005755294314e+01
2.580468001151059099e+01
2.556093600230212104e+01
2.476018720046042176e+01
2.381603744009208512e+01
2.313120748801841842e+01
2.274624149760368397e+01
2.161324829952073401e+01
2.032264965990414396e+01
1.880052993198082945e+01
1.793610598639616427e+01
1.741922119727923146e+01
1.762784423945584678e+01
1.818156884789117100e+01
1.914831376957823394e+01
2.090166275391564454e+01
2.362033255078312877e+01
2.646006651015662925e+01
2.708401330203132673e+01
2.671280266040626827e+01
2.522256053208125337e+01
2.557251210641625150e+01
2.593050242128325067e+01
2.614610048425664957e+01
2.587722009685132818e+01
2.573544401937026649e+01
2.553908880387405134e+01
2.446781776077480686e+01
2.323756355215495972e+01
2.221551271043099263e+01
2.170710254208619716e+01
2.064542050841723864e+01
1.935308410168345006e+01
1.826261682033668876e+01
1.737252336406733733e+01
1.706650467281346550e+01
1.728530093456269157e+01
1.756106018691253823e+01
1.853621203738250856e+01
2.061924240747650217e+01
2.302784848149529751e+01
2.501356969629905791e+01
2.616271393925980959e+01
2.611254278785196448e+01
2.562250855757039503e+01
2.574850171151408063e+01
2.580570034230281706e+01
2.531314006846056230e+01
2.536662801369211451e+01
2.555332560273842546e+01
2.508666512054768205e+01
2.427333302410953664e+01
2.307066660482190912e+01
2.215013332096438248e+01
2.149402666419287655e+01
2.066680533283857812e+01
1.933336106656771491e+01
1.807467221331354423e+01
1.730293444266271052e+01
1.688458688853254230e+01
1.712091737770650823e+01
1.737618347554130338e+01
1.817923669510826201e+01
1.961984733902165345e+01
2.169196946780433066e+01
2.375439389356086650e+01
2.469487877871217307e+01
2.477897575574243660e+01
2.421179515114848613e+01
2.439435903022970109e+01
2.473487180604594116e+01
2.473097436120918857e+01
2.460219487224183865e+01
2.520843897444836657e+01
2.489768779488967354e+01
2.414753755897793752e+01
2.313350751179558529e+01
2.209070150235911356e+01
2.144214030047182362e+01
2.069642806009436597e+01
1.942728561201887061e+01
1.835745712240377259e+01
1.750349142448075312e+01
1.704469828489614969e+01
1.736893965697922937e+01
1.752178793139584556e+01
1.765635758627917085e+01
1.837927151725583386e+01
1.943585430345116549e+01
2.051117086069023543e+01
2.114223417213804979e+01
2.127644683442760609e+01
2.107128936688551946e+01
2.105425787337710375e+01
2.095485157467541981e+01
2.073497031493508302e+01
2.073899406298701464e+01
2.177979881259740225e+01
2.241995976251947909e+01
2.261199195250389593e+01
2.197039839050077958e+01
2.168207967810015546e+01
2.120041593562002902e+01
2.040808318712400649e+01
1.917761663742480138e+01
1.809152332748496050e+01
1.733030466549699256e+01
1.695406093309939877e+01
1.714281218661988149e+01
1.777256243732397678e+01
1.872251248746479746e+01
2.075250249749296216e+01
2.335850049949859297e+01
2.533570009989971794e+01
2.631514001997994256e+01
2.647102800399598976e+01
2.586220560079920006e+01
2.581244112015983916e+01
2.595448822403196942e+01
2.583889764480639428e+01
2.538377952896127709e+01
2.564475590579225539e+01
2.515295118115844986e+01
2.403859023623169122e+01
2.383971804724633614e+01
2.205594360944926535e+01
2.102718872188984989e+01
2.029343774437796810e+01
1.913068754887559209e+01
1.800213750977511751e+01
1.711242750195502182e+01
1.672648550039100357e+01
1.703329710007820097e+01
1.751065942001563869e+01
1.859813188400313066e+01
2.055962637680062599e+01
2.303192527536012335e+01
2.485438505507202578e+01
2.567487701101440578e+01
2.564697540220288019e+01
2.502539508044057470e+01
2.505307901608811605e+01
2.486661580321762344e+01
2.486932316064352477e+01
2.478186463212870905e+01
2.527637292642573996e+01
2.502327458528515081e+01
2.435665491705703189e+01
2.291133098341140695e+01
2.122226619668228054e+01
2.022045323933645378e+01
1.947609064786729149e+01
1.827121812957345526e+01
1.723024362591469227e+01
1.646204872518293882e+01
1.613240974503658975e+01
1.636248194900732145e+01
1.685649638980146392e+01
1.784329927796029480e+01
1.987265985559205816e+01
2.224653197111841152e+01
2.410530639422368182e+01
2.497306127884473526e+01
2.483461225576894904e+01
2.427092245115379043e+01
2.426218449023075863e+01
2.430043689804615070e+01
2.422008737960922886e+01
2.410801747592184441e+01
2.466960349518436857e+01
2.420592069903687360e+01
2.304118413980737401e+01
2.180823682796147267e+01
2.056164736559229311e+01
1.942432947311845837e+01
1.833286589462369065e+01
1.720257317892473736e+01
1.628051463578494662e+01
1.559210292715698998e+01
1.533442058543139908e+01
1.572288411708628075e+01
1.627257682341725697e+01
1.737451536468345026e+01
1.937890307293669068e+01
2.175578061458734069e+01
2.358315612291746532e+01
2.451663122458349164e+01
2.467932624491669813e+01
2.413586524898334318e+01
2.412317304979666943e+01
2.424863460995933551e+01
2.422572692199186761e+01
2.404514538439837423e+01
2.454502907687967905e+01
2.418100581537593641e+01
2.329220116307518396e+01
2.229844023261503594e+01
2.104368804652300540e+01
1.928073760930460168e+01
1.837614752186091849e+01
1.717922950437218077e+01
1.618784590087443576e+01
1.554156918017488920e+01
1.531631383603497731e+01
1.583926276720699633e+01
1.643185255344139861e+01
1.756637051068828015e+01
1.952127410213765657e+01
2.200825482042753123e+01
2.400165096408550625e+01
2.516833019281710193e+01
2.552966603856341976e+01
2.510593320771268111e+01
2.504518664154253571e+01
2.492103732830850760e+01
2.432820746566170200e+01
2.376164149313234120e+01
2.425632829862646744e+01
2.400326565972529380e+01
2.340065313194505947e+01
2.272013062638901459e+01
2.159202612527780119e+01
2.047840522505556038e+01
1.955168104501111159e+01
1.835033620900222218e+01
1.731806724180044199e+01
1.653561344836008828e+01
1.627512268967201692e+01
1.687902453793440571e+01
1.748780490758688089e+01
1.804156098151737453e+01
1.882431219630347385e+01
1.978886243926069355e+01
2.065377248785213737e+01
2.102675449757042614e+01
2.102935089951408543e+01
2.085387017990281677e+01
2.079477403598056640e+01
2.063095480719611174e+01
2.032619096143922022e+01
2.057723819228784379e+01
2.259544763845756776e+01
2.313508952769151250e+01
2.281101790553830355e+01
2.224220358110766327e+01
2.176044071622153098e+01
2.142408814324430466e+01
2.051681762864885883e+01
1.934336352572977091e+01
1.818867270514595447e+01
1.736573454102919101e+01
1.698514690820583795e+01
1.719702938164116901e+01
1.727940587632823366e+01
1.728788117526564605e+01
1.780957623505312881e+01
1.870591524701062625e+01
1.956518304940212616e+01
2.008103660988042805e+01
2.020820732197608294e+01
2.022564146439521693e+01
2.020512829287904211e+01
2.001702565857580751e+01
1.964340513171516278e+01
1.959268102634302977e+01
2.112653620526860720e+01
2.178530724105371874e+01
2.175706144821074517e+01
2.166341228964214949e+01
2.131668245792842953e+01
2.101533649158568551e+01
2.029906729831713719e+01
1.917181345966342931e+01
1.813836269193268436e+01
1.733967253838653733e+01
1.715593450767730843e+01
1.737518690153546075e+01
1.752303738030709113e+01
1.784860747606141729e+01
1.858572149521228312e+01
1.968514429904245588e+01
2.091302885980848814e+01
2.143060577196169803e+01
2.134212115439233770e+01
2.102042423087846856e+01
2.098808484617569547e+01
2.106961696923513827e+01
2.074992339384702689e+01
2.070998467876940197e+01
2.194999693575388378e+01
2.252599938715077954e+01
2.272119987743015557e+01
2.225623997548602873e+01
2.156324799509720691e+01
2.139264959901944252e+01
2.082252991980388757e+01
1.960450598396077737e+01
1.856890119679215445e+01
1.766578023935843333e+01
1.738915604787168689e+01
1.762183120957433857e+01
1.810836624191486877e+01
1.886167324838297432e+01
2.058033464967659754e+01
2.301206692993531888e+01
2.517041338598706446e+01
2.641008267719741198e+01
2.663401653543948555e+01
2.618280330708789805e+01
2.633256066141758112e+01
2.641851213228351725e+01
2.602770242645670251e+01
2.529354048529134147e+01
2.554670809705826784e+01
2.527734161941165425e+01
2.443946832388233048e+01
2.359189366477646388e+01
2.299037873295529266e+01
2.241407574659105606e+01
2.161081514931820990e+01
2.041016302986364295e+01
1.926603260597272893e+01
1.840520652119454681e+01
1.792104130423891206e+01
1.813620826084778415e+01
1.832324165216955691e+01
1.912064833043391232e+01
2.095212966608678329e+01
2.344642593321735546e+01
2.556928518664347294e+01
2.666585703732869561e+01
2.697317140746573827e+01
2.636263428149315047e+01
2.653652685629862873e+01
2.651530537125972842e+01
2.616706107425194716e+01
2.568941221485039250e+01
2.594588244297008117e+01
2.552517648859401689e+01
2.460903529771880471e+01
2.369780705954375932e+01
2.297156141190875189e+01
2.248231228238175206e+01
2.165646245647634771e+01
2.034729249129527062e+01
1.905345849825905447e+01
1.816269169965181263e+01
1.776853833993036602e+01
1.810570766798607423e+01
1.849314153359721402e+01
1.949862830671944280e+01
2.143572566134388779e+01
2.393514513226877582e+01
2.606702902645375630e+01
2.718140580529075478e+01
2.730028116105815172e+01
2.664405623221163211e+01
2.656081124644232361e+01
2.652016224928846455e+01
2.596803244985769510e+01
2.526560648997153891e+01
2.551712129799430429e+01
2.499942425959886094e+01
2.388788485191977173e+01
2.300157697038395455e+01
2.178431539407679196e+01
2.106886307881535814e+01
2.026977261576307043e+01
1.912595452315261468e+01
1.804919090463052456e+01
1.731383818092610483e+01
1.694276763618522352e+01
1.732455352723704678e+01
1.775291070544740890e+01
1.874258214108948195e+01
2.067651642821789792e+01
2.315130328564357853e+01
2.535026065712871457e+01
2.641405213142574127e+01
2.660281042628514570e+01
2.588856208525702840e+01
2.590571241705140437e+01
2.582114248341028073e+01
2.534822849668205436e+01
2.485364569933641121e+01
2.515472913986728187e+01
2.483894582797345763e+01
2.355178916559469116e+01
2.233435783311893985e+01
2.136287156662378806e+01
2.068857431332475727e+01
1.984171486266495066e+01
1.869634297253298882e+01
1.762726859450659589e+01
1.684545371890131804e+01
1.654509074378026412e+01
1.697301814875605075e+01
1.735460362975121029e+01
1.803892072595024132e+01
1.953578414519004980e+01
2.167515682903800922e+01
2.355903136580760560e+01
2.464780627316152462e+01
2.471356125463230669e+01
2.391871225092646114e+01
2.395974245018528848e+01
2.419994849003705895e+01
2.390398969800741114e+01
2.307679793960148373e+01
2.420735958792029408e+01
2.416947191758406177e+01
2.326589438351680883e+01
2.205317887670336319e+01
2.097063577534067136e+01
2.022612715506813430e+01
1.946922543101362635e+01
1.842984508620272521e+01
1.745396901724054572e+01
1.673879380344810741e+01
1.641975876068962137e+01
1.666795175213792390e+01
1.690159035042758617e+01
1.720431807008551672e+01
1.797686361401710542e+01
1.899537272280342037e+01
2.004707454456068305e+01
2.082541490891213343e+01
2.096508298178242669e+01
2.064101659635648645e+01
2.049620331927129868e+01
2.027524066385425527e+01
1.991904813277085040e+01
1.977580962655417096e+01
2.065116192531083428e+01
2.153823238506216597e+01
2.167564647701243530e+01
2.122312929540248660e+01
2.065262585908049786e+01
2.015452517181610048e+01
1.915090503436321967e+01
1.807018100687264450e+01
1.707803620137452683e+01
1.640760724027490269e+01
1.616152144805498381e+01
1.650430428961099594e+01
1.697286085792219978e+01
1.809057217158444075e+01
2.018611443431688812e+01
2.279722288686337706e+01
2.496744457737267453e+01
2.606548891547453550e+01
2.594109778309490721e+01
2.489221955661898278e+01
2.449044391132379417e+01
2.435408878226476048e+01
2.399881775645295079e+01
2.361576355129058769e+01
2.411515271025811558e+01
2.387103054205162067e+01
2.307020610841032493e+01
2.167004122168206592e+01
2.046200824433641330e+01
1.974040164886728022e+01
1.866808032977345277e+01
1.761361606595469098e+01
1.671472321319093624e+01
1.601494464263818784e+01
1.581098892852763704e+01
1.633019778570552916e+01
1.703403955714110651e+01
1.807880791142822119e+01
2.006376158228564321e+01
2.250875231645713015e+01
2.441375046329142862e+01
2.538675009265828564e+01
2.547735001853165926e+01
2.480747000370633515e+01
2.480149400074126831e+01
2.471229880014825397e+01
2.443045976002964892e+01
2.423809195200593081e+01
2.473561839040118571e+01
2.456312367808023467e+01
2.344062473561604776e+01
2.176812494712321211e+01
2.096162498942464225e+01
2.000832499788492669e+01
1.906566499957698468e+01
1.794913299991539901e+01
1.702182659998307912e+01
1.643636531999661443e+01
1.619927306399932121e+01
1.655985461279986382e+01
1.720797092255997285e+01
1.850559418451199534e+01
2.064511883690239813e+01
2.320102376738047667e+01
2.520820475347609602e+01
2.612964095069521875e+01
2.609792819013904364e+01
2.536358563802781063e+01
2.540071712760556366e+01
2.527214342552111148e+01
2.475042868510422167e+01
2.464608573702084371e+01
2.509721714740416942e+01
2.471544342948083539e+01
2.369508868589616668e+01
2.237101773717923336e+01
2.121820354743584502e+01
2.023564070948716775e+01
1.918312814189743420e+01
1.804462562837948880e+01
1.712092512567589608e+01
1.639218502513518061e+01
1.617443700502703763e+01
1.664288740100540664e+01
1.710457748020107971e+01
1.834091549604021409e+01
2.058018309920804612e+01
2.309203661984160760e+01
2.495440732396832217e+01
2.571888146479366455e+01
2.560777629295873226e+01
2.486555525859174409e+01
2.477311105171834882e+01
2.483462221034367090e+01
2.467092444206873481e+01
2.449418488841374852e+01
2.495483697768274922e+01
2.471096739553654942e+01
2.354219347910731130e+01
2.232443869582145979e+01
2.101688773916429298e+01
1.997937754783285769e+01
1.898787550956657100e+01
1.773357510191331698e+01
1.679471502038266095e+01
1.621494300407653455e+01
1.602698860081530796e+01
1.648539772016306060e+01
1.690507954403261337e+01
1.818101590880652196e+01
2.038020318176130274e+01
2.290004063635226217e+01
2.471600812727045593e+01
2.565520162545409377e+01
2.571504032509082194e+01
2.491100806501816578e+01
2.475820161300363154e+01
2.471964032260072486e+01
2.451192806452014494e+01
2.436638561290402549e+01
2.477727712258080572e+01
2.426745542451616089e+01
2.303749108490323039e+01
2.163149821698064557e+01
2.023829964339612886e+01
1.919965992867922466e+01
1.843193198573584368e+01
1.742238639714717152e+01
1.645247727942943428e+01
1.589849545588588597e+01
1.570769909117717589e+01
1.614953981823543572e+01
1.655790796364708939e+01
1.739158159272941973e+01
1.888631631854588377e+01
2.089726326370917775e+01
2.253945265274183285e+01
2.329989053054836390e+01
2.329197810610967423e+01
2.259439562122193834e+01
2.254287912424438645e+01
2.232457582484887482e+01
2.216891516496977488e+01
2.255378303299395526e+01
2.356675660659879057e+01
2.368135132131975595e+01
2.306427026426394988e+01
2.206085405285278966e+01
2.098017081057055933e+01
2.019603416211410973e+01
1.919920683242282067e+01
1.811184136648456189e+01
1.723036827329691434e+01
1.647807365465938290e+01
1.623161473093187723e+01
1.663032294618637508e+01
1.681406458923727243e+01
1.727481291784745565e+01
1.819096258356949392e+01
1.942219251671389912e+01
2.041243850334278065e+01
2.094648770066855548e+01
2.099729754013371519e+01
2.063945950802674290e+01
2.027189190160535048e+01
2.001437838032106953e+01
1.977087567606421459e+01
1.969017513521284357e+01
2.076203502704256820e+01
2.124840700540851302e+01
2.117768140108170272e+01
2.085153628021634020e+01
2.029030725604326690e+01
1.977006145120865455e+01
1.901801229024172812e+01
1.793960245804834841e+01
1.709192049160967031e+01
1.641838409832193335e+01
1.621967681966438590e+01
1.669193536393287758e+01
1.738638707278657591e+01
1.834127741455731453e+01
2.013225548291146083e+01
2.253045109658229350e+01
2.449009021931646046e+01
2.557801804386329536e+01
2.568360360877266046e+01
2.496872072175453283e+01
2.502574414435090588e+01
2.494914882887018237e+01
2.464582976577403883e+01
2.446516595315480913e+01
2.499703319063095819e+01
2.483940663812619221e+01
2.436788132762524128e+01
2.261757626552504519e+01
2.227551525310500935e+01
2.103910305062100150e+01
2.031982061012420004e+01
1.910396412202484129e+01
1.805279282440496758e+01
1.732255856488099255e+01
1.708051171297619675e+01
1.756010234259523983e+01
1.816802046851904606e+01
1.928960409370380802e+01
2.146592081874076285e+01
2.414118416374815013e+01
2.629223683274962653e+01
2.732244736654992323e+01
2.748048947330998715e+01
2.684809789466200058e+01
2.689761957893239952e+01
2.697152391578647723e+01
2.669030478315729837e+01
2.613006095663146056e+01
2.627401219132629251e+01
2.571880243826525714e+01
2.459176048765305111e+01
2.338235209753060673e+01
2.218847041950612109e+01
2.145369408390122601e+01
2.078673881678024671e+01
1.998934776335605079e+01
1.911786955267120902e+01
1.793557391053424155e+01
1.758711478210684831e+01
1.792542295642137162e+01
1.856108459128427413e+01
1.961621691825685332e+01
2.166724338365136759e+01
2.449344867673027437e+01
2.660268973534605408e+01
2.724053794706921039e+01
2.705610758941384475e+01
2.638722151788276804e+01
2.638144430357655068e+01
2.653228886071530823e+01
2.645045777214306071e+01
2.613009155442861342e+01
2.633801831088572243e+01
2.564360366217714571e+01
2.425672073243542926e+01
2.301134414648708315e+01
2.190626882929741370e+01
2.117325376585947794e+01
2.014665075317189746e+01
1.880533015063437929e+01
1.772106603012687742e+01
1.688821320602537668e+01
1.649764264120507562e+01
1.689952852824101726e+01
1.747590570564820567e+01
1.877518114112964298e+01
2.074703622822593019e+01
2.315740724564518871e+01
2.516748144912903840e+01
2.596149628982580637e+01
2.597629925796516304e+01
2.534725985159303363e+01
2.531745197031860783e+01
2.531949039406372037e+01
2.516789807881274044e+01
2.471357961576255136e+01
2.495071592315251152e+01
2.450214318463050134e+01
2.358042863692610069e+01
2.213208572738522051e+01
2.173841714547704385e+01
1.992368342909540857e+01
1.922473668581908157e+01
1.802894733716381737e+01
1.710978946743276197e+01
1.640595789348655487e+01
1.608119157869731097e+01
1.650423831573946032e+01
1.720484766314789127e+01
1.835296953262957942e+01
2.048659390652591483e+01
2.291331878130517907e+01
2.495066375626103650e+01
2.583813275125220343e+01
2.581562655025043895e+01
2.491512531005009023e+01
2.456702506201002123e+01
2.475340501240200553e+01
2.462268100248040170e+01
2.430053620049607943e+01
2.443610724009921498e+01
2.405522144801984297e+01
2.310704428960396939e+01
2.204540885792079763e+01
2.084908177158416009e+01
1.980981635431682975e+01
1.865796327086336603e+01
1.751559265417267142e+01
1.655111853083453255e+01
1.585422370616690557e+01
1.570684474123338248e+01
1.610936894824667576e+01
1.672587378964933436e+01
1.757717475792986406e+01
1.915543495158597409e+01
2.133508699031719402e+01
2.326701739806343738e+01
2.415740347961268952e+01
2.433548069592253782e+01
2.344309613918450808e+01
2.333661922783689846e+01
2.356332384556737836e+01
2.353666476911347516e+01
2.334733295382269347e+01
2.377346659076453506e+01
2.353069331815290610e+01
2.277013866363057915e+01
2.152202773272611580e+01
2.040040554654522253e+01
1.953608110930904473e+01
1.854721622186180952e+01
1.754144324437236335e+01
1.666028864887447369e+01
1.598005772977489514e+01
1.570001154595497894e+01
1.611600230919099275e+01
1.639920046183819835e+01
1.666384009236763930e+01
1.734876801847352823e+01
1.836575360369470644e+01
1.936115072073894083e+01
1.992023014414778714e+01
1.995204602882955669e+01
1.947840920576591017e+01
1.912768184115317993e+01
1.890553636823063499e+01
1.877310727364612575e+01
1.901862145472922450e+01
2.008372429094584533e+01
2.042474485818916818e+01
2.030094897163783330e+01
1.983618979432756646e+01
1.918323795886551153e+01
1.856464759177310242e+01
1.766492951835462222e+01
1.681298590367092416e+01
1.600259718073418469e+01
1.537651943614683780e+01
1.515530388722936728e+01
1.554306077744587355e+01
1.625261215548917448e+01
1.758652243109783697e+01
1.976530448621956637e+01
2.218506089724391117e+01
2.410901217944878283e+01
2.505380243588975375e+01
2.517876048717795356e+01
2.433975209743559276e+01
2.421995041948711958e+01
2.429199008389742431e+01
2.421039801677948589e+01
2.403407960335589522e+01
2.435881592067118007e+01
2.381576318413423365e+01
2.263515263682684520e+01
2.171103052736537009e+01
2.028620610547307379e+01
1.941724122109461348e+01
1.841144824421892423e+01
1.736228964884378456e+01
1.646445792976875566e+01
1.574889158595375172e+01
1.555777831719075088e+01
1.597555566343814881e+01
1.650711113268762986e+01
1.763742222653752734e+01
1.989548444530750615e+01
2.222709688906149950e+01
2.414141937781230141e+01
2.481228387556246062e+01
2.480245677511249625e+01
2.414449135502249888e+01
2.423689827100449889e+01
2.453537965420090217e+01
2.439507593084017856e+01
2.400701518616803298e+01
2.423340303723360734e+01
2.383868060744672235e+01
2.287173612148934154e+01
2.173434722429786703e+01
2.066686944485957156e+01
1.986137388897191514e+01
1.878827477779438482e+01
1.764565495555887509e+01
1.680913099111177544e+01
1.612182619822235452e+01
1.594436523964447083e+01
1.634887304792889395e+01
1.710977460958578078e+01
1.830995492191715357e+01
2.051799098438343094e+01
2.287159819687668616e+01
2.484631963937533783e+01
2.574526392787506524e+01
2.570905278557501461e+01
2.523781055711500443e+01
2.520756211142300174e+01
2.525751242228459859e+01
2.506750248445692009e+01
2.493350049689138359e+01
2.505070009937827535e+01
2.445014001987565422e+01
2.344202800397513187e+01
2.236040560079502626e+01
2.140008112015900466e+01
2.053601622403180116e+01
1.973120324480636256e+01
1.858624064896127237e+01
1.766924812979225479e+01
1.706184962595845178e+01
1.680436992519168982e+01
1.720087398503833853e+01
1.787217479700766631e+01
1.912643495940153571e+01
2.129728699188030561e+01
2.381145739837606357e+01
2.580229147967521541e+01
2.673645829593504430e+01
2.661129165918700679e+01
2.570625833183740028e+01
2.543725166636748014e+01
2.559945033327349506e+01
2.551989006665469972e+01
2.544797801333093901e+01
2.556159560266618769e+01
2.507231912053323697e+01
2.431046382410664819e+01
2.329409276482132896e+01
2.233081855296426710e+01
2.165016371059285305e+01
2.029803274211857200e+01
1.903560654842371136e+01
1.795912130968474330e+01
1.719982426193694991e+01
1.692796485238739024e+01
1.728159297047747955e+01
1.787231859409549628e+01
1.907046371881910218e+01
2.115009274376382109e+01
2.349401854875276285e+01
2.513080370975055189e+01
2.561816074195010629e+01
2.552363214839002126e+01
2.439272642967800309e+01
2.382254528593559684e+01
2.371650905718712110e+01
2.370330181143742365e+01
2.358066036228748175e+01
2.413213207245749459e+01
2.398642641449149693e+01
2.300528528289829922e+01
2.192105705657965942e+01
2.087221141131593072e+01
2.007844228226318606e+01
1.873568845645263536e+01
1.762713769129052821e+01
1.679742753825810553e+01
1.617548550765162219e+01
1.609109710153032680e+01
1.644221942030606698e+01
1.681644388406121493e+01
1.779528877681224230e+01
1.928705775536245071e+01
2.157741155107248687e+01
2.310748231021449328e+01
2.419749646204289917e+01
2.410349929240857847e+01
2.321269985848171302e+01
2.264253997169634047e+01
2.276050799433926741e+01
2.280010159886785459e+01
2.302402031977356955e+01
2.382080406395471428e+01
2.379616081279094075e+01
2.243923216255819142e+01
2.110384643251163794e+01
1.994076928650232361e+01
1.882815385730046387e+01
1.777363077146009473e+01
1.689872615429202085e+01
1.612374523085840394e+01
1.551274904617168104e+01
1.546254980923433564e+01
1.580450996184686829e+01
1.623290199236937426e+01
1.667858039847387630e+01
1.763971607969477517e+01
1.860794321593895617e+01
1.938558864318779129e+01
1.976511772863755567e+01
1.980902354572751278e+01
1.932180470914549986e+01
1.859236094182909937e+01
1.802247218836581766e+01
1.771649443767316612e+01
1.786329888753463280e+01
1.889265977750692471e+01
1.923453195550138517e+01
1.911890639110027479e+01
1.883978127822005533e+01
1.812795625564400837e+01
1.748959125112880031e+01
1.646591825022576216e+01
1.566118365004515312e+01
1.485223673000903055e+01
1.444244734600180635e+01
1.449648946920036074e+01
1.501929789384007208e+01
1.578785957876801405e+01
1.712557191575360349e+01
1.964111438315072178e+01
2.188022287663014609e+01
2.324004457532602785e+01
2.388000891506520418e+01
2.364000178301304089e+01
2.351200035660260923e+01
2.278240007132052369e+01
2.251648001426410417e+01
2.236729600285282160e+01
2.237745920057056281e+01
2.237949184011411319e+01
2.278789836802282309e+01
2.117357967360456428e+01
1.986671593472091146e+01
1.862934318694418323e+01
1.755786863738883596e+01
1.631957372747776702e+01
1.538391474549555404e+01
1.479678294909911074e+01
1.445535658981982152e+01
1.437107131796396331e+01
1.488221426359279320e+01
1.556844285271855810e+01
1.716968857054371256e+01
1.972993771410874331e+01
2.195398754282174991e+01
2.387879750856434669e+01
2.437575950171287076e+01
2.420315190034257569e+01
2.344863038006851497e+01
2.333772607601370197e+01
2.325954521520273843e+01
2.310790904304054649e+01
2.296558180860811049e+01
2.337711636172162244e+01
2.316342327234432474e+01
2.208868465446886376e+01
2.071373693089377355e+01
1.933474738617875488e+01
1.801894947723575058e+01
1.674778989544714847e+01
1.571755797908943109e+01
1.496751159581788571e+01
1.441750231916357627e+01
1.431550046383271457e+01
1.483910009276654307e+01
1.561582001855330937e+01
1.714716400371066385e+01
1.959743280074213345e+01
2.201548656014842464e+01
2.394709731202968328e+01
2.474941946240593538e+01
2.469388389248118543e+01
2.398677677849623535e+01
2.378935535569924653e+01
2.370187107113984837e+01
2.354837421422797306e+01
2.345367484284559367e+01
2.388273496856911748e+01
2.348054699371382270e+01
2.248010939874276559e+01
2.117602187974855354e+01
1.963520437594971213e+01
1.840704087518994214e+01
1.704140817503798644e+01
1.585628163500759769e+01
1.509125632700152053e+01
1.458625126540030514e+01
1.450925025308006155e+01
1.504585005061601244e+01
1.599317001012320461e+01
1.759863400202463879e+01
1.996772680040492887e+01
2.236954536008098415e+01
2.424990907201619450e+01
2.505798181440324157e+01
2.497159636288064632e+01
2.412231927257612796e+01
2.407246385451522741e+01
2.394249277090304417e+01
2.374849855418060685e+01
2.361369971083612285e+01
2.401073994216722340e+01
2.354614798843344303e+01
2.250922959768668719e+01
2.110984591953733513e+01
1.969396918390746620e+01
1.840279383678149117e+01
1.716055876735629937e+01
1.604011175347125828e+01
1.520802235069425024e+01
1.476160447013884891e+01
1.465632089402777005e+01
1.526726417880555431e+01
1.594945283576111095e+01
1.754189056715222250e+01
1.986037811343044268e+01
2.242807562268608734e+01
2.431761512453721608e+01
2.516752302490744597e+01
2.540950460498148900e+01
2.432190092099629908e+01
2.405638018419925928e+01
2.405927603683985083e+01
2.394785520736797224e+01
2.366957104147359559e+01
2.414991420829471735e+01
2.375798284165894358e+01
2.253559656833179048e+01
2.104311931366635946e+01
1.958462386273327027e+01
1.839692477254665448e+01
1.746338495450932982e+01
1.647667699090186844e+01
1.566333539818037579e+01
1.512466707963607604e+01
1.500893341592721697e+01
1.546578668318544203e+01
1.612515733663708772e+01
1.716903146732741803e+01
1.904180629346548415e+01
2.120036125869309629e+01
2.310407225173861789e+01
2.383681445034772395e+01
2.374336289006954104e+01
2.270067257801390781e+01
2.244413451560278006e+01
2.249682690312055655e+01
2.243536538062411267e+01
2.235907307612482242e+01
2.316781461522496599e+01
2.320956292304499158e+01
2.205791258460899940e+01
2.077158251692179647e+01
1.923431650338435972e+01
1.794286330067687274e+01
1.714857266013537540e+01
1.626171453202707440e+01
1.543634290640541451e+01
1.491126858128108168e+01
1.470225371625621591e+01
1.510845074325124315e+01
1.537369014865024752e+01
1.573073802973004831e+01
1.693014760594601142e+01
1.812202952118920507e+01
1.907240590423783999e+01
1.946248118084756840e+01
1.946049623616951507e+01
1.898809924723390452e+01
1.852561984944678031e+01
1.804912396988935797e+01
1.792982479397787188e+01
1.820996495879557742e+01
1.950599299175911483e+01
2.002119859835182325e+01
1.958023971967036303e+01
1.899604794393407303e+01
1.803120958878681179e+01
1.719824191775736111e+01
1.657564838355147430e+01
1.557912967671029492e+01
1.481982593534205961e+01
1.430796518706841169e+01
1.420559303741368318e+01
1.477711860748273587e+01
1.551542372149654625e+01
1.695908474429931090e+01
1.897581694885986181e+01
2.129916338977197299e+01
2.305183267795439050e+01
2.377836653559088020e+01
2.363567330711817860e+01
2.260713466142363615e+01
2.247342693228472754e+01
2.251068538645694517e+01
2.246213707729138775e+01
2.245242741545827769e+01
2.297048548309165383e+01
2.275409709661833091e+01
2.163881941932366715e+01
2.040776388386473528e+01
1.861755277677294629e+01
1.749951055535458977e+01
1.634790211107091551e+01
1.534158042221418228e+01
1.459631608444283657e+01
1.407126321688856763e+01
1.395025264337771453e+01
1.449405052867554389e+01
1.549081010573510930e+01
1.693016202114702295e+01
1.917003240422940280e+01
2.134600648084587959e+01
2.286920129616917663e+01
2.342184025923383217e+01
2.322036805184676567e+01
2.230007361036935265e+01
2.205201472207386715e+01
2.214640294441477408e+01
2.219728058888295408e+01
2.217545611777659076e+01
2.276309122355531755e+01
2.260861824471106374e+01
2.160172364894221175e+01
2.004834472978844317e+01
1.820166894595768881e+01
1.705633378919153742e+01
1.573126675783830741e+01
1.473825335156766059e+01
1.398765067031353304e+01
1.347753013406270561e+01
1.343950602681254125e+01
1.404790120536250697e+01
1.497758024107250208e+01
1.648351604821450067e+01
1.873670320964290070e+01
2.097934064192858017e+01
2.271586812838571490e+01
2.347117362567714238e+01
2.346223472513542774e+01
2.255644694502708347e+01
2.244728938900541948e+01
2.248945787780108319e+01
2.231389157556021274e+01
2.221477831511204215e+01
2.283495566302240576e+01
2.264699113260448371e+01
2.151339822652089850e+01
2.012667964530417919e+01
1.850533592906083769e+01
1.709306718581216700e+01
1.581061343716243428e+01
1.482612268743248762e+01
1.408522453748649816e+01
1.359304490749730121e+01
1.359060898149945906e+01
1.412612179629989306e+01
1.522522435925997897e+01
1.661304487185199719e+01
1.879460897437040146e+01
2.116692179487408154e+01
2.284938435897481668e+01
2.358587687179496584e+01
2.343717537435898990e+01
2.247143507487179903e+01
2.243028701497436117e+01
2.250205740299487189e+01
2.245241148059897540e+01
2.245848229611979363e+01
2.293969645922395983e+01
2.309193929184479188e+01
2.177838785836895852e+01
2.002767757167379159e+01
1.839753551433475565e+01
1.735150710286695031e+01
1.613430142057339012e+01
1.505086028411467680e+01
1.433817205682293583e+01
1.386763441136458752e+01
1.379752688227291735e+01
1.445550537645458178e+01
1.521110107529091593e+01
1.617022021505818330e+01
1.765004404301163632e+01
1.947400880860232775e+01
2.109480176172046484e+01
2.195496035234409149e+01
2.196699207046881952e+01
2.108939841409376470e+01
2.068987968281875212e+01
2.065797593656374787e+01
2.069959518731274883e+01
2.093191903746254567e+01
2.203438380749250669e+01
2.239087676149850381e+01
2.145417535229969985e+01
2.035483507045993790e+01
1.903896701409198755e+01
1.783179340281839842e+01
1.668635868056367855e+01
1.564927173611273581e+01
1.487385434722254729e+01
1.435877086944450909e+01
1.424775417388890197e+01
1.479355083477778088e+01
1.563871016695555483e+01
1.661574203339111122e+01
1.832314840667822153e+01
2.039262968133564513e+01
2.223052593626712792e+01
2.299010518725342678e+01
2.296602103745068746e+01
2.203320420749013664e+01
2.179064084149802483e+01
2.165412816829960718e+01
2.161882563365992027e+01
2.172376512673198334e+01
2.265675302534639712e+01
2.286735060506928008e+01
2.205347012101385573e+01
2.088269402420277032e+01
1.958453880484055531e+01
1.837290776096811129e+01
1.745858155219362118e+01
1.641171631043872381e+01
1.567434326208774564e+01
1.514286865241754931e+01
1.503657373048351076e+01
1.551131474609670313e+01
1.607826294921934007e+01
1.666365258984386699e+01
1.764473051796877456e+01
1.874494610359375457e+01
1.981298922071875168e+01
2.041059784414375144e+01
2.025811956882874654e+01
1.965962391376574914e+01
1.893992478275315250e+01
1.852398495655063115e+01
1.831279699131012961e+01
1.845455939826202396e+01
1.951491187965240570e+01
2.017498237593048316e+01
2.001099647518609359e+01
1.939419929503721818e+01
1.844683985900744361e+01
1.749736797180148784e+01
1.639547359436029694e+01
1.548709471887205780e+01
1.484141894377441062e+01
1.427228378875488346e+01
1.423045675775097685e+01
1.476609135155019636e+01
1.556921827031003858e+01
1.688184365406200627e+01
1.895236873081240248e+01
2.123847374616248018e+01
2.285569474923249444e+01
2.361913894984649431e+01
2.333982778996929852e+01
2.231596555799385939e+01
2.190319311159877103e+01
2.175663862231975543e+01
2.175132772446395180e+01
2.158226554489278826e+01
2.208445310897855762e+01
2.183289062179571260e+01
2.067057812435913888e+01
1.913411562487182493e+01
1.753082312497436490e+01
1.629016462499487261e+01
1.502603292499897414e+01
1.394920658499979460e+01
1.327784131699995740e+01
1.297556826339999070e+01
1.294711365267999881e+01
1.354942273053599955e+01
1.454188454610719994e+01
1.605237690922144012e+01
1.826647538184428754e+01
2.059729507636885515e+01
2.226345901527377080e+01
2.282869180305475254e+01
2.263773836061094968e+01
2.173554767212219119e+01
2.148310953442443960e+01
2.142462190688488732e+01
2.145292438137698099e+01
2.152258487627539552e+01
2.212851697525508143e+01
2.207370339505101597e+01
2.135074067901020456e+01
1.984614813580203929e+01
1.816122962716040590e+01
1.669624592543208053e+01
1.487524918508641747e+01
1.387104983701728322e+01
1.320620996740345632e+01
1.278524199348069068e+01
1.273304839869613936e+01
1.335460967973922664e+01
1.438292193594784685e+01
1.583658438718956951e+01
1.813531687743791565e+01
2.045906337548758458e+01
2.221981267509751490e+01
2.309196253501950125e+01
2.304239250700390329e+01
2.208847850140077895e+01
2.181769570028015792e+01
2.169953914005603224e+01
2.164390782801120494e+01
2.165678156560223755e+01
2.220335631312044455e+01
2.214467126262408669e+01
2.152493425252481529e+01
1.996098685050496258e+01
1.827219737010099365e+01
1.685443947402020015e+01
1.542688789480403955e+01
1.432537757896080954e+01
1.367307551579216174e+01
1.316661510315843131e+01
1.320132302063168694e+01
1.387226460412633600e+01
1.487845292082526782e+01
1.638369058416505553e+01
1.865273811683301020e+01
2.109054762336660005e+01
2.302610952467332339e+01
2.378922190493466360e+01
2.378184438098693221e+01
2.286036887619738422e+01
2.279607377523947775e+01
2.263121475504789260e+01
2.259824295100957769e+01
2.253564859020191591e+01
2.318712971804038503e+01
2.290142594360807493e+01
2.181228518872161359e+01
2.037045703774432326e+01
1.885809140754886570e+01
1.763561828150977107e+01
1.645512365630195362e+01
1.553902473126039041e+01
1.477180494625207885e+01
1.429036098925041642e+01
1.421807219785008236e+01
1.481961443957001734e+01
1.561992288791400441e+01
1.678798457758280094e+01
1.859759691551656147e+01
2.060751938310331255e+01
2.252150387662066322e+01
2.340830077532413256e+01
2.364166015506482665e+01
2.272033203101296550e+01
2.220806640620259031e+01
2.176961328124051676e+01
2.153792265624810298e+01
2.159558453124962085e+01
2.226311690624992323e+01
2.223662338124998428e+01
2.144732467624999472e+01
2.044146493524999997e+01
1.919229298704999920e+01
1.809445859741000007e+01
1.692289171948199922e+01
1.587257834389639832e+01
1.513451566877927945e+01
1.464290313375585484e+01
1.456858062675117083e+01
1.518571612535023441e+01
1.593314322507004732e+01
1.717062864501400909e+01
1.909812572900280259e+01
2.141162514580055642e+01
2.337832502916010924e+01
2.417166500583202193e+01
2.395433300116640396e+01
2.287886660023328034e+01
2.246377332004665561e+01
2.212475466400933044e+01
2.192095093280186546e+01
2.172019018656037304e+01
2.238403803731207731e+01
2.234880760746241535e+01
2.128576152149248202e+01
1.993715230429849683e+01
1.846743046085970263e+01
1.725348609217193996e+01
1.623469721843438762e+01
1.529493944368687863e+01
1.462698788873737676e+01
1.424539757774747528e+01
1.417707951554949553e+01
1.473141590310989990e+01
1.540228318062198021e+01
1.599245663612439650e+01
1.703849132722487880e+01
1.815969826544497678e+01
1.923993965308899590e+01
1.977598793061779858e+01
1.964319758612355926e+01
1.886463951722471322e+01
1.815692790344494156e+01
1.755138558068898647e+01
1.715027711613779715e+01
1.726205542322755804e+01
1.839641108464551067e+01
1.903128221692910316e+01
1.867825644338581981e+01
1.799965128867716402e+01
1.694393025773543471e+01
1.598878605154708765e+01
1.511775721030941888e+01
1.430355144206188456e+01
1.372471028841237661e+01
1.335294205768247622e+01
1.343058841153649396e+01
1.399811768230729925e+01
1.501562353646145986e+01
1.675512470729229264e+01
1.937502494145845944e+01
2.176300498829169072e+01
2.333660099765833706e+01
2.398732019953166628e+01
2.360546403990633735e+01
2.245709280798126883e+01
2.204341856159625479e+01
2.190468371231925104e+01
2.183693674246384830e+01
2.166338734849277259e+01
2.210867746969855219e+01
2.209373549393971103e+01
2.109874709878794619e+01
1.970774941975758665e+01
1.810154988395151676e+01
1.662830997679030531e+01
1.534966199535806197e+01
1.436593239907161035e+01
1.367318647981432278e+01
1.329463729596286470e+01
1.331492745919257281e+01
1.397498549183851502e+01
1.505899709836770306e+01
1.680379941967353830e+01
1.934475988393471013e+01
2.171695197678694100e+01
2.316739039535738698e+01
2.385747807907148044e+01
2.377149561581429538e+01
2.265029912316285987e+01
2.217805982463256953e+01
2.188361196492651217e+01
2.182472239298530070e+01
2.180494447859706142e+01
2.233698889571941137e+01
2.219539777914388168e+01
2.111907955582877960e+01
1.940781591116575555e+01
1.783356318223315284e+01
1.675071263644663233e+01
1.547814252728932516e+01
1.443962850545786480e+01
1.373592570109157407e+01
1.328318514021831476e+01
1.322463702804366292e+01
1.385292740560873170e+01
1.491458548112174576e+01
1.665491709622434868e+01
1.912298341924486778e+01
2.140059668384897407e+01
2.294411933676979132e+01
2.360482386735395721e+01
2.342496477347079065e+01
2.250099295469415495e+01
2.215619859093883193e+01
2.203923971818776550e+01
2.199184794363755202e+01
2.184636958872750867e+01
2.262527391774550267e+01
2.237305478354909738e+01
2.123461095670981891e+01
1.980692219134196463e+01
1.820938443826839048e+01
1.666587688765367758e+01
1.546117537753073456e+01
1.444423507550614616e+01
1.378484701510122967e+01
1.338096940302024507e+01
1.336419388060404856e+01
1.407283877612080936e+01
1.511056775522416018e+01
1.691011355104483016e+01
1.939802271020896640e+01
2.178360454204179320e+01
2.345272090840835943e+01
2.409854418168167101e+01
2.402770883633633403e+01
2.290954176726726388e+01
2.265390835345345266e+01
2.259478167069068988e+01
2.253495633413813692e+01
2.252299126682762775e+01
2.297659825336552686e+01
2.268331965067310563e+01
2.146466393013461982e+01
2.034093278602692223e+01
1.897218655720538294e+01
1.773843731144107494e+01
1.653168746228821462e+01
1.544233749245764287e+01
1.474446749849152738e+01
1.432489349969830528e+01
1.428897869993966019e+01
1.492979573998793263e+01
1.609795914799758876e+01
1.773159182959951607e+01
2.021831836591990239e+01
2.284366367318397906e+01
2.460873273463679567e+01
2.530574654692735947e+01
2.519714930938547326e+01
2.386342986187709414e+01
2.322068597237541709e+01
2.318813719447508248e+01
2.304562743889501775e+01
2.294512548777900562e+01
2.338102509755579916e+01
2.325220501951115892e+01
2.213844100390222991e+01
2.085968820078044317e+01
1.936393764015608809e+01
1.808878752803121870e+01
1.689775750560624346e+01
1.581155150112124730e+01
1.504231030022424953e+01
1.449646206004484839e+01
1.446729241200896965e+01
1.501345848240179492e+01
1.583469169648035901e+01
1.699093833929607200e+01
1.885418766785921463e+01
2.112283753357184324e+01
2.288056750671437101e+01
2.376011350134287525e+01
2.363202270026857832e+01
2.275840454005371427e+01
2.233568090801074391e+01
2.187513618160214790e+01
2.153502723632042759e+01
2.152300544726408660e+01
2.234460108945281931e+01
2.260492021789056594e+01
2.213698404357811000e+01
2.103539680871562112e+01
1.959107936174312314e+01
1.831021587234862125e+01
1.711004317446972323e+01
1.604600863489394413e+01
1.525720172697879029e+01
1.477944034539575924e+01
1.463588806907915085e+01
1.514317761381582983e+01
1.570063552276316621e+01
1.638812710455263044e+01
1.743762542091052481e+01
1.875152508418210218e+01
2.007030501683642143e+01
2.069406100336728827e+01
2.084281220067345686e+01
2.031256244013469114e+01
1.980651248802693587e+01
1.931330249760538820e+01
1.887066049952107960e+01
1.892613209990421552e+01
2.007322641998084123e+01
2.074264528399616836e+01
2.062852905679923410e+01
2.022970581135984602e+01
1.943794116227196866e+01
1.860758823245438975e+01
1.852951764649088062e+01
1.775390352929817439e+01
1.703078070585963744e+01
1.627015614117192399e+01
1.595803122823438436e+01
1.641560624564687743e+01
1.728312124912937620e+01
1.882462424982587734e+01
2.130092484996517754e+01
2.394818496999303647e+01
2.601363699399860963e+01
2.687472739879972039e+01
2.663894547975994342e+01
2.559978909595199070e+01
2.553595781919039709e+01
2.537119156383807805e+01
2.517023831276761925e+01
2.493004766255352322e+01
2.475400953251070391e+01
2.462280190650213996e+01
2.396456038130042998e+01
2.240891207626008352e+01
2.114578241525201463e+01
2.020515648305040202e+01
1.912103129661008083e+01
1.797620625932201577e+01
1.705124125186440409e+01
1.643424825037288173e+01
1.622284965007457913e+01
1.664456993001491725e+01
1.745691398600298427e+01
1.906738279720059737e+01
2.147747655944011669e+01
2.407949531188802439e+01
2.611189906237760638e+01
2.703037981247552324e+01
2.703007596249510414e+01
2.607801519249902000e+01
2.583160303849980366e+01
2.579832060769996005e+01
2.538366412153999363e+01
2.466073282430799907e+01
2.449214656486159924e+01
2.426642931297232053e+01
2.314128586259446507e+01
2.182825717251889230e+01
2.046965143450377766e+01
1.942193028690075707e+01
1.827638605738015087e+01
1.707127721147602983e+01
1.623825544229520546e+01
1.566365108845904075e+01
1.549273021769180758e+01
1.605854604353836024e+01
1.703570920870767225e+01
1.839114184174153621e+01
2.058222836834830716e+01
2.300444567366966098e+01
2.498488913473393325e+01
2.579697782694678665e+01
2.570339556538935710e+01
2.470067911307787156e+01
2.437213582261557576e+01
2.425042716452311709e+01
2.409808543290462524e+01
2.352361708658092354e+01
2.324872341731618519e+01
2.320974468346323505e+01
2.230594893669264422e+01
2.106118978733852742e+01
1.985223795746770392e+01
1.877844759149354203e+01
1.769968951829870818e+01
1.657193790365974095e+01
1.567438758073194727e+01
1.515087751614638911e+01
1.498217550322927671e+01
1.558843510064585480e+01
1.662168702012916910e+01
1.790033740402583362e+01
2.026006748080516928e+01
2.280401349616103346e+01
2.467280269923220715e+01
2.547056053984644208e+01
2.549411210796928984e+01
2.431482242159385976e+01
2.381496448431877155e+01
2.355499289686375164e+01
2.332699857937274857e+01
2.285739971587454988e+01
2.305147994317491111e+01
2.311429598863498214e+01
2.209485919772699702e+01
2.073097183954540057e+01
1.927419436790907881e+01
1.804683887358181593e+01
1.679336777471636211e+01
1.568667355494327253e+01
1.499333471098865544e+01
1.443866694219773095e+01
1.429573338843954744e+01
1.485914667768790842e+01
1.565982933553758194e+01
1.686796586710751811e+01
1.878159317342150558e+01
2.090831863468430285e+01
2.262966372693686168e+01
2.326193274538737299e+01
2.309238654907747446e+01
2.217847730981549148e+01
2.194769546196309662e+01
2.183753909239261759e+01
2.171150781847852329e+01
2.161430156369570454e+01
2.209886031273914142e+01
2.233977206254782644e+01
2.154795441250956500e+01
2.042159088250191346e+01
1.906031817650038107e+01
1.778006363530007761e+01
1.660401272706001663e+01
1.561680254541200163e+01
1.486736050908239903e+01
1.420547210181647912e+01
1.412109442036329554e+01
1.458421888407265854e+01
1.522084377681453304e+01
1.588416875536290718e+01
1.694483375107258283e+01
1.813296675021451421e+01
1.914659335004290241e+01
1.976531867000858256e+01
1.969706373400171628e+01
1.885941274680034141e+01
1.825188254936006871e+01
1.805837650987201570e+01
1.790767530197440394e+01
1.777353506039488096e+01
1.868270701207897488e+01
1.945654140241579455e+01
1.941130828048315848e+01
1.898626165609663019e+01
1.810925233121932720e+01
1.722185046624386473e+01
1.631637009324877141e+01
1.539127401864975297e+01
1.464625480372995092e+01
1.424925096074598940e+01
1.422585019214919910e+01
1.487717003842983843e+01
1.590343400768596815e+01
1.763668680153719492e+01
2.012733736030743970e+01
2.268946747206148373e+01
2.443389349441229541e+01
2.509477869888246104e+01
2.487495573977649244e+01
2.407899114795529627e+01
2.385579822959105911e+01
2.380315964591821043e+01
2.365663192918364288e+01
2.342732638583672866e+01
2.342146527716734639e+01
2.312429305543346914e+01
2.223285861108669437e+01
2.092657172221733930e+01
1.944131434444346596e+01
1.807226286888869282e+01
1.682245257377773839e+01
1.576449051475554697e+01
1.500089810295110837e+01
1.450417962059022159e+01
1.446883592411804464e+01
1.505376718482360943e+01
1.609075343696472160e+01
1.773015068739294264e+01
2.016203013747858819e+01
2.257640602749571812e+01
2.435528120549914632e+01
2.514305624109983128e+01
2.511661124821996793e+01
2.428732224964399222e+01
2.417746444992879873e+01
2.414749288998575949e+01
2.409349857799714911e+01
2.373069971559943170e+01
2.385013994311988483e+01
2.389802798862397637e+01
2.291560559772479877e+01
2.159912111954496083e+01
2.015982422390899131e+01
1.877596484478179661e+01
1.757119296895636040e+01
1.646623859379127452e+01
1.559724771875825589e+01
1.511144954375165028e+01
1.501428990875032987e+01
1.555485798175006451e+01
1.640697159635001157e+01
1.787339431927000177e+01
2.032667886385400280e+01
2.269733577277079917e+01
2.445946715455416154e+01
2.518789343091083310e+01
2.524557868618216716e+01
2.428911573723643613e+01
2.407382314744728546e+01
2.403076462948945746e+01
2.398215292589788916e+01
2.358843058517957303e+01
2.366968611703591563e+01
2.355793722340718332e+01
2.246358744468143698e+01
2.101271748893628555e+01
1.939454349778725728e+01
1.805490869955745126e+01
1.694698173991149304e+01
1.593339634798229909e+01
1.512267926959645870e+01
1.464853585391929158e+01
1.458570717078385925e+01
1.517314143415677208e+01
1.611462828683135484e+01
1.751892565736627105e+01
1.986378513147325364e+01
2.217275702629464718e+01
2.345855140525893034e+01
2.422771028105178459e+01
2.419754205621035936e+01
2.315950841124207216e+01
2.297590168224841278e+01
2.289918033644968176e+01
2.272383606728993755e+01
2.262476721345798936e+01
2.290095344269159838e+01
2.302819068853832007e+01
2.212563813770766075e+01
2.087312762754153184e+01
1.936662552550830441e+01
1.810532510510165949e+01
1.683706502102033298e+01
1.567941300420406670e+01
1.488788260084081294e+01
1.436157652016816222e+01
1.434431530403363375e+01
1.492486306080672698e+01
1.587297261216134459e+01
1.735059452243226730e+01
1.968611890448645241e+01
2.205722378089728863e+01
2.384344475617945847e+01
2.457668895123589436e+01
2.469133779024717867e+01
2.372226755804943821e+01
2.342445351160989020e+01
2.335689070232197651e+01
2.332737814046439695e+01
2.311347562809287837e+01
2.339069512561857422e+01
2.343013902512371516e+01
2.242202780502474369e+01
2.110840556100495036e+01
1.961368111220098953e+01
1.830673622244019683e+01
1.698134724448803823e+01
1.592426944889760776e+01
1.516885388977952331e+01
1.468177077795590435e+01
1.459235415559118110e+01
1.526247083111823599e+01
1.594849416622364657e+01
1.691769883324473156e+01
1.864753976664894353e+01
2.069750795332978655e+01
2.249950159066595745e+01
2.331590031813318831e+01
2.325518006362663570e+01
2.230703601272532666e+01
2.204540720254506425e+01
2.199308144050901248e+01
2.180661628810180375e+01
2.176932325762036058e+01
2.242586465152406916e+01
2.283717293030481343e+01
2.229543458606096351e+01
2.119508691721219407e+01
1.982301738344244058e+01
1.864460347668848783e+01
1.732092069533769418e+01
1.627218413906754080e+01
1.558243682781350969e+01
1.506048736556270207e+01
1.483609747311253990e+01
1.524721949462250947e+01
1.568144389892450086e+01
1.625628877978489939e+01
1.737125775595697874e+01
1.849825155119139453e+01
1.953165031023828035e+01
2.006633006204765479e+01
2.005326601240953366e+01
1.949065320248190858e+01
1.893813064049638228e+01
1.861162612809927808e+01
1.839432522561985550e+01
1.815886504512397437e+01
1.884777300902479524e+01
1.967355460180495896e+01
1.937471092036099307e+01
1.879494218407219819e+01
1.775098843681443839e+01
1.671819768736288836e+01
1.579163953747257665e+01
1.493432790749451655e+01
1.428286558149890162e+01
1.379257311629977956e+01
1.374251462325995732e+01
1.435650292465199129e+01
1.526330058493039843e+01
1.681266011698608054e+01
1.932253202339721554e+01
2.152850640467944032e+01
2.310570128093588949e+01
2.378114025618717875e+01
2.370022805123743481e+01
2.282804561024748580e+01
2.256560912204949432e+01
2.236912182440989838e+01
2.232182436488197652e+01
2.212036487297639553e+01
2.247207297459527808e+01
2.265441459491905363e+01
2.166688291898381280e+01
2.030137658379676324e+01
1.873227531675935253e+01
1.729845506335187011e+01
1.609169101267037405e+01
1.512233820253407579e+01
1.433646764050681455e+01
1.375529352810136174e+01
1.371105870562027285e+01
1.427021174112405433e+01
1.508604234822480983e+01
1.591320846964496205e+01
1.717464169392899009e+01
1.815492833878579759e+01
1.859898566775716233e+01
1.871179713355143193e+01
1.864635942671028701e+01
1.783327188534205732e+01
1.723065437706841152e+01
1.691813087541368432e+01
1.687162617508273499e+01
1.713432523501654714e+01
1.812286504700330880e+01
1.908057300940066270e+01
1.888011460188013046e+01
1.824802292037602669e+01
1.706560458407520642e+01
1.588512091681504224e+01
1.469702418336300909e+01
1.377940483667260274e+01
1.313188096733452070e+01
1.274637619346690443e+01
1.272527523869338140e+01
1.336105504773867736e+01
1.434421100954773465e+01
1.607684220190954960e+01
1.863136844038190887e+01
2.107027368807638368e+01
2.271005473761527682e+01
2.323801094752305474e+01
2.303960218950460970e+01
2.226392043790092146e+01
2.191678408758018293e+01
2.197535681751603320e+01
2.204307136350320562e+01
2.192861427270063857e+01
2.222572285454012686e+01
2.230114457090802560e+01
2.122822891418160651e+01
1.982964578283632306e+01
1.811792915656726422e+01
1.651958583131345293e+01
1.513591716626268990e+01
1.413118343325253790e+01
1.340223668665050738e+01
1.285644733733010270e+01
1.287528946746602188e+01
1.355105789349320489e+01
1.465421157869864111e+01
1.637084231573972914e+01
1.886616846314794316e+01
2.126123369262958818e+01
2.288424673852591695e+01
2.368884934770518313e+01
2.360976986954103651e+01
2.253795397390820554e+01
2.237959079478164170e+01
2.229991815895633067e+01
2.225998363179126471e+01
2.209199672635825351e+01
2.224239934527165019e+01
2.239247986905432697e+01
2.153449597381086633e+01
2.011489919476217381e+01
1.842297983895243618e+01
1.679659596779048769e+01
1.533531919355809769e+01
1.421906383871161950e+01
1.356381276774232347e+01
1.322476255354846408e+01
1.326895251070969195e+01
1.396579050214193884e+01
1.505715810042838854e+01
1.685143162008567685e+01
1.940228632401713327e+01
2.172845726480342421e+01
2.333769145296068359e+01
2.401153829059213507e+01
2.403430765811842562e+01
2.308686153162368626e+01
2.272937230632473771e+01
2.265787446126494942e+01
2.250757489225298968e+01
2.240551497845059714e+01
2.260110299569011971e+01
2.281622059913802758e+01
2.196324411982760694e+01
2.065664882396551860e+01
1.893932976479310426e+01
1.721986595295862088e+01
1.563597319059172364e+01
1.458319463811834638e+01
1.390063892762367104e+01
1.343612778552473408e+01
1.349522555710494665e+01
1.405904511142098912e+01
1.490780902228419791e+01
1.628556180445684021e+01
1.843311236089136784e+01
2.073462247217826970e+01
2.241892449443565383e+01
2.317978489888713156e+01
2.292395697977742586e+01
2.204879139595548310e+01
2.157775827919109801e+01
2.144355165583822043e+01
2.144071033116764369e+01
2.144014206623352692e+01
2.189602841324670379e+01
2.216320568264934110e+01
2.136064113652986762e+01
1.999212822730597239e+01
1.829442564546119598e+01
