4.597200000000000131e+01
4.384499999999999886e+01
4.598133333333333184e+01
4.707374999999999687e+01
4.751440000000000197e+01
4.771633333333333127e+01
4.768400000000000460e+01
4.741937500000000227e+01
4.674966666666666981e+01
4.722379999999999711e+01
4.789109090909091293e+01
4.858824999999999505e+01
4.924084615384614949e+01
4.981221428571428333e+01
5.005139999999999390e+01
4.985862499999999642e+01
5.029976470588234605e+01
5.077738888888888624e+01
5.118515789473683952e+01
5.157044999999999391e+01
5.175757142857142412e+01
5.183568181818180420e+01
5.166047826086956007e+01
5.187945833333332502e+01
5.209159999999999258e+01
5.229180769230768533e+01
5.249785185185184133e+01
5.268732142857142264e+01
5.279799999999999471e+01
5.266713333333333225e+01
5.280899999999999750e+01
5.295837499999999665e+01
5.306963636363636283e+01
5.316541176470587970e+01
5.326097142857143041e+01
5.325050000000000239e+01
5.304432432432432876e+01
5.305623684210527102e+01
5.282558974358975235e+01
5.284890000000000043e+01
5.286607317073170975e+01
5.283945238095238039e+01
5.274141860465115883e+01
5.255870454545453896e+01
5.261684444444443898e+01
5.271252173913043038e+01
5.280714893617020778e+01
5.287104166666665606e+01
5.289642857142855803e+01
5.277349999999998431e+01
5.255694117647057340e+01
5.237434615384613323e+01
5.219956603773582771e+01
5.203481481481479420e+01
5.188430909090907051e+01
5.172998214285712493e+01
5.154612280701752525e+01
5.135965517241378109e+01
5.119161016949151843e+01
5.102844999999999231e+01
5.087290163934424925e+01
5.073096774193547276e+01
5.061361904761903929e+01
5.050201562499999142e+01
5.038449230769229814e+01
5.027742424242423169e+01
5.017213432835819731e+01
5.005574999999998909e+01
4.994265217391303224e+01
4.984215714285713261e+01
4.976081690140843961e+01
4.969626388888887192e+01
4.965132876712327459e+01
4.960654054054052864e+01
4.957838666666665262e+01
4.955496052631577442e+01
4.953083116883115622e+01
4.950726923076921793e+01
4.948450632911391267e+01
4.947648749999998330e+01
4.946562962962961763e+01
4.945867073170730777e+01
4.945525301204818192e+01
4.945376190476189038e+01
4.943289411764705221e+01
4.939627906976743077e+01
4.937364367816090294e+01
4.936836363636361824e+01
4.937782022471908050e+01
4.938218888888886937e+01
4.937267032967030644e+01
4.937082608695650521e+01
4.936092473118277724e+01
4.936145744680848679e+01
4.936941052631576810e+01
4.939232291666665020e+01
4.939694845360823905e+01
4.940228571428570348e+01
4.939790909090908144e+01
4.938999999999999346e+01
4.939919801980197178e+01
4.940415686274509000e+01
4.941496116504853120e+01
4.943043269230768999e+01
4.944632380952380402e+01
4.946025471698112597e+01
4.945682242990653776e+01
4.946613888888887800e+01
4.946725688073393457e+01
4.946872727272725712e+01
4.947454954954953621e+01
4.948623214285713345e+01
4.948959292035397084e+01
4.948979824561402552e+01
4.950141739130433649e+01
4.951846551724136702e+01
4.953005128205126795e+01
4.954309322033897445e+01
4.956585714285714062e+01
4.959149166666666275e+01
4.960223140495867256e+01
4.961526229508196195e+01
4.960665853658535696e+01
4.953462096774192247e+01
4.945856799999999254e+01
4.939046825396824403e+01
4.934009448818896715e+01
4.928435937499999397e+01
4.924487596899223973e+01
4.922096153846153754e+01
4.921480916030533592e+01
4.920943181818181245e+01
4.920415037593984664e+01
4.918241791044776079e+01
4.914518518518518420e+01
4.914555147058823081e+01
4.913765693430656256e+01
4.912918115942028408e+01
4.911555395683452474e+01
4.910904285714284612e+01
4.910609929078013636e+01
4.907966901408450155e+01
4.908357342657342315e+01
4.908450694444443485e+01
4.909029655172412987e+01
4.910853424657533139e+01
4.912684353741495613e+01
4.913437837837837208e+01
4.911918791946308005e+01
4.912970666666666375e+01
4.912911920529801080e+01
4.912525657894736497e+01
4.911767973856208869e+01
4.909918831168831588e+01
4.906368387096774342e+01
4.900674999999999670e+01
4.898325477707006570e+01
4.895982911392405157e+01
4.894392452830188489e+01
4.893190624999999727e+01
4.892770186335403793e+01
4.891441358024690800e+01
4.886916564417177256e+01
4.884856707317072733e+01
4.882423030303029776e+01
4.879483734939758222e+01
4.876288023952094619e+01
4.873229166666665435e+01
4.870215384615382703e+01
4.866158823529410427e+01
4.865624561403507187e+01
4.865527906976742401e+01
4.865904046242773262e+01
4.865971839080458494e+01
4.865506285714283763e+01
4.863698295454543796e+01
4.860062711864404861e+01
4.858527528089885550e+01
4.856799999999998363e+01
4.855209999999998161e+01
4.854035359116020487e+01
4.852974725274723511e+01
4.851073770491801440e+01
4.847866304347824240e+01
4.846252432432430624e+01
4.843614516129031244e+01
4.840985026737966734e+01
4.837590425531914207e+01
4.835412169312168373e+01
4.833035263157893979e+01
4.829694240837695673e+01
4.829213020833332592e+01
4.828545077720206535e+01
4.826853092783505161e+01
4.825686153846153559e+01
4.824056122448979522e+01
4.820313705583756558e+01
4.816508585858586144e+01
4.815070351758793521e+01
4.813750999999999891e+01
4.812670646766169824e+01
4.811572277227723049e+01
4.810161576354680335e+01
4.807070588235294650e+01
4.803926829268293375e+01
4.803269902912622058e+01
4.802942512077294879e+01
4.802737980769230575e+01
4.802633971291865578e+01
4.801971428571428646e+01
4.800380094786729757e+01
4.796966981132075603e+01
4.795870892018779585e+01
4.794620093457943710e+01
4.794713023255813766e+01
4.795224537037037038e+01
4.796558986175114825e+01
4.798199999999999932e+01
4.798693607305935416e+01
4.800571363636363742e+01
4.802768325791855375e+01
4.805634234234234015e+01
4.808175784753363047e+01
4.810738839285714619e+01
4.811156888888888972e+01
4.809686283185841660e+01
4.810435682819384340e+01
4.811168421052632027e+01
4.812060698689957405e+01
4.812601739130435874e+01
4.813093506493508045e+01
4.813157758620690885e+01
4.811847639484980022e+01
4.813414529914530959e+01
4.814361702127661147e+01
4.814188135593222029e+01
4.814888607594938463e+01
4.815892436974791480e+01
4.816094979079499439e+01
4.814943750000001188e+01
4.816142738589213224e+01
4.817664462809919002e+01
4.819280658436215248e+01
4.821054098360657036e+01
4.821989795918369026e+01
4.823648373983741067e+01
4.822606882591094291e+01
4.824249596774194515e+01
4.826295582329318279e+01
4.828876400000000757e+01
4.831654183266933700e+01
4.834686507936509514e+01
4.837351383399210647e+01
4.838122047244095825e+01
4.837481960784315049e+01
4.840313281250001154e+01
4.843356809338522595e+01
4.845563565891474411e+01
4.847700386100387249e+01
4.848938846153847493e+01
4.848409195402300043e+01
4.850576335877864409e+01
4.853557034220533239e+01
4.856950378787880140e+01
4.860130188679246288e+01
4.863025187969925867e+01
4.865325842696629621e+01
4.865823507462687303e+01
4.868413011152416914e+01
4.870646296296296640e+01
4.873152398523985340e+01
4.875723897058824008e+01
4.877843956043956553e+01
4.879309124087591698e+01
4.878725090909091477e+01
4.880961956521738898e+01
4.883416967509025142e+01
4.885798561151079156e+01
4.887900358422939462e+01
4.889602500000000163e+01
4.890816014234875553e+01
4.890581914893617466e+01
4.892325441696113586e+01
4.893675704225352519e+01
4.894376491228069881e+01
4.894795104895104743e+01
4.895460627177700275e+01
4.895099652777778232e+01
4.894382352941176606e+01
4.894189655172414177e+01
4.896107216494846170e+01
4.898289041095891605e+01
4.900338225255973157e+01
4.901812244897959658e+01
4.902480338983050956e+01
4.901630067567568005e+01
4.902384511784512000e+01
4.903136577181207656e+01
4.904231438127090570e+01
4.905186000000000490e+01
4.905930232558139892e+01
4.905874503311257939e+01
4.904941584158415679e+01
4.905978947368421217e+01
4.907954426229508016e+01
4.909978104575163371e+01
4.911137785016286728e+01
4.911957142857142600e+01
4.912100970873786565e+01
4.910513870967741923e+01
4.910808681672025955e+01
4.911228525641025300e+01
4.912147284345047638e+01
4.913653821656050980e+01
4.914543174603174691e+01
4.914586075949367228e+01
4.912602523659306542e+01
4.911999999999999744e+01
4.911649529780564194e+01
4.911500937499999964e+01
4.911499688473520564e+01
4.911566149068323028e+01
4.911162848297213657e+01
4.909047222222222473e+01
4.908402461538462092e+01
4.907588036809816145e+01
4.906677981651376541e+01
4.905854878048781131e+01
4.904574468085106531e+01
4.903807272727272704e+01
4.902090634441087502e+01
4.901150602409638424e+01
4.899852552552552254e+01
4.898592514970059852e+01
4.897810149253731282e+01
4.897069642857143634e+01
4.896485459940653584e+01
4.894136982248520695e+01
4.893197640117994496e+01
4.892267941176471169e+01
4.891337829912024660e+01
4.890689181286550280e+01
4.890590962099125960e+01
4.890063372093024441e+01
4.888639420289856474e+01
4.889740173410405788e+01
4.890832564841499419e+01
4.891247988505747202e+01
4.891355873925502351e+01
4.890658857142857130e+01
4.888616239316239387e+01
4.888555397727272833e+01
4.888718130311614374e+01
4.888903954802259477e+01
4.888674929577464212e+01
4.888548876404493626e+01
4.888052100840335612e+01
4.886299162011172115e+01
4.885665738161559091e+01
4.883274722222221698e+01
4.882214681440442661e+01
4.881336464088397520e+01
4.880718181818181023e+01
4.879735439560438692e+01
