4.597200000000000131e+01
4.384499999999999886e+01
4.704949999999999477e+01
4.870024999999999693e+01
4.898862499999999898e+01
4.885731249999999903e+01
4.817365625000000051e+01
4.687032812500000034e+01
4.413116406250000523e+01
4.781108203125000244e+01
5.118754101562500125e+01
5.372227050781249602e+01
5.539713525390624937e+01
5.631856762695312568e+01
5.485928381347656568e+01
5.091314190673828222e+01
5.413557095336913960e+01
5.651628547668457259e+01
5.752064273834228914e+01
5.820582136917114724e+01
5.685291068458557362e+01
5.516445534229278280e+01
5.148522767114639009e+01
5.420061383557319346e+01
5.569180691778659309e+01
5.649440345889329507e+01
5.717470172944664597e+01
5.748885086472331807e+01
5.669292543236166182e+01
5.278246271618083085e+01
5.492373135809041429e+01
5.625636567904520291e+01
5.644318283952260629e+01
5.638459141976130695e+01
5.644729570988064893e+01
5.466564785494032463e+01
5.014382392747016581e+01
5.182041196373508285e+01
4.794070598186753784e+01
5.084935299093376670e+01
5.220117649546688199e+01
5.197458824773343622e+01
5.029929412386671572e+01
4.750064706193335695e+01
5.133782353096667350e+01
5.417791176548333709e+01
5.566895588274167039e+01
5.577147794137083281e+01
5.494323897068541385e+01
5.084661948534270692e+01
4.628780974267135662e+01
4.467490487133567711e+01
4.389295243566783711e+01
4.359797621783391719e+01
4.367748810891696110e+01
4.345974405445848276e+01
4.235487202722924138e+01
4.154293601361462152e+01
4.149396800680730735e+01
4.144798400340365419e+01
4.149399200170182667e+01
4.178349600085091708e+01
4.256074800042546258e+01
4.301587400021273311e+01
4.293943700010636633e+01
4.312871850005318208e+01
4.317585925002659053e+01
4.271692962501329305e+01
4.248446481250664419e+01
4.269623240625332272e+01
4.338161620312666145e+01
4.424730810156333405e+01
4.533165405078166543e+01
4.583432702539083436e+01
4.666466351269541235e+01
4.723133175634770708e+01
4.746416587817385846e+01
4.757858293908692815e+01
4.764379146954346567e+01
4.824339573477173815e+01
4.842019786738586618e+01
4.865759893369293820e+01
4.891629946684646768e+01
4.912314973342323299e+01
4.840157486671161280e+01
4.734278743335580941e+01
4.738489371667790806e+01
4.814694685833894994e+01
4.917847342916947184e+01
4.947473671458473632e+01
4.899536835729236373e+01
4.909918417864618334e+01
4.877459208932309309e+01
4.909279604466154723e+01
4.960489802233077228e+01
5.058694901116538745e+01
5.021397450558269782e+01
5.006698725279134976e+01
4.951799362639567903e+01
4.906249681319783917e+01
4.969074840659892089e+01
4.979787420329945746e+01
5.015743710164973379e+01
5.059071855082486735e+01
5.084485927541243200e+01
5.088392963770621691e+01
4.998846481885311022e+01
5.022573240942655559e+01
4.990686620471328183e+01
4.976793310235663625e+01
4.994146655117832267e+01
5.036223327558916196e+01
5.011411663779458081e+01
4.981355831889729302e+01
5.031977915944864321e+01
5.089938957972432121e+01
5.088669478986216177e+01
5.097784739493108219e+01
5.161492369746554232e+01
5.212846184873276911e+01
5.150973092436638012e+01
5.135086546218319370e+01
4.995393273109159793e+01
4.531396636554579516e+01
4.267098318277290048e+01
4.177449159138645030e+01
4.238374579569322975e+01
4.229487289784661641e+01
4.324293644892330946e+01
4.468946822446165612e+01
4.655223411223082763e+01
4.752861705611541510e+01
4.801780852805770650e+01
4.715490426402885760e+01
4.565545213201443175e+01
4.742522606600721247e+01
4.774461303300360271e+01
4.785630651650180312e+01
4.754565325825090127e+01
4.787482662912545095e+01
4.828441331456272678e+01
4.681870665728136771e+01
4.822835332864067936e+01
4.872317666432034144e+01
4.932358833216017047e+01
5.053829416608008529e+01
5.116914708304004478e+01
5.070557354152002461e+01
4.878828677076000986e+01
4.974264338538000629e+01
4.939182169269000156e+01
4.896691084634500157e+01
4.846645542317250488e+01
4.736822771158625756e+01
4.548211385579313060e+01
4.283205692789656638e+01
4.407502846394828566e+01
4.467851423197414107e+01
4.555475711598707278e+01
4.628787855799353679e+01
4.727143927899676612e+01
4.702321963949837880e+01
4.428110981974919014e+01
4.488605490987459490e+01
4.485952745493729310e+01
4.440226372746865025e+01
4.393013186373432433e+01
4.377706593186716333e+01
4.370803296593358311e+01
4.275701648296679025e+01
4.525250824148339746e+01
4.687125412074169617e+01
4.808862706037084678e+01
4.843281353018542745e+01
4.813890676509271316e+01
4.680595338254635607e+01
4.450397669127318068e+01
4.518598834563658784e+01
4.533949417281829142e+01
4.552274708640914724e+01
4.597437354320457814e+01
4.629218677160228879e+01
4.567159338580114536e+01
4.414029669290057711e+01
4.481664834645029316e+01
4.418632417322514527e+01
4.385266208661256826e+01
4.294033104330628703e+01
4.359966552165314368e+01
4.371883276082657233e+01
4.283391638041328520e+01
4.510345819020663782e+01
4.605322909510331897e+01
4.552811454755165954e+01
4.576055727377583082e+01
4.541127863688791422e+01
4.313963931844395461e+01
4.190431965922197577e+01
4.360365982961099007e+01
4.455782991480549526e+01
4.526191495740275172e+01
4.558495747870137649e+01
4.541847873935068947e+01
4.360723936967534087e+01
4.261661968483767282e+01
4.465130984241883993e+01
4.600315492120941485e+01
4.680357746060470703e+01
4.730678873030235820e+01
4.697089436515118166e+01
4.581644718257558679e+01
4.329222359128779374e+01
4.446361179564389943e+01
4.487280589782194795e+01
4.650940294891097437e+01
4.778070147445548344e+01
4.931435073722774121e+01
5.042867536861386668e+01
4.974583768430693453e+01
5.093191884215346477e+01
5.189645942107672738e+01
5.314322971053836397e+01
5.343361485526918386e+01
5.362830742763459568e+01
5.133815371381729875e+01
4.806307685690865128e+01
4.893053842845432655e+01
4.935276921422716612e+01
4.975388460711358363e+01
4.955944230355679281e+01
4.941072115177839663e+01
4.884536057588920244e+01
4.696218028794460508e+01
4.937359014397230084e+01
4.986679507198614658e+01
4.880039753599307062e+01
4.930119876799653866e+01
4.991959938399826768e+01
4.928129969199913774e+01
4.733964984599957404e+01
4.918932492299978776e+01
5.051666246149989092e+01
5.131033123074994506e+01
5.191516561537497410e+01
5.120908280768748710e+01
5.175454140384374568e+01
4.870927070192187358e+01
5.050463535096093892e+01
5.192081767548047111e+01
5.331790883774023371e+01
5.428945441887012180e+01
5.512372720943506010e+01
5.510636360471752937e+01
5.271868180235876622e+01
4.973384090117938428e+01
5.267842045058969092e+01
5.445171022529484617e+01
5.428935511264742786e+01
5.413967755632371848e+01
5.291833877816186060e+01
5.001266938908092641e+01
5.208733469454045917e+01
5.421616734727022902e+01
5.585508367363511439e+01
5.642554183681755831e+01
5.636377091840877540e+01
5.556838545920439287e+01
5.277769272960219382e+01
5.420084636480109452e+01
5.445742318240054658e+01
5.497771159120027562e+01
5.535185579560013736e+01
5.494842789780007308e+01
5.387071394890003262e+01
5.052885697445001512e+01
5.274492848722501037e+01
5.417746424361250490e+01
5.481623212180625160e+01
5.476911606090313001e+01
5.420705803045156301e+01
5.325652901522578020e+01
5.075226450761289243e+01
5.229613225380644792e+01
5.252706612690322174e+01
5.173053306345160962e+01
5.093576653172580393e+01
5.089688326586289691e+01
4.940594163293144447e+01
4.814197081646572229e+01
4.826348540823286015e+01
5.139274270411642931e+01
5.336237135205821858e+01
5.417468567602911378e+01
5.375584283801455854e+01
5.237242141900728143e+01
4.944021070950364560e+01
5.034860535475182530e+01
5.080680267737591294e+01
5.155590133868795988e+01
5.173095066934398290e+01
5.151147533467199224e+01
5.020123766733599524e+01
4.821661883366799373e+01
5.020980941683399834e+01
5.264740470841699960e+01
5.395970235420850258e+01
5.330985117710424959e+01
5.247242558855212735e+01
5.101821279427606726e+01
4.760960639713803744e+01
4.881580319856901440e+01
4.961690159928450328e+01
5.080245079964225141e+01
5.232722539982112409e+01
5.213261269991056679e+01
5.070680634995528635e+01
4.678240317497764522e+01
4.699620158748882659e+01
4.749910079374441807e+01
4.807005039687220460e+01
4.859052519843609730e+01
4.895976259921805251e+01
4.838638129960902745e+01
4.532169064980450912e+01
4.615834532490225683e+01
4.629367266245112944e+01
4.619683633122556898e+01
4.628191816561277960e+01
4.556395908280639162e+01
4.603897954140319371e+01
4.469748977070159413e+01
4.529874488535079990e+01
4.499387244267539643e+01
4.489193622133770134e+01
4.562846811066884811e+01
4.605923405533442860e+01
4.653061702766721908e+01
4.377880851383361005e+01
4.476790425691680753e+01
4.526945212845840416e+01
4.551022606422920092e+01
4.610261303211460415e+01
4.733630651605730577e+01
4.721365325802865698e+01
4.560082662901432826e+01
4.914791331450716427e+01
5.091795665725358333e+01
5.063597832862679127e+01
4.996248916431339637e+01
4.821824458215670006e+01
4.497762229107834742e+01
4.682481114553917223e+01
4.814240557276959009e+01
4.884370278638479590e+01
4.845985139319239465e+01
4.844892569659619852e+01
4.778046284829810020e+01
4.519273142414904498e+01
4.589086571207452181e+01
4.306993285603726207e+01
4.403796642801863470e+01
4.484048321400931769e+01
4.570474160700466371e+01
4.546737080350233384e+01
