1.778999999999999915e+01
1.892499999999999716e+01
2.071750000000000114e+01
2.258375000000000199e+01
2.394187500000000313e+01
2.475093749999999915e+01
2.480046875000000028e+01
2.492023437499999972e+01
2.498511718750000199e+01
2.460255859375000043e+01
2.396627929687500114e+01
2.347813964843749801e+01
2.329906982421874773e+01
2.278953491210937443e+01
2.248976745605468608e+01
2.228988372802734119e+01
2.183994186401367088e+01
2.120997093200683281e+01
2.018498546600341825e+01
1.913249273300170827e+01
1.803624636650085478e+01
1.728312318325042796e+01
1.710656159162521561e+01
1.711328079581260653e+01
1.742664039790630426e+01
1.846832019895315113e+01
2.014916009947657471e+01
2.195958004973828537e+01
2.339479002486914183e+01
2.398739501243456829e+01
2.401369750621728372e+01
2.415184875310864143e+01
2.417092437655432136e+01
2.400546218827716061e+01
2.353273109413857966e+01
2.308636554706929189e+01
2.325818277353464580e+01
2.313909138676732269e+01
2.305954569338366156e+01
2.309477284669183206e+01
2.315238642334591646e+01
2.280619321167295865e+01
2.182309660583647926e+01
2.066154830291824140e+01
1.971077415145911971e+01
1.901038707572956099e+01
1.859519353786478035e+01
1.821759676893238833e+01
1.804379838446619289e+01
1.831689919223309460e+01
1.899844959611654716e+01
1.997922479805827578e+01
2.081461239902913718e+01
2.132230619951456774e+01
2.143115309975728167e+01
2.142557654987864169e+01
2.133778827493932084e+01
2.089889413746966085e+01
2.049944706873483113e+01
2.055472353436741528e+01
2.122736176718370871e+01
2.169868088359185521e+01
2.167434044179592689e+01
2.162717022089796259e+01
2.155358511044898151e+01
2.127679255522448898e+01
2.043339627761224619e+01
1.957669813880612253e+01
1.873834906940306055e+01
1.799417453470152850e+01
1.764708726735076283e+01
1.746854363367538099e+01
1.780427181683769078e+01
1.892213590841884496e+01
2.065106795420942376e+01
2.251053397710471415e+01
2.393526698855235679e+01
2.469263349427617982e+01
2.473131674713808792e+01
2.482065837356904581e+01
2.472032918678452518e+01
2.443516459339226188e+01
2.386758229669613129e+01
2.346379114834806501e+01
2.340689557417403321e+01
2.289344778708701611e+01
2.260172389354350742e+01
2.225586194677175200e+01
2.194293097338587728e+01
2.135646548669294020e+01
2.034323274334646925e+01
1.940161637167323505e+01
1.855580818583661795e+01
1.796290409291830770e+01
1.779145204645915612e+01
1.775072602322957849e+01
1.822036301161478988e+01
1.945518150580739558e+01
2.132259075290370021e+01
2.308629537645185081e+01
2.441314768822592640e+01
2.485657384411296533e+01
2.495328692205648480e+01
2.516664346102824368e+01
2.522832173051412141e+01
2.510416086525706092e+01
2.455708043262853124e+01
2.386354021631426647e+01
2.354177010815713089e+01
2.309088505407856573e+01
2.274044252703928493e+01
2.263022126351964403e+01
2.258011063175982258e+01
2.208505531587991300e+01
2.105752765793995707e+01
2.003876382896997654e+01
1.915938191448498884e+01
1.848469095724249200e+01
1.812734547862124401e+01
1.799867273931062073e+01
1.838933636965531093e+01
1.956966818482765547e+01
2.152983409241382873e+01
2.348491704620691678e+01
2.489245852310345697e+01
2.553622926155172834e+01
2.576311463077586339e+01
2.608655731538793177e+01
2.643827865769396368e+01
2.608913932884698283e+01
2.536956966442349071e+01
2.488478483221174287e+01
2.470739241610587200e+01
2.416369620805293650e+01
2.350184810402646818e+01
2.317092405201323402e+01
2.297546202600661758e+01
2.234773101300330822e+01
2.131386550650165645e+01
2.024193275325082908e+01
1.931596637662541482e+01
1.867798318831270876e+01
1.831399159415635580e+01
1.810699579707817719e+01
1.843349789853908760e+01
1.957674894926954323e+01
2.126837447463477204e+01
2.304918723731738339e+01
2.450459361865869212e+01
2.507729680932934713e+01
2.517864840466467413e+01
2.536932420233233643e+01
2.546966210116616836e+01
2.532483105058308581e+01
2.475241552529154276e+01
2.438120776264577216e+01
2.404560388132288651e+01
2.350280194066144190e+01
2.312140097033071839e+01
2.297070048516535934e+01
2.293535024258267896e+01
2.240767512129134076e+01
2.137383756064566853e+01
2.035191878032283341e+01
1.947595939016141742e+01
1.881797969508070878e+01
1.852398984754035638e+01
1.835199492377017805e+01
1.870599746188509016e+01
1.990299873094254579e+01
2.164649936547127140e+01
2.359324968273563528e+01
2.526162484136781927e+01
2.616081242068391077e+01
2.627540621034195567e+01
2.647770310517097769e+01
2.640885155258548878e+01
2.585942577629274552e+01
2.500471288814637205e+01
2.422735644407318745e+01
2.360367822203659216e+01
2.266183911101829551e+01
2.199091955550914790e+01
2.155545977775457445e+01
2.126272988887728843e+01
2.072136494443864407e+01
1.984068247221932069e+01
1.897034123610966105e+01
1.816517061805483024e+01
1.756758530902741455e+01
1.733879265451370699e+01
1.726439632725685414e+01
1.747219816362842693e+01
1.826109908181421559e+01
1.970054954090710808e+01
2.134027477045355425e+01
2.257013738522677926e+01
2.306506869261338721e+01
2.295753434630669432e+01
2.284376717315334560e+01
2.258188358657667294e+01
2.204594179328833548e+01
2.165297089664417030e+01
2.161648544832208430e+01
2.172324272416103952e+01
2.148162136208051720e+01
2.105081068104026087e+01
2.068540534052013058e+01
2.041270267026006735e+01
1.993635133513003410e+01
1.915317566756501577e+01
1.830658783378250831e+01
1.759329391689125544e+01
1.701164695844562758e+01
1.676582347922281357e+01
1.661791173961140800e+01
1.666395586980570442e+01
1.712197793490285136e+01
1.792598896745142412e+01
1.872299448372571362e+01
1.942149724186285908e+01
1.973074862093142912e+01
1.969537431046571641e+01
1.953768715523285948e+01
1.919884357761642946e+01
1.880942178880821558e+01
1.852971089440410779e+01
1.866985544720205326e+01
1.947992772360102620e+01
1.977496386180051502e+01
1.984748193090025836e+01
1.987874096545012748e+01
1.994937048272506530e+01
1.960468524136253166e+01
1.890734262068126625e+01
1.803367131034063320e+01
1.727183565517031738e+01
1.669091782758516018e+01
1.655545891379258094e+01
1.661772945689629211e+01
1.725386472844814634e+01
1.865693236422407253e+01
2.063846618211203676e+01
2.250423309105601888e+01
2.380211654552800837e+01
2.438605827276400362e+01
2.436802913638200252e+01
2.431401456819100204e+01
2.406700728409550294e+01
2.358850364204775119e+01
2.302925182102387680e+01
2.268462591051194011e+01
2.236231295525596963e+01
2.160615647762798375e+01
2.101307823881399273e+01
2.034653911940699800e+01
1.981326955970349957e+01
1.923163477985174907e+01
1.844581738992587461e+01
1.767790869496293737e+01
1.694895434748146812e+01
1.641447717374073534e+01
1.631223858687036810e+01
1.644611929343518142e+01
1.710805964671759227e+01
1.859402982335879528e+01
2.054701491167939764e+01
2.241350745583969939e+01
2.364175372791984842e+01
2.417587686395992463e+01
2.408293843197996154e+01
2.396646921598998148e+01
2.382823460799499315e+01
2.349911730399749743e+01
2.307955865199874879e+01
2.283477932599937432e+01
2.262238966299968723e+01
2.206619483149984262e+01
2.150809741574992273e+01
2.100904870787496037e+01
2.055452435393748090e+01
2.017226217696874002e+01
1.901113108848436895e+01
1.805556554424218518e+01
1.723278277212109089e+01
1.681139138606054573e+01
1.660069569303027492e+01
1.641034784651513689e+01
1.707517392325756589e+01
1.853758696162878294e+01
2.055879348081439062e+01
2.262439674040719595e+01
2.398719837020360046e+01
2.445859918510180009e+01
2.417429959255090210e+01
2.398714979627545318e+01
2.380857489813772787e+01
2.342928744906886607e+01
2.301464372453443374e+01
2.281232186226721836e+01
2.267116093113360975e+01
2.218058046556680551e+01
2.172529023278340077e+01
2.124264511639169939e+01
2.076132255819585026e+01
2.013566127909792414e+01
1.921783063954896420e+01
1.828891531977448182e+01
1.743445765988724006e+01
1.682722882994362124e+01
1.669361441497181175e+01
1.679180720748590616e+01
1.743090360374295500e+01
1.873045180187147807e+01
2.072022590093573768e+01
2.248511295046786884e+01
2.367255647523393236e+01
2.403627823761696547e+01
2.367313911880848210e+01
2.331656955940424325e+01
2.298328477970212091e+01
2.268164238985105996e+01
2.232082119492552863e+01
2.232041059746276446e+01
2.217020529873138202e+01
2.151010264936569172e+01
2.084005132468284671e+01
2.034002566234142506e+01
1.989501283117071040e+01
1.929250641558535762e+01
1.848125320779267966e+01
1.770562660389634146e+01
1.709781330194817173e+01
1.661390665097408714e+01
1.653195332548704499e+01
1.669097666274352321e+01
1.735048833137176416e+01
1.878524416568588151e+01
2.080762208284293990e+01
2.255881104142147109e+01
2.354940552071073512e+01
2.389970276035536756e+01
2.369985138017768378e+01
2.345492569008884232e+01
2.309246284504442315e+01
2.279623142252221157e+01
2.242811571126110692e+01
2.230405785563055332e+01
2.226202892781527609e+01
2.181101446390763954e+01
2.126550723195381920e+01
2.037275361597691159e+01
1.983137680798845537e+01
1.918568840399422726e+01
1.842784420199711448e+01
1.769392210099855589e+01
1.695696105049927738e+01
1.650348052524963904e+01
1.639174026262482187e+01
1.650087013131241065e+01
1.689543506565620490e+01
1.789271753282810096e+01
1.968135876641404991e+01
2.136567938320702353e+01
2.245783969160351035e+01
2.304891984580175546e+01
2.293945992290087688e+01
2.275472996145043680e+01
2.239236498072521897e+01
2.203618249036260934e+01
2.176809124518130290e+01
2.193404562259065216e+01
2.217702281129532693e+01
2.173851140564766382e+01
2.111925570282383191e+01
2.057962785141191375e+01
2.009481392570595659e+01
1.951740696285298071e+01
1.868370348142649107e+01
1.778685174071324582e+01
1.702842587035662092e+01
1.653421293517831003e+01
1.637210646758915544e+01
1.630605323379457872e+01
1.644802661689728751e+01
1.699401330844864333e+01
1.786200665422432365e+01
1.898100332711216254e+01
1.978550166355608297e+01
2.014775083177804049e+01
2.007887541588902280e+01
1.996443770794451211e+01
1.972721885397225350e+01
1.946360942698612462e+01
1.922680471349305975e+01
1.950840235674652945e+01
2.013920117837326274e+01
2.028960058918663378e+01
1.978980029459331647e+01
2.006490014729665816e+01
2.009245007364832958e+01
1.969122503682416436e+01
1.890561251841208446e+01
1.802780625920604152e+01
1.725890312960301998e+01
1.671445156480151084e+01
1.664722578240075279e+01
1.688361289120037867e+01
1.775180644560018806e+01
1.935090322280009190e+01
2.156045161140004751e+01
2.355522580570002589e+01
2.488261290285001337e+01
2.546130645142500626e+01
2.543065322571250420e+01
2.542532661285625295e+01
2.534266330642812903e+01
2.491633165321406551e+01
2.457816582660703375e+01
2.418908291330351545e+01
2.360954145665175830e+01
2.270477072832587950e+01
2.190738536416294124e+01
2.138369268208147034e+01
2.088184634104073467e+01
2.016092317052036975e+01
1.917046158526018473e+01
1.819523079263009180e+01
1.737761539631504348e+01
1.685880769815751989e+01
1.677440384907875881e+01
1.700220192453937784e+01
1.770110096226968821e+01
1.914055048113484503e+01
2.109027524056742209e+01
2.295513762028371119e+01
2.425256881014185595e+01
2.473628440507092563e+01
2.441314220253546097e+01
2.412157110126772963e+01
2.381078555063386659e+01
2.345539277531693401e+01
2.314269638765846793e+01
2.302634819382923581e+01
2.282817409691461563e+01
2.222408704845730654e+01
2.149204352422865583e+01
2.072102176211432578e+01
1.991551088105716261e+01
1.912275544052857867e+01
1.824637772026429161e+01
1.742818886013214552e+01
1.672409443006607432e+01
1.624204721503303617e+01
1.616602360751651801e+01
1.630801180375825865e+01
1.699400590187912741e+01
1.836700295093956470e+01
2.015850147546978377e+01
2.178425073773489373e+01
2.287712536886744630e+01
2.329856268443372258e+01
2.307928134221685923e+01
2.269964067110842976e+01
2.214482033555421481e+01
2.157241016777710740e+01
2.131620508388855484e+01
2.142310254194427799e+01
2.156155127097213864e+01
2.114077563548606875e+01
2.050538781774303487e+01
1.986769390887151587e+01
1.911384695443575765e+01
1.828692347721787925e+01
1.741846173860893998e+01
1.665423086930447027e+01
1.605211543465223656e+01
1.564105771732611849e+01
1.565552885866305921e+01
1.597776442933152907e+01
1.693888221466576383e+01
1.862444110733288127e+01
2.076222055366643815e+01
2.277111027683321964e+01
2.407555513841661110e+01
2.460777756920830583e+01
2.443888878460415270e+01
2.430444439230207720e+01
2.409722219615103711e+01
2.376861109807551742e+01
2.337930554903775970e+01
2.330465277451887829e+01
2.324232638725943900e+01
2.272116319362972092e+01
2.200058159681486103e+01
2.125029079840743051e+01
2.058014539920371533e+01
1.965007269960185710e+01
1.861503634980092770e+01
1.769251817490046363e+01
1.691625908745023210e+01
1.640312954372511456e+01
1.636656477186255643e+01
1.660828238593127892e+01
1.748414119296563740e+01
1.917707059648282097e+01
2.130853529824140935e+01
2.328926764912070269e+01
2.449463382456035276e+01
2.483231691228017723e+01
2.462615845614008947e+01
2.443807922807004473e+01
2.426903961403502308e+01
2.393451980701751225e+01
2.346225990350875534e+01
2.325612995175437803e+01
2.305306497587719150e+01
2.247153248793859603e+01
2.171076624396929589e+01
2.105038312198464823e+01
2.042519156099232447e+01
1.958259578049616323e+01
1.861629789024808090e+01
1.771314894512403981e+01
1.691157447256201962e+01
1.643078723628100946e+01
1.633039361814050494e+01
1.644519680907025361e+01
1.697759840453512936e+01
1.816379920226756539e+01
1.985189960113378049e+01
2.151594980056689010e+01
2.273297490028344470e+01
2.313648745014172192e+01
2.291824372507085883e+01
2.275912186253543013e+01
2.258956093126771592e+01
2.232478046563385732e+01
2.198239023281692894e+01
2.204119511640846696e+01
2.236559755820423590e+01
2.205279877910211894e+01
2.149639938955105833e+01
2.101319969477552974e+01
2.045159984738776515e+01
1.978579992369388307e+01
1.890789996184694388e+01
1.801394998092347066e+01
1.726697499046173334e+01
1.669348749523086894e+01
1.650674374761543461e+01
1.652337187380771866e+01
1.670668593690385961e+01
1.724834296845192938e+01
1.823417148422596412e+01
1.922208574211298071e+01
1.991104287105649107e+01
2.021052143552824631e+01
2.012526071776412095e+01
1.991263035888206190e+01
1.970131517944103194e+01
1.942065758972051626e+01
1.917032879486026076e+01
1.940016439743013166e+01
2.014508219871506611e+01
2.035254109935753064e+01
2.036127054967876404e+01
2.029563527483938401e+01
2.015781763741969002e+01
1.965390881870984430e+01
1.884195440935492272e+01
1.803097720467746257e+01
1.732548860233873000e+01
1.672274430116936372e+01
1.660637215058468286e+01
1.672318607529233958e+01
1.746159303764616766e+01
1.909579651882308582e+01
2.108789825941154206e+01
2.283894912970577096e+01
2.414947456485288768e+01
2.481973728242644484e+01
2.456986864121322256e+01
2.447993432060660979e+01
2.440496716030330404e+01
2.420748358015165280e+01
2.391374179007582512e+01
2.370687089503791256e+01
2.351343544751895820e+01
2.288171772375947910e+01
2.212585886187974182e+01
2.149792943093986963e+01
2.094396471546993510e+01
2.041198235773496705e+01
1.942599117886748417e+01
1.849799558943374223e+01
1.772899779471687154e+01
1.719949889735843840e+01
1.694974944867922062e+01
1.709987472433961031e+01
1.780493736216980594e+01
1.928746868108490276e+01
2.110373434054245223e+01
2.314186717027122597e+01
2.442593358513561341e+01
2.496796679256780749e+01
2.481398339628390204e+01
2.483699169814195074e+01
2.486349584907097565e+01
2.471674792453548974e+01
2.428337396226774558e+01
2.389168698113387279e+01
2.377084349056693569e+01
2.312042174528346550e+01
2.237521087264173048e+01
2.184260543632086637e+01
2.141130271816043518e+01
2.071065135908021659e+01
1.978532567954010801e+01
1.871266283977005429e+01
1.785633141988502715e+01
1.720316570994251393e+01
1.702658285497125945e+01
1.703829142748563186e+01
1.779414571374281451e+01
1.931707285687140541e+01
2.131853642843570285e+01
2.337926821421785206e+01
2.464963410710892688e+01
2.523481705355446536e+01
2.510240852677723211e+01
2.507620426338861819e+01
2.499310213169430739e+01
2.472155106584715156e+01
2.419577553292357663e+01
2.390288776646178803e+01
2.374144388323089316e+01
2.301072194161544715e+01
2.245536097080772464e+01
2.206768048540386218e+01
2.157884024270192924e+01
2.092442012135096263e+01
1.997721006067548188e+01
1.903860503033774165e+01
1.820930251516887211e+01
1.750965125758443719e+01
1.733482562879221689e+01
1.739241281439610987e+01
1.803120640719805579e+01
1.943560320359902960e+01
2.158280160179951679e+01
2.348140080089975612e+01
2.477070040044987564e+01
2.504535020022493796e+01
2.481267510011246813e+01
2.477633755005623328e+01
2.480316877502811579e+01
2.462658438751405754e+01
2.416829219375702920e+01
2.409414609687851438e+01
2.405707304843925698e+01
2.358353652421962821e+01
2.297176826210981204e+01
2.251588413105490361e+01
2.181794206552745408e+01
2.092397103276372761e+01
2.003198551638186586e+01
1.917099275819093407e+01
1.845549637909546448e+01
1.798274818954773480e+01
1.788137409477386797e+01
1.793568704738693498e+01
1.818284352369346735e+01
1.884142176184673190e+01
2.000071088092336424e+01
2.127535544046168070e+01
2.220267772023083808e+01
2.310133886011541904e+01
2.304066943005771151e+01
2.299033471502885817e+01
2.291516735751442724e+01
2.270758367875721362e+01
2.243379183937860688e+01
2.265189591968930216e+01
2.284094795984465165e+01
2.271047397992232675e+01
2.239023698996116352e+01
2.215511849498058439e+01
2.201255924749029447e+01
2.152627962374514681e+01
2.060313981187257326e+01
1.957156990593628620e+01
1.865578495296814054e+01
1.802289247648407056e+01
1.778644623824203563e+01
1.780322311912101796e+01
1.821661155956050848e+01
1.942330577978025374e+01
2.127165288989012737e+01
2.322082644494506454e+01
2.457041322247253134e+01
2.518520661123626780e+01
2.500760330561813305e+01
2.507380165280906681e+01
2.506690082640453454e+01
2.477345041320226926e+01
2.435672520660113349e+01
2.423336260330056646e+01
2.347168130165028543e+01
2.260084065082514115e+01
2.181542032541257115e+01
2.121271016270628706e+01
2.077135508135314268e+01
2.024067754067657177e+01
1.949033877033828333e+01
1.863016938516913967e+01
1.778508469258456870e+01
1.706754234629228506e+01
1.684377117314614480e+01
1.672188558657307311e+01
1.684094279328653698e+01
1.728047139664326792e+01
1.809523569832163403e+01
1.906761784916081837e+01
1.977380892458040762e+01
2.020690446229020409e+01
2.017345223114510233e+01
1.993172611557255181e+01
1.965086305778627462e+01
1.928543152889313816e+01
1.915271576444656887e+01
1.972635788222328301e+01
2.024817894111163952e+01
2.038908947055582033e+01
2.029954473527791237e+01
2.021977236763895647e+01
2.014488618381948015e+01
1.969744309190974008e+01
1.889372154595486819e+01
1.804686077297743196e+01
1.730843038648871612e+01
1.677921519324435806e+01
1.674960759662217669e+01
1.702980379831108593e+01
1.787990189915554140e+01
1.959495094957777184e+01
2.177747547478888634e+01
2.378873773739444175e+01
2.514436886869722088e+01
2.533718443434861101e+01
2.499859221717430557e+01
2.504429610858715449e+01
2.518714805429357639e+01
2.508857402714678742e+01
2.463428701357339179e+01
2.434714350678669348e+01
2.408857175339334589e+01
2.343428587669667351e+01
2.272714293834833654e+01
2.213357146917416785e+01
2.171678573458708428e+01
2.098839286729354114e+01
1.995919643364677043e+01
1.885459821682338344e+01
1.793729910841169328e+01
1.733364955420584863e+01
1.717682477710292233e+01
1.735341238855146173e+01
1.801670619427573072e+01
1.959335309713786444e+01
2.182167654856893080e+01
2.391583827428446796e+01
2.527791913714223426e+01
2.590395956857111770e+01
2.581697978428555729e+01
2.586848989214277950e+01
2.591424494607139195e+01
2.565712247303569526e+01
2.508856123651784742e+01
2.470428061825892385e+01
2.436714030912946072e+01
2.374857015456473164e+01
2.299928507728236582e+01
2.249964253864118291e+01
2.214482126932059103e+01
2.142241063466029516e+01
2.035620531733014715e+01
1.939310265866507166e+01
1.849655132933253654e+01
1.783327566466626735e+01
1.771663783233313438e+01
1.785831891616656719e+01
1.851415945808328445e+01
2.011207972904164265e+01
2.232103986452082012e+01
2.453051993226041105e+01
2.592525996613020567e+01
2.653262998306510312e+01
2.637631499153255277e+01
2.650315749576627411e+01
2.662157874788313450e+01
2.645078937394156782e+01
2.587539468697078604e+01
2.537769734348539430e+01
2.499884867174269942e+01
2.428442433587134985e+01
2.346221216793567521e+01
2.299610608396783817e+01
2.266805304198391724e+01
2.210402652099195819e+01
2.105201326049597910e+01
2.002600663024799132e+01
1.911300331512399708e+01
1.849150165756199726e+01
1.835075082878099906e+01
1.846037541439049789e+01
1.909018770719524838e+01
2.051509385359762661e+01
2.264254692679881487e+01
2.470627346339940544e+01
2.618313673169970457e+01
2.684656836584985484e+01
2.667328418292492742e+01
2.669164209146246236e+01
2.667582104573123303e+01
2.622791052286561708e+01
2.558395526143280918e+01
2.519697763071640395e+01
2.482848881535820240e+01
2.397924440767910070e+01
2.323462220383954957e+01
2.297731110191977422e+01
2.281365555095988640e+01
2.231182777547994078e+01
2.129591388773997096e+01
2.017295694386998406e+01
1.922147847193499359e+01
1.858573923596749466e+01
1.837786961798374818e+01
1.841893480899187452e+01
1.900946740449593619e+01
2.055473370224796881e+01
2.270236685112398334e+01
2.467118342556199195e+01
2.606059171278099740e+01
2.672529585639049898e+01
2.674264792819525027e+01
2.700132396409762592e+01
2.716566198204881033e+01
2.687783099102440332e+01
2.616391549551219953e+01
2.565695774775609905e+01
2.535347887387804988e+01
2.466173943693902260e+01
2.421586971846951286e+01
2.347793485923475743e+01
2.348396742961737971e+01
2.313198371480869042e+01
2.205099185740434464e+01
2.088549592870216998e+01
1.995774796435108556e+01
1.920887398217554320e+01
1.892943699108776912e+01
1.886971849554388569e+01
1.912485924777194413e+01
2.005242962388597050e+01
2.156621481194298440e+01
2.327310740597149419e+01
2.468155370298574525e+01
2.547577685149287419e+01
2.555788842574643738e+01
2.594894421287321862e+01
2.593447210643660839e+01
2.556723605321830206e+01
2.527861802660915203e+01
2.526930901330457857e+01
2.510465450665228815e+01
2.451732725332614393e+01
2.387866362666306941e+01
2.349933181333153698e+01
2.330466590666576820e+01
2.268733295333288424e+01
2.166866647666644141e+01
2.058933323833322149e+01
1.960966661916661025e+01
1.889483330958330498e+01
1.855241665479165292e+01
1.835620832739582653e+01
1.828310416369791369e+01
1.862155208184895727e+01
1.951077604092447615e+01
2.053038802046224021e+01
2.136019401023111897e+01
2.193509700511555849e+01
2.208754850255778024e+01
2.200877425127888998e+01
2.160438712563944463e+01
2.111719356281972182e+01
2.084359678140986105e+01
2.142679839070493131e+01
2.215839919535246594e+01
2.261419959767623311e+01
2.274209979883811883e+01
2.299104989941906041e+01
2.321052494970953006e+01
2.248026247485476503e+01
2.157513123742738514e+01
2.061756561871369087e+01
1.981878280935684700e+01
1.903939140467842606e+01
1.872969570233921388e+01
1.882984785116960680e+01
1.938492392558480404e+01
2.042746196279239967e+01
2.220373098139619827e+01
1.367186549069809942e+01
9.385932745349048645e+00
9.502966372674524820e+00
1.313148318633726319e+01
1.759074159316863017e+01
2.026537079658431395e+01
2.158268539829215626e+01
2.221134269914607984e+01
2.223067134957303992e+01
2.303533567478651989e+01
2.336766783739325959e+01
2.295383391869663114e+01
2.266691695934831330e+01
2.299845847967415580e+01
2.221922923983707676e+01
2.101461461991853952e+01
1.985730730995926763e+01
1.888865365497963467e+01
1.818932682748981478e+01
1.801966341374490810e+01
1.805483170687245575e+01
1.874241585343622774e+01
2.032120792671811316e+01
2.258560396335905551e+01
2.468280198167952832e+01
2.620140099083976537e+01
2.699070049541988325e+01
2.708535024770993971e+01
2.726767512385497128e+01
2.724883756192748763e+01
2.680441878096374353e+01
2.622720939048187105e+01
2.591360469524093446e+01
2.545180234762046467e+01
2.457090117381023475e+01
2.372545058690511866e+01
2.324772529345256089e+01
2.295886264672628130e+01
2.218943132336314150e+01
2.101471566168157068e+01
1.979735783084078449e+01
1.879867891542039260e+01
1.814933945771019808e+01
1.790466972885509733e+01
1.792233486442754753e+01
1.860616743221377334e+01
2.021308371610688681e+01
2.236154185805344241e+01
2.469577092902672177e+01
2.642788546451335918e+01
2.698394273225667916e+01
2.682197136612833788e+01
2.684098568306416865e+01
2.679049284153208532e+01
2.652024642076604266e+01
2.615012321038302190e+01
2.623006160519150853e+01
2.596503080259575569e+01
2.526251540129787543e+01
2.489625770064893828e+01
2.481812885032447014e+01
2.492406442516223564e+01
2.219203221258111824e+01
2.032601610629055955e+01
1.911300805314527906e+01
1.832650402657263911e+01
1.793325201328632090e+01
1.788662600664316216e+01
1.820331300332158264e+01
1.855665650166078962e+01
1.958832825083039353e+01
2.187916412541519762e+01
2.426958206270759888e+01
2.595479103135379972e+01
2.685239551567689986e+01
2.655619775783845071e+01
2.655809887891922472e+01
2.635904943945961065e+01
2.586452471972980760e+01
2.542726235986490479e+01
2.523363117993245197e+01
2.481681558996622528e+01
2.409340779498311491e+01
2.330670389749155902e+01
2.264335194874578150e+01
2.212667597437289047e+01
2.141833798718644744e+01
2.035916899359322230e+01
1.922958449679661186e+01
1.815479224839830508e+01
1.750739612419915403e+01
1.735869806209957744e+01
1.756934903104978929e+01
1.832967451552489280e+01
1.993483725776244597e+01
2.220741862888122142e+01
2.432370931444061313e+01
2.578685465722030656e+01
2.678842732861015463e+01
2.640921366430507788e+01
2.607960683215253894e+01
2.578980341607626769e+01
2.536990170803813527e+01
2.484495085401906778e+01
2.495747542700953403e+01
2.489373771350476616e+01
2.440186885675238315e+01
2.346093442837619136e+01
2.270046721418809454e+01
2.207523360709404869e+01
2.134261680354702406e+01
2.029130840177351303e+01
1.927565420088675552e+01
1.837782710044337620e+01
1.770891355022168767e+01
1.752445677511084199e+01
1.746722838755542284e+01
1.790861419377771213e+01
1.909430709688885486e+01
2.081215354844442800e+01
2.260107677422221428e+01
2.415053838711110501e+01
2.454526919355555492e+01
2.429263459677777703e+01
2.418631729838888589e+01
2.412315864919444408e+01
2.389657932459722289e+01
2.344828966229861322e+01
2.354914483114930590e+01
2.371457241557465068e+01
2.334728620778732733e+01
2.263364310389366452e+01
2.194682155194683304e+01
2.140341077597341624e+01
2.087170538798670805e+01
1.998085269399335573e+01
1.900542634699667843e+01
1.812271317349834021e+01
1.746635658674917124e+01
1.725817829337458420e+01
1.713408914668729466e+01
1.724204457334364804e+01
1.772602228667182445e+01
1.854801114333591272e+01
1.957900557166795608e+01
2.047950278583397932e+01
2.054475139291698937e+01
2.039737569645849646e+01
2.020868784822924624e+01
2.000434392411462170e+01
1.973217196205731128e+01
1.996108598102865628e+01
2.032054299051432622e+01
2.125527149525716197e+01
2.145763574762857928e+01
2.144881787381429206e+01
2.132940893690714645e+01
2.119970446845357515e+01
2.078985223422678530e+01
1.989992611711339521e+01
1.889496305855669789e+01
1.807748152927835150e+01
1.748374076463917604e+01
1.739187038231958837e+01
1.759093519115979376e+01
1.835546759557989560e+01
2.000273379778994709e+01
2.225136689889497177e+01
2.438568344944748389e+01
2.594784172472374451e+01
2.624392086236187183e+01
2.598696043118093613e+01
2.597348021559047027e+01
2.592174010779523741e+01
2.570087005389761714e+01
2.521543502694881056e+01
2.511771751347440329e+01
2.499385875673720392e+01
2.441192937836860111e+01
2.366096468918430062e+01
2.309548234459214910e+01
2.271274117229607370e+01
2.208637058614803550e+01
2.101318529307401661e+01
1.982659264653700859e+01
1.883329632326850600e+01
1.814664816163425343e+01
1.801832408081712700e+01
1.815916204040856385e+01
1.890958102020428200e+01
2.051979051010214050e+01
2.276989525505106826e+01
2.494994762752553186e+01
2.663997381376276508e+01
2.731998690688138254e+01
2.721999345344069354e+01
2.728499672672034748e+01
2.705249836336017211e+01
2.661124918168008691e+01
2.604062459084004288e+01
2.603531229542002023e+01
2.597265614771001196e+01
2.552132807385500612e+01
2.481066403692750555e+01
2.435033201846375306e+01
2.403516600923187596e+01
2.327258300461593876e+01
2.209129150230796768e+01
2.086564575115398412e+01
1.982282287557699263e+01
1.908141143778849624e+01
1.880570571889424869e+01
1.883785285944712484e+01
1.941892642972356242e+01
2.088446321486178192e+01
2.304223160743089238e+01
2.522111580371544548e+01
2.683055790185772338e+01
2.753027895092886013e+01
2.743013947546442921e+01
2.758506973773221205e+01
2.772253486886610574e+01
2.743626743443305216e+01
2.681813371721652572e+01
2.661906685860826371e+01
2.649953342930412958e+01
2.595476671465206664e+01
2.512738335732603190e+01
2.439869167866301680e+01
2.383934583933150719e+01
2.291967291966575360e+01
2.171483645983287758e+01
2.053241822991643772e+01
1.954120911495822099e+01
1.884560455747910979e+01
1.869280227873955624e+01
1.876140113936977727e+01
1.943570056968489013e+01
2.094785028484244549e+01
2.314892514242122346e+01
2.534446257121061308e+01
2.694223128560530611e+01
2.765611564280265355e+01
2.764305782140132806e+01
2.786652891070066573e+01
2.792826445535033031e+01
2.757913222767516714e+01
2.691456611383758357e+01
2.673728305691879115e+01
2.631364152845939586e+01
2.532682076422969786e+01
2.426841038211485113e+01
2.324920519105742756e+01
2.274460259552871122e+01
2.217230129776435632e+01
2.115615064888217844e+01
2.005807532444109142e+01
1.905403766222054429e+01
1.842701883111027428e+01
1.828850941555513643e+01
1.831425470777756814e+01
1.884712735388878357e+01
2.024356367694439029e+01
2.224178183847219259e+01
2.419089091923609658e+01
2.587544545961804943e+01
2.684772272980902486e+01
2.695886136490451435e+01
2.716943068245225845e+01
2.720471534122612667e+01
2.692735767061306262e+01
2.643367883530653017e+01
2.638683941765326324e+01
2.620341970882662963e+01
2.563670985441331496e+01
2.486835492720665997e+01
2.437917746360333027e+01
2.393958873180166336e+01
2.328979436590083196e+01
2.218489718295041513e+01
2.108244859147520600e+01
2.000122429573760385e+01
1.923061214786880413e+01
1.898030607393440050e+01
1.896515303696720167e+01
1.928257651848360155e+01
2.020128825924179949e+01
2.169064412962089961e+01
2.347032206481044980e+01
2.482016103240522398e+01
2.534508051620261426e+01
2.528754025810130912e+01
2.534877012905065641e+01
2.525438506452533005e+01
2.487219253226266602e+01
2.445609626613133258e+01
2.456804813306566615e+01
2.467902406653283265e+01
2.447451203326641433e+01
2.400225601663320774e+01
2.364612800831660167e+01
2.326806400415830112e+01
2.302903200207914836e+01
2.201951600103957674e+01
2.094975800051978609e+01
1.998987900025989362e+01
1.925493950012994659e+01
1.897246975006497394e+01
1.881123487503248626e+01
1.865061743751624235e+01
1.884530871875811897e+01
1.952765435937905991e+01
2.021882717968953003e+01
2.067441358984476452e+01
2.095220679492238247e+01
2.098610339746119280e+01
2.107305169873059469e+01
2.108152584936529905e+01
2.090576292468264796e+01
2.072288146234132356e+01
2.140644073117066171e+01
2.202822036558533014e+01
2.238411018279266429e+01
2.253205509139633023e+01
2.260102754569816597e+01
2.276051377284908384e+01
2.216525688642454384e+01
2.114762844321226964e+01
2.002881422160613312e+01
1.910940711080306897e+01
1.848970355540153321e+01
1.834485177770076803e+01
1.829742588885038401e+01
1.874371294442519087e+01
2.004685647221259615e+01
2.217842823610629921e+01
2.415421411805314733e+01
2.556210705902657310e+01
2.622105352951328427e+01
2.622052676475664157e+01
2.659026338237832121e+01
2.689513169118916025e+01
2.685256584559457949e+01
2.655628292279729052e+01
2.646814146139864476e+01
2.609407073069932181e+01
2.519703536534966304e+01
2.431851768267483038e+01
2.355925884133741732e+01
2.287962942066870653e+01
2.214481471033435156e+01
2.112240735516717649e+01
2.004620367758358768e+01
1.897310183879179135e+01
1.810155091939589767e+01
1.781077545969795040e+01
1.771538772984897747e+01
1.830269386492448902e+01
1.961634693246224259e+01
2.158817346623111888e+01
2.366908673311555944e+01
2.521454336655778050e+01
2.585727168327888847e+01
2.590863584163944466e+01
2.610431792081972446e+01
2.625215896040986152e+01
2.608107948020493083e+01
2.567553974010246520e+01
2.558276987005123004e+01
2.536138493502561531e+01
2.484569246751280502e+01
2.414784623375640393e+01
2.358892311687820253e+01
2.315446155843910248e+01
2.238723077921954996e+01
2.127861538960977583e+01
2.009430769480488976e+01
1.900215384740244673e+01
1.829107692370122251e+01
1.804053846185060905e+01
1.802526923092530353e+01
1.866263461546265034e+01
1.998631730773132631e+01
2.206815865386566244e+01
2.434407932693283172e+01
2.580203966346641664e+01
2.658101983173320804e+01
2.654550991586660302e+01
2.669275495793330322e+01
2.681137747896665147e+01
2.659068873948332623e+01
2.608034436974166326e+01
2.588017218487082971e+01
2.556508609243541486e+01
2.500754304621770530e+01
2.429377152310885180e+01
2.364188576155442689e+01
2.323094288077721359e+01
2.248547144038860779e+01
2.135273572019430333e+01
2.017136786009714911e+01
1.906568393004857498e+01
1.829284196502428728e+01
1.803642098251214421e+01
1.811321049125607274e+01
1.877160524562803801e+01
2.024580262281401843e+01
2.235290131140700964e+01
2.445645065570350596e+01
2.588822532785175312e+01
2.649911266392587805e+01
2.647955633196293945e+01
2.656977816598146802e+01
2.661988908299073486e+01
2.640994454149536708e+01
2.599497227074768091e+01
2.594748613537383974e+01
2.570874306768691753e+01
2.515437153384345947e+01
2.445218576692172974e+01
2.399609288346086444e+01
2.371304644173043386e+01
2.294652322086521679e+01
2.180826161043260925e+01
2.057413080521630633e+01
1.944706540260815331e+01
1.849853270130407878e+01
1.816426635065203854e+01
1.807713317532601849e+01
1.870856658766300740e+01
1.996428329383150313e+01
2.178714164691574950e+01
2.367357082345787234e+01
2.498178541172893574e+01
2.557089270586446617e+01
2.553544635293223308e+01
2.563772317646611754e+01
2.566386158823306118e+01
2.552693079411653088e+01
2.520846539705826572e+01
2.527923269852913535e+01
2.518461634926456583e+01
2.461230817463228249e+01
2.378615408731614167e+01
2.312307704365807126e+01
2.270153852182903620e+01
2.204076926091451583e+01
2.100538463045725734e+01
1.987269231522862611e+01
1.880134615761431149e+01
1.807067307880715390e+01
1.775533653940357937e+01
1.778766826970178982e+01
1.815383413485089648e+01
1.923191706742544937e+01
2.091095853371272284e+01
2.267047926685636128e+01
2.396523963342818320e+01
2.448761981671409416e+01
2.441880990835704779e+01
2.448440495417852247e+01
2.463720247708926081e+01
2.466860123854463183e+01
2.442930061927231833e+01
2.457965030963615760e+01
2.457482515481807894e+01
2.412741257740903933e+01
2.333370628870451924e+01
2.256685314435225820e+01
2.202842657217613009e+01
2.125921328608806249e+01
2.019960664304403153e+01
1.891980332152201782e+01
1.786990166076100905e+01
1.756995083038050609e+01
1.743497541519025162e+01
1.731748770759512723e+01
1.749374385379756447e+01
1.777687192689878160e+01
1.865843596344939215e+01
1.942421798172469494e+01
2.018710899086234889e+01
2.054355449543117373e+01
2.057177724771558758e+01
2.047088862385779606e+01
2.040044431192889718e+01
2.015522215596444866e+01
1.995761107798222511e+01
2.045880553899111476e+01
2.100440276949555596e+01
2.137720138474777798e+01
2.136360069237388970e+01
2.124680034618694435e+01
2.111840017309346962e+01
2.063420008654673410e+01
1.973710004327336520e+01
1.869855002163668445e+01
1.782927501081834265e+01
1.728963750540917133e+01
1.721981875270458318e+01
1.742490937635228931e+01
1.818745468817614608e+01
1.983872734408807048e+01
2.211436367204403552e+01
2.429218183602201719e+01
2.575609091801100803e+01
2.638304545900550480e+01
2.632152272950275318e+01
2.648076136475137687e+01
2.667538068237568893e+01
2.658269034118784191e+01
2.623134517059391868e+01
2.624567258529695835e+01
2.611783629264847661e+01
2.545391814632423788e+01
2.462195907316211674e+01
2.392597953658106036e+01
2.333298976829053117e+01
2.245149488414526573e+01
2.122074744207263208e+01
1.994537372103631867e+01
1.889768686051816005e+01
1.823384343025907839e+01
1.811192171512954019e+01
1.822596085756477180e+01
1.886298042878238590e+01
2.032149021439119352e+01
2.243574510719559711e+01
2.438787255359779849e+01
2.581393627679889846e+01
2.652196813839945122e+01
2.645098406919972689e+01
2.656049203459986430e+01
2.668024601729993250e+01
2.647012300864996703e+01
2.619506150432498259e+01
2.623753075216249186e+01
2.609876537608124636e+01
2.562438268804062247e+01
2.443719134402031301e+01
2.352859567201015523e+01
2.285929783600507648e+01
2.224964891800253852e+01
2.119482445900126777e+01
2.002741222950063360e+01
1.890370611475031737e+01
1.823185305737515804e+01
1.808092652868757710e+01
1.819046326434379068e+01
1.891023163217189307e+01
2.038511581608594625e+01
2.245255790804297291e+01
2.439627895402148638e+01
2.570813947701074298e+01
2.643406973850537156e+01
2.629703486925268408e+01
2.630851743462634218e+01
2.640425871731316931e+01
2.626712935865658238e+01
2.594856467932829247e+01
2.588428233966414638e+01
2.569214116983207319e+01
2.512607058491603595e+01
2.435303529245801712e+01
2.365651764622900899e+01
2.315325882311450556e+01
2.224162941155725193e+01
2.112081470577862774e+01
1.977040735288931472e+01
1.874520367644465679e+01
1.801760183822232619e+01
1.784880091911116295e+01
1.808440045955558162e+01
1.873720022977779109e+01
2.003860011488889370e+01
2.216930005744444543e+01
2.466965002872222357e+01
2.595482501436111278e+01
2.628741250718055511e+01
2.556870625359027827e+01
2.561435312679513743e+01
2.581717656339756672e+01
2.600858828169878478e+01
2.590929414084938998e+01
2.580464707042469286e+01
2.564732353521234387e+01
2.492366176760616980e+01
2.392683088380308476e+01
2.294341544190154281e+01
2.226170772095077055e+01
2.132085386047538478e+01
2.017542693023769118e+01
1.908271346511884303e+01
1.811635673255942081e+01
1.755317836627970962e+01
1.744658918313985652e+01
1.753829459156992954e+01
1.815914729578496534e+01
1.964957364789248118e+01
2.163978682394623831e+01
2.357489341197312172e+01
2.501244670598656228e+01
2.555622335299328185e+01
2.552811167649664270e+01
2.565405583824832192e+01
2.573702791912415933e+01
2.546351395956207853e+01
2.542175697978103699e+01
2.551087848989051921e+01
2.524043924494525726e+01
2.465521962247262877e+01
2.371260981123631240e+01
2.281630490561815705e+01
2.207315245280907590e+01
2.126657622640453837e+01
2.013328811320226919e+01
1.894664405660113715e+01
1.802832202830056829e+01
1.740416101415028294e+01
1.729208050707514133e+01
1.736604025353756953e+01
1.787302012676878604e+01
1.892651006338439146e+01
2.056825503169219616e+01
2.241912751584609964e+01
2.367456375792304968e+01
2.423728187896152519e+01
2.415364093948076274e+01
2.429682046974038201e+01
2.455841023487019115e+01
2.464420511743509579e+01
2.460710255871754981e+01
2.498355127935877462e+01
2.490177563967938568e+01
2.443088781983969326e+01
2.365544390991984613e+01
2.274272195495992221e+01
2.201136097747995990e+01
2.126068048873997895e+01
2.018534024436998919e+01
1.913767012218499275e+01
1.821383506109249595e+01
1.757191753054624783e+01
1.751095876527312356e+01
1.753547938263655936e+01
1.761273969131828210e+01
1.808636984565914219e+01
1.889318492282956896e+01
1.983659246141478505e+01
2.056829623070739288e+01
2.093914811535369580e+01
2.097957405767684946e+01
2.101478702883842686e+01
2.097239351441921329e+01
2.082619675720960828e+01
2.078309837860480513e+01
2.141154918930240214e+01
2.199577459465120199e+01
2.232788729732560284e+01
2.206894364866280256e+01
2.183947182433140100e+01
2.145973591216569787e+01
2.083486795608284936e+01
1.985243397804142518e+01
1.883621698902071273e+01
1.798810849451035665e+01
1.742405424725517804e+01
1.730702712362759144e+01
1.761851356181379558e+01
1.828925678090689644e+01
1.977462839045345078e+01
2.189231419522672439e+01
2.386115709761336134e+01
2.521057854880668003e+01
2.586028927440334257e+01
2.578514463720167171e+01
2.579257231860083621e+01
2.589128615930041732e+01
2.585064307965020802e+01
2.556032153982510380e+01
2.563516076991255233e+01
2.533258038495627673e+01
2.454629019247813915e+01
2.416814509623906915e+01
2.288907254811953607e+01
2.182953627405976960e+01
2.096976813702988451e+01
1.990488406851494219e+01
1.881244203425747230e+01
1.785122101712873643e+01
1.724061050856436594e+01
1.717530525428218269e+01
1.740265262714109085e+01
1.813632631357054592e+01
1.959316315678527332e+01
2.162158157839263595e+01
2.346579078919631911e+01
2.467289539459815728e+01
2.515644769729907892e+01
2.501322384864953818e+01
2.503661192432476668e+01
2.492830596216238348e+01
2.489915298108119401e+01
2.482957649054059601e+01
2.511478824527029730e+01
2.503739412263514907e+01
2.461369706131757340e+01
2.358184853065878883e+01
2.219092426532939299e+01
2.108046213266469593e+01
2.018523106633234931e+01
1.907761553316617409e+01
1.802380776658308648e+01
1.714690388329154302e+01
1.659845194164577009e+01
1.650922597082288590e+01
1.674461298541144316e+01
1.741730649270571973e+01
1.889865324635285759e+01
2.086932662317642695e+01
2.271966331158821362e+01
2.395483165579410922e+01
2.437741582789705319e+01
2.425370791394852432e+01
2.425685395697426117e+01
2.428342697848712817e+01
2.424171348924356550e+01
2.416085674462178190e+01
2.448542837231089209e+01
2.428771418615544775e+01
2.351885709307772387e+01
2.250942854653886371e+01
2.137971427326943186e+01
2.025985713663471444e+01
1.915992856831735480e+01
1.803996428415867825e+01
1.704498214207934126e+01
1.623249107103967148e+01
1.575124553551983553e+01
1.578562276775991791e+01
1.609781138387995725e+01
1.687390569193997791e+01
1.837695284596998846e+01
2.036347642298499494e+01
2.220173821149249704e+01
2.347586910574624852e+01
2.409793455287312369e+01
2.404896727643656362e+01
2.408448363821828053e+01
2.418224181910914083e+01
2.420112090955456807e+01
2.410056045477728404e+01
2.438528022738864109e+01
2.423764011369431870e+01
2.365382005684715949e+01
2.285191002842358188e+01
2.179095501421178938e+01
2.031547750710589639e+01
1.923273875355294749e+01
1.805636937677647325e+01
1.699818468838823549e+01
1.618909234419411902e+01
1.572454617209706029e+01
1.584727308604853135e+01
1.621363654302426482e+01
1.703181827151213312e+01
1.852090913575606734e+01
2.057545456787803317e+01
2.253772728393901659e+01
2.399886364196950694e+01
2.480943182098475575e+01
2.490471591049237787e+01
2.496735795524618950e+01
2.492867897762309326e+01
2.455433948881154649e+01
2.408716974440577374e+01
2.423358487220288637e+01
2.408679243610144383e+01
2.366839621805072369e+01
2.310919810902536398e+01
2.220959905451267957e+01
2.120479952725634121e+01
2.026239976362817075e+01
1.915619988181408573e+01
1.810809994090704222e+01
1.722404997045352104e+01
1.671702498522676095e+01
1.687351249261337927e+01
1.725675624630668992e+01
1.771837812315334304e+01
1.836918906157666953e+01
1.919959453078833533e+01
2.003479726539416816e+01
2.057739863269708280e+01
2.080369931634854197e+01
2.080684965817427212e+01
2.079342482908713663e+01
2.069171241454356647e+01
2.047085620727178323e+01
2.055542810363589012e+01
2.182771405181794577e+01
2.254885702590897267e+01
2.263942851295448833e+01
2.236971425647724487e+01
2.200485712823862272e+01
2.167242856411931129e+01
2.098121428205965344e+01
2.001560714102982530e+01
1.895780357051491194e+01
1.805890178525745426e+01
1.747445089262872742e+01
1.736222544631436193e+01
1.733111272315718310e+01
1.731055636157859112e+01
1.762527818078929442e+01
1.827763909039464707e+01
1.902881954519732233e+01
1.961940977259866159e+01
1.992970488629933001e+01
2.007985244314966522e+01
2.013992622157483225e+01
2.005496311078741556e+01
1.980248155539370813e+01
1.969124077769685499e+01
2.060062038884842650e+01
2.127531019442421467e+01
2.151265509721210734e+01
2.157632754860605218e+01
2.140316377430302452e+01
2.117158188715151113e+01
2.064579094357575428e+01
1.976789547178787743e+01
1.882394773589393822e+01
1.798197386794696939e+01
1.754598693397348441e+01
1.748799346698674384e+01
1.752399673349336950e+01
1.772699836674668461e+01
1.824849918337334032e+01
1.910424959168667058e+01
2.016212479584333295e+01
2.086106239792166406e+01
2.109053119896083217e+01
2.101526559948041495e+01
2.099763279974020946e+01
2.104381639987010288e+01
2.085690819993505229e+01
2.077845409996752579e+01
2.151922704998376190e+01
2.209461352499188180e+01
2.243230676249594069e+01
2.228615338124797063e+01
2.183807669062398560e+01
2.159403834531199351e+01
2.113701917265599661e+01
2.021850958632799689e+01
1.926425479316399958e+01
1.835212739658199865e+01
1.783606369829099947e+01
1.775803184914549959e+01
1.799401592457275001e+01
1.852200796228637358e+01
1.976600398114318580e+01
2.169300199057159517e+01
2.370150099528579801e+01
2.521075049764289844e+01
2.595037524882145163e+01
2.601018762441072596e+01
2.619009381220536170e+01
2.631504690610267971e+01
2.612252345305133971e+01
2.561626172652567135e+01
2.561313086326283539e+01
2.541156543163141635e+01
2.482078271581571016e+01
2.410039135790785281e+01
2.347019567895392811e+01
2.287009783947696206e+01
2.214004891973848288e+01
2.112502445986924116e+01
2.005251222993462079e+01
1.912125611496730926e+01
1.846062805748365321e+01
1.832531402874182902e+01
1.834765701437091678e+01
1.883382850718545853e+01
2.012191425359272756e+01
2.209595712679636392e+01
2.409797856339818267e+01
2.551898928169909198e+01
2.628449464084954457e+01
2.624724732042477271e+01
2.641362366021238728e+01
2.646181183010619264e+01
2.627090591505309547e+01
2.592045295752654965e+01
2.596522647876327738e+01
2.569261323938163954e+01
2.503630661969081928e+01
2.425315330984540907e+01
2.352157665492270411e+01
2.294078832746135177e+01
2.219539416373067553e+01
2.110769708186533933e+01
1.991884854093267165e+01
1.892942427046633469e+01
1.829971213523316820e+01
1.824485606761658474e+01
1.841742803380829230e+01
1.908371401690414615e+01
2.050185700845207393e+01
2.253092850422603632e+01
2.456546425211301710e+01
2.601273212605650897e+01
2.667136606302825186e+01
2.657568303151412437e+01
2.655784151575706176e+01
2.653392075787853344e+01
2.618196037893926587e+01
2.563598018946963464e+01
2.560799009473481647e+01
2.523899504736741051e+01
2.442449752368370497e+01
2.360224876184185305e+01
2.254112438092092674e+01
2.171556219046046365e+01
2.089278109523023375e+01
1.986639054761511858e+01
1.882319527380755986e+01
1.797659763690377943e+01
1.741329881845189220e+01
1.741664940922594695e+01
1.763832470461297319e+01
1.831416235230648581e+01
1.973708117615324298e+01
2.175354058807662128e+01
2.382677029403831170e+01
2.525338514701915571e+01
2.595169257350957537e+01
2.583084628675478811e+01
2.587042314337739413e+01
2.583521157168869564e+01
2.553260578584434626e+01
2.513130289292217157e+01
2.518065144646108422e+01
2.497032572323054467e+01
2.410016286161527432e+01
2.306508143080763773e+01
2.209254071540382114e+01
2.130627035770191213e+01
2.046813517885095735e+01
1.943906758942547697e+01
1.839953379471273820e+01
1.752476689735636839e+01
1.699738344867818540e+01
1.703869172433909185e+01
1.724434586216954557e+01
1.772717293108477321e+01
1.881858646554238845e+01
2.051429323277119465e+01
2.227214661638559789e+01
2.359607330819279980e+01
2.416303665409640189e+01
2.394151832704820038e+01
2.395575916352409962e+01
2.410787958176204882e+01
2.396893979088102355e+01
2.341946989544051405e+01
2.395473494772025447e+01
2.405736747386012553e+01
2.354868373693006234e+01
2.264934186846502939e+01
2.167467093423251612e+01
2.085733546711625763e+01
2.006866773355812938e+01
1.911933386677906554e+01
1.816466693338953320e+01
1.736233346669476418e+01
1.685116673334738380e+01
1.679058336667369389e+01
1.687529168333684737e+01
1.707764584166842425e+01
1.762382292083421476e+01
1.843691146041710738e+01
1.937345573020855483e+01
2.019672786510427898e+01
2.059836393255213949e+01
2.057918196627606733e+01
2.051959098313803409e+01
2.036979549156901470e+01
2.009989774578450650e+01
1.991994887289225247e+01
2.039497443644612673e+01
2.107748721822306237e+01
2.139374360911153161e+01
2.125187180455576552e+01
2.088093590227788354e+01
2.045546795113894234e+01
1.967773397556947046e+01
1.873886698778473558e+01
1.778443349389236516e+01
1.701221674694618002e+01
1.655610837347309072e+01
1.657305418673654529e+01
1.683152709336827257e+01
1.760076354668413501e+01
1.915538177334206793e+01
2.130269088667103361e+01
2.340634544333551759e+01
2.487317272166775695e+01
2.539158636083387677e+01
2.501079318041693966e+01
2.470039659020847012e+01
2.451019829510423520e+01
2.421009914755211767e+01
2.386504957377605862e+01
2.405252478688802853e+01
2.393126239344401540e+01
2.340063119672200997e+01
2.236031559836100513e+01
2.126015779918050441e+01
2.041007889959025334e+01
1.940503944979512596e+01
1.837751972489756369e+01
1.743375986244878106e+01
1.663687993122439224e+01
1.619843996561219512e+01
1.632921998280609799e+01
1.676960999140305120e+01
1.755480499570152375e+01
1.905740249785075946e+01
2.108870124892538200e+01
2.298935062446269129e+01
2.430967531223134515e+01
2.490483765611567435e+01
2.477241882805783746e+01
2.478620941402891731e+01
2.473810470701445752e+01
2.454905235350722847e+01
2.436952617675361665e+01
2.461476308837680804e+01
2.456738154418840381e+01
2.386369077209420198e+01
2.260684538604710170e+01
2.168342269302355163e+01
2.072671134651177738e+01
1.977835567325588784e+01
1.872417783662794477e+01
1.775708891831397196e+01
1.702354445915698733e+01
1.658177222957849395e+01
1.661588611478924804e+01
1.699294305739462629e+01
1.791147152869731229e+01
1.954573576434865601e+01
2.169286788217432616e+01
2.370143394108716350e+01
2.503071697054357969e+01
2.556035848527179155e+01
2.537017924263589563e+01
2.539008962131794789e+01
2.531504481065897494e+01
2.496752240532948974e+01
2.479376120266474715e+01
2.500188060133237400e+01
2.481094030066618927e+01
2.412547015033309350e+01
2.308273507516654632e+01
2.200636753758327302e+01
2.099818376879163395e+01
1.995909188439581783e+01
1.885954594219791147e+01
1.787477297109895602e+01
1.704238648554947844e+01
1.658119324277473794e+01
1.667059662138736797e+01
1.694529831069368342e+01
1.779764915534683922e+01
1.946882457767341990e+01
2.159441228883670760e+01
2.350720614441835465e+01
2.470860307220917917e+01
2.514430153610458873e+01
2.491215076805229245e+01
2.483107538402614622e+01
2.484053769201307205e+01
2.473526884600653375e+01
2.459263442300326830e+01
2.483131721150163429e+01
2.474065860575081643e+01
2.399532930287540822e+01
2.300766465143770390e+01
2.184883232571885259e+01
2.078441616285942573e+01
1.976220808142971208e+01
1.859110404071485689e+01
1.757555202035742781e+01
1.682277601017871405e+01
1.640138800508935901e+01
1.650069400254468022e+01
1.675534700127234089e+01
1.762767350063617044e+01
1.927883675031808508e+01
2.140441837515904311e+01
2.328720918757952063e+01
2.458860459378976060e+01
2.515930229689487874e+01
2.493465114844743979e+01
2.482732557422372111e+01
2.476866278711186098e+01
2.461433139355592914e+01
2.447216569677796372e+01
2.467608284838897958e+01
2.440804142419449008e+01
2.356902071209724525e+01
2.242451035604862142e+01
2.115725517802431099e+01
2.004862758901215614e+01
1.914431379450607551e+01
1.815715689725303861e+01
1.718357844862651973e+01
1.647178922431325887e+01
1.606589461215662951e+01
1.616294730607831553e+01
1.641147365303915961e+01
1.700573682651958052e+01
1.813286841325979282e+01
1.976643420662989570e+01
2.135821710331494927e+01
2.242410855165747563e+01
2.285705427582873739e+01
2.263852713791436955e+01
2.258426356895718357e+01
2.242713178447858979e+01
2.227856589223929262e+01
2.246428294611964560e+01
2.314214147305982294e+01
2.342607073652991190e+01
2.316803536826495602e+01
2.248901768413247737e+01
2.159950884206623911e+01
2.079975442103312133e+01
1.987487721051655853e+01
1.885743860525828097e+01
1.793371930262914304e+01
1.711185965131457110e+01
1.664092982565728818e+01
1.668546491282864253e+01
1.677273245641432098e+01
1.708136622820715900e+01
1.775068311410358035e+01
1.874034155705179217e+01
1.970017077852589438e+01
2.039008538926294634e+01
2.070004269463147395e+01
2.062502134731573733e+01
2.040251067365786852e+01
2.017625533682893391e+01
1.994312766841446916e+01
1.980656383420723543e+01
2.041828191710362006e+01
2.089414095855180875e+01
2.102707047927590622e+01
2.089853523963795112e+01
2.052426761981897485e+01
2.008213380990948593e+01
1.945606690495474211e+01
1.856303345247737013e+01
1.772151672623868279e+01
1.698575836311934140e+01
1.657787918155967333e+01
1.669393959077983425e+01
1.712696979538991826e+01
1.785348489769495828e+01
1.921674244884747651e+01
2.117337122442373953e+01
2.307668561221186820e+01
2.446334280610593481e+01
2.508667140305296783e+01
2.493833570152648349e+01
2.498916785076324132e+01
2.495958392538162229e+01
2.476479196269081129e+01
2.459239598134540472e+01
2.486119799067270009e+01
2.483059899533635217e+01
2.454029949766817609e+01
2.336014974883408968e+01
2.277507487441704370e+01
2.175253743720852384e+01
2.094626871860426220e+01
1.987313435930213146e+01
1.883156717965106708e+01
1.798578358982553382e+01
1.750289179491276670e+01
1.759144589745638143e+01
1.795572294872819086e+01
1.876286147436409379e+01
2.038643073718204590e+01
2.259821536859102054e+01
2.471410768429550942e+01
2.614705384214775563e+01
2.683352692107387583e+01
2.676176346053694033e+01
2.683588173026846846e+01
2.691294086513423167e+01
2.676647043256711811e+01
2.637823521628355650e+01
2.634411760814177939e+01
2.596205880407088884e+01
2.513602940203544378e+01
2.410801470101772281e+01
2.299900735050886169e+01
2.213450367525442886e+01
2.137725183762721315e+01
2.058362591881360615e+01
1.974181295940680059e+01
1.869090647970340058e+01
1.809545323985170029e+01
1.805272661992584915e+01
1.838636330996292401e+01
1.913318165498146328e+01
2.065659082749073150e+01
2.292829541374536717e+01
2.502914770687268486e+01
2.621457385343634172e+01
2.661228692671816987e+01
2.641614346335908436e+01
2.639807173167954346e+01
2.648403586583977187e+01
2.645701793291988579e+01
2.625350896645994325e+01
2.632175448322997369e+01
2.589587724161498627e+01
2.490293862080749321e+01
2.380146931040374625e+01
2.271573465520187085e+01
2.185286732760093287e+01
2.087143366380046672e+01
1.967071683190023279e+01
1.856035841595011604e+01
1.762017920797505610e+01
1.701008960398752734e+01
1.700504480199376189e+01
1.731252240099688322e+01
1.820626120049844232e+01
1.972313060024922038e+01
2.174156530012461275e+01
2.370578265006230723e+01
2.493289132503115368e+01
2.545644566251557706e+01
2.532322283125778739e+01
2.531661141562889128e+01
2.531830570781444578e+01
2.522415285390722062e+01
2.491207642695361102e+01
2.496103821347680451e+01
2.467551910673840254e+01
2.401275955336920020e+01
2.289137977668460167e+01
2.226568988834230112e+01
2.086784494417114999e+01
1.995892247208557535e+01
1.884446123604278966e+01
1.786223061802139256e+01
1.704611530901069472e+01
1.652305765450534736e+01
1.656652882725267517e+01
1.697326441362633886e+01
1.780663220681316972e+01
1.941331610340658642e+01
2.146665805170329122e+01
2.346332902585164604e+01
2.476166451292582238e+01
2.528583225646291055e+01
2.498791612823145414e+01
2.473395806411572551e+01
2.476697903205786133e+01
2.467848951602893237e+01
2.444924475801446562e+01
2.445962237900723224e+01
2.420981118950361832e+01
2.353990559475180788e+01
2.265995279737590451e+01
2.160497639868795261e+01
2.057748819934397488e+01
1.947374409967198972e+01
1.835187204983599685e+01
1.733093602491799601e+01
1.650546801245899786e+01
1.608773400622949978e+01
1.614886700311475209e+01
1.651443350155737733e+01
1.715221675077868824e+01
1.835110837538934447e+01
2.011555418769466996e+01
2.193277709384733498e+01
2.315638854692366522e+01
2.376819427346183033e+01
2.349409713673091460e+01
2.340204856836545844e+01
2.351102428418273149e+01
2.352051214209136631e+01
2.341025607104568351e+01
2.364512803552284126e+01
2.355756401776142184e+01
2.306878200888071007e+01
2.213939100444035546e+01
2.112969550222018000e+01
2.022484775111009014e+01
1.926242387555504365e+01
1.827621193777752140e+01
1.735810596888876134e+01
1.658405298444438003e+01
1.610702649222218952e+01
1.616351324611109419e+01
1.631675662305554653e+01
1.652337831152777170e+01
1.702168915576388741e+01
1.782084457788194243e+01
1.871542228894097093e+01
1.938771114447048660e+01
1.967385557223524373e+01
1.951692778611761980e+01
1.927846389305880948e+01
1.906423194652940367e+01
1.890211597326469928e+01
1.899105798663234879e+01
1.967052899331617510e+01
2.009026449665808656e+01
2.018013224832904484e+01
1.995006612416452185e+01
1.948503306208225894e+01
1.894751653104113132e+01
1.819375826552056452e+01
1.739687913276028297e+01
1.659843956638014362e+01
1.590921978319007124e+01
1.550460989159503455e+01
1.557230494579751756e+01
1.600115247289875953e+01
1.696057623644938062e+01
1.863528811822468967e+01
2.071264405911234263e+01
2.265132202955616947e+01
2.397066101477808431e+01
2.459033050738904080e+01
2.436016525369451813e+01
2.427508262684725793e+01
2.429254131342362655e+01
2.424127065671181214e+01
2.411563532835590706e+01
2.427781766417795239e+01
2.397890883208897606e+01
2.315945441604448973e+01
2.231972720802224330e+01
2.112486360401112151e+01
2.016243180200556040e+01
1.916121590100278027e+01
1.813060795050139262e+01
1.718530397525069731e+01
1.637765198762534880e+01
1.594382599381267340e+01
1.601191299690633585e+01
1.632595649845316643e+01
1.712297824922658407e+01
1.879148912461329246e+01
2.080074456230664737e+01
2.271037228115332596e+01
2.384518614057666497e+01
2.432259307028833462e+01
2.415129653514416930e+01
2.420564826757208721e+01
2.440782413378604332e+01
2.438391206689302138e+01
2.414695603344651076e+01
2.421847801672325318e+01
2.397923900836162403e+01
2.330461950418081329e+01
2.237730975209040452e+01
2.138865487604520155e+01
2.052432743802260262e+01
1.952216371901130287e+01
1.844108185950565115e+01
1.752054092975282629e+01
1.673527046487641456e+01
1.631763523243820657e+01
1.638381761621910471e+01
1.684190880810955093e+01
1.772595440405477518e+01
1.939797720202738773e+01
2.142898860101369252e+01
2.338449430050684441e+01
2.467724715025342164e+01
2.518862357512671224e+01
2.515431178756335839e+01
2.517715589378168062e+01
2.522357794689084187e+01
2.512178897344541895e+01
2.501089448672270876e+01
2.504544724336135175e+01
2.467272362168067446e+01
2.393136181084033609e+01
2.301068090542016620e+01
2.208534045271008495e+01
2.120267022635504262e+01
2.036633511317752010e+01
1.933316755658876218e+01
1.838658377829437995e+01
1.764829188914718827e+01
1.719414594457359158e+01
1.724707297228679437e+01
1.764353648614339676e+01
1.854176824307170079e+01
2.019088412153585210e+01
2.231544206076792847e+01
2.430772103038396637e+01
2.563886051519198261e+01
2.610943025759598868e+01
2.579471512879799633e+01
2.558235756439899689e+01
2.561117878219949873e+01
2.555558939109975114e+01
2.549279469554987543e+01
2.554139734777493942e+01
2.524569867388746758e+01
2.468284933694373251e+01
2.386142466847186583e+01
2.297571233423593284e+01
2.222785616711796663e+01
2.109392808355898552e+01
1.990696404177949219e+01
1.879848202088974674e+01
1.790424101044487415e+01
1.738212050522243857e+01
1.737606025261121800e+01
1.769803012630561057e+01
1.853401506315280756e+01
2.010200753157640463e+01
2.209100376578820146e+01
2.381550188289410031e+01
2.477775094144704937e+01
2.513887547072352646e+01
2.462443773536176295e+01
2.415221886768087955e+01
2.392110943384044219e+01
2.381055471692022252e+01
2.368027735846010984e+01
2.397513867923005648e+01
2.396256933961502966e+01
2.336128466980751739e+01
2.250564233490375798e+01
2.155782116745187693e+01
2.071891058372593619e+01
1.955945529186296739e+01
1.845472764593148440e+01
1.752236382296574391e+01
1.677118191148286996e+01
1.642059095574143512e+01
1.647529547787071635e+01
1.669264773893535647e+01
1.736632386946767781e+01
1.851316193473383720e+01
2.033158096736691789e+01
2.191079048368345639e+01
2.319039524184172762e+01
2.363519762092086296e+01
2.331259881046042892e+01
2.290629940523021446e+01
2.284814970261510680e+01
2.282907485130755276e+01
2.295453742565377553e+01
2.348726871282688933e+01
2.363863435641344424e+01
2.286931717820672105e+01
2.181965858910336209e+01
2.073482929455168033e+01
1.964241464727584230e+01
1.857620732363792371e+01
1.762810366181896171e+01
1.677905183090948071e+01
1.606952591545474007e+01
1.575976295772736968e+01
1.582488147886368424e+01
1.608244073943184205e+01
1.643622036971591882e+01
1.715811018485796069e+01
1.800405509242898106e+01
1.879202754621449145e+01
1.932601377310724544e+01
1.957300688655362109e+01
1.938650344327680841e+01
1.889825172163840250e+01
1.838912586081919898e+01
1.801456293040959977e+01
1.795728146520480095e+01
1.855364073260239977e+01
1.893682036630119825e+01
1.901341018315059728e+01
1.889170509157529665e+01
1.842085254578764619e+01
1.787542627289382224e+01
1.704271313644691332e+01
1.625135656822345709e+01
1.545067828411172783e+01
1.489533914205586385e+01
1.470266957102793270e+01
1.492633478551396564e+01
1.545316739275698303e+01
1.645658369637849106e+01
1.836329184818924531e+01
2.040164592409462330e+01
2.199082296204731080e+01
2.301541148102365497e+01
2.329770574051182663e+01
2.338885287025591353e+01
2.299442643512795570e+01
2.272221321756397572e+01
2.252610660878198701e+01
2.245305330439099123e+01
2.241652665219549334e+01
2.265326332609774695e+01
2.171163166304887326e+01
2.062581583152443443e+01
1.947290791576221736e+01
1.838145395788110648e+01
1.719572697894055580e+01
1.617286348947027719e+01
1.541143174473513966e+01
1.489071587236756855e+01
1.462035793618378321e+01
1.481517896809189239e+01
1.527758948404594719e+01
1.642379474202297374e+01
1.839689737101148737e+01
2.045344868550574446e+01
2.240672434275287372e+01
2.345336217137643686e+01
2.380668108568821850e+01
2.353334054284410826e+01
2.342167027142205171e+01
2.333083513571102685e+01
2.320041756785551357e+01
2.306520878392775842e+01
2.327260439196388120e+01
2.319130219598194032e+01
2.250565109799097030e+01
2.143782554899548387e+01
2.021391277449774293e+01
1.895195638724887033e+01
1.769097819362443502e+01
1.657548909681221971e+01
1.567774454840611043e+01
1.497887227420305578e+01
1.463443613710152746e+01
1.480221806855076494e+01
1.530610903427538361e+01
1.641805451713769060e+01
1.831402725856884572e+01
2.046701362928442336e+01
2.244850681464221154e+01
2.369925340732110541e+01
2.418962670366055079e+01
2.399981335183027653e+01
2.386990667591513926e+01
2.377495333795756949e+01
2.364247666897878730e+01
2.353623833448939351e+01
2.376311916724469597e+01
2.357155958362234571e+01
2.290077979181117485e+01
2.187538989590558813e+01
2.056269494795279229e+01
1.933134747397639686e+01
1.801567373698819807e+01
1.678783686849410017e+01
1.584391843424705115e+01
1.515195921712352600e+01
1.482097960856176400e+01
1.500048980428088186e+01
1.561524490214044114e+01
1.680762245107021968e+01
1.868381122553510920e+01
2.082690561276755403e+01
2.277345280638377645e+01
2.401672640319188901e+01
2.448336320159594237e+01
2.419668160079797303e+01
2.412834080039898765e+01
2.401917040019949212e+01
2.385958520009974393e+01
2.371979260004987111e+01
2.391489630002493527e+01
2.367244815001246749e+01
2.296122407500623552e+01
2.186061203750311677e+01
2.060030601875156009e+01
1.934015300937577919e+01
1.809507650468788853e+01
1.692753825234394327e+01
1.596376912617197164e+01
1.530688456308598688e+01
1.496844228154299472e+01
1.519422114077149644e+01
1.565711057038574872e+01
1.679855528519287589e+01
1.861927764259643681e+01
2.084463882129821855e+01
2.281731941064910885e+01
2.409865970532455393e+01
2.478432985266227462e+01
2.441716492633113944e+01
2.420358246316556716e+01
2.413179123158278117e+01
2.402589561579139144e+01
2.381294780789569643e+01
2.404147390394784622e+01
2.385073695197392141e+01
2.304036847598695914e+01
2.185518423799348042e+01
2.053759211899674142e+01
1.931879605949837142e+01
1.827439802974918592e+01
1.725219901487459140e+01
1.635609950743729613e+01
1.567304975371864728e+01
1.532652487685932385e+01
1.545326243842966107e+01
1.587163121921483011e+01
1.665081560960741314e+01
1.808040780480370557e+01
1.991020390240185378e+01
2.174510195120092604e+01
2.288255097560046281e+01
2.330127548780023261e+01
2.287063774390011872e+01
2.262531887195005709e+01
2.256765943597503110e+01
2.249382971798751640e+01
2.241691485899375635e+01
2.289345742949687690e+01
2.305672871474843788e+01
2.241336435737422050e+01
2.143168217868711167e+01
2.014084108934355655e+01
1.888042054467177877e+01
1.791521027233589081e+01
1.697760513616794498e+01
1.610380256808397093e+01
1.544190128404198603e+01
1.504595064202099408e+01
1.512797532101049747e+01
1.528398766050524848e+01
1.555199383025262350e+01
1.639099691512631196e+01
1.740549845756315506e+01
1.835774922878157867e+01
1.895887461439078692e+01
1.920943730719539388e+01
1.903971865359769566e+01
1.872485932679884968e+01
1.832742966339942470e+01
1.811371483169970986e+01
1.819685741584985550e+01
1.901342870792492690e+01
1.958171435396246096e+01
1.952585717698122991e+01
1.918792858849061389e+01
1.848896429424530652e+01
1.773948214712265070e+01
1.707974107356132620e+01
1.620487053678066403e+01
1.541743526839033152e+01
1.479871763419516562e+01
1.448935881709758178e+01
1.470467940854879174e+01
1.520233970427439552e+01
1.626116985213719701e+01
1.787058492606859872e+01
1.987529246303429886e+01
2.168264623151714687e+01
2.282132311575857386e+01
2.321066155787928764e+01
2.278033077893964276e+01
2.261016538946982024e+01
2.256508269473491168e+01
2.250754134736745726e+01
2.247877067368372650e+01
2.278938533684186396e+01
2.274469266842093162e+01
2.205234633421046553e+01
2.107617316710523170e+01
1.962308658355261670e+01
1.842154329177630956e+01
1.724077164588815236e+01
1.616538582294407433e+01
1.528769291147203724e+01
1.461384645573601837e+01
1.426692322786800915e+01
1.444846161393400408e+01
1.509423080696700126e+01
1.619211540348349843e+01
1.796105770174175120e+01
1.992552885087087589e+01
2.158776442543543794e+01
2.257388221271772011e+01
2.287194110635886091e+01
2.247097055317943060e+01
2.223048527658971452e+01
2.220024263829485989e+01
2.220512131914743037e+01
2.218756065957371604e+01
2.254878032978685809e+01
2.255939016489342919e+01
2.195469508244671530e+01
2.080734754122335772e+01
1.927367377061167986e+01
1.802183688530583794e+01
1.671091844265291826e+01
1.560045922132646012e+01
1.470022961066323042e+01
1.402511480533161503e+01
1.372755740266580737e+01
1.396377870133290244e+01
1.458688935066645165e+01
1.572344467533322643e+01
1.751172233766661179e+01
1.952586116883330547e+01
2.133793058441665380e+01
2.249896529220832520e+01
2.297948264610416302e+01
2.265474132305207888e+01
2.253737066152604029e+01
2.251868533076302015e+01
2.239434266538150808e+01
2.229217133269075646e+01
2.264108566634537567e+01
2.262054283317268855e+01
2.192527141658634449e+01
2.085263570829317104e+01
1.947631785414658623e+01
1.810815892707329056e+01
1.679907946353664627e+01
1.568953973176832406e+01
1.479476986588416310e+01
1.413238493294208098e+01
1.386119246647104042e+01
1.406059623323552010e+01
1.478029811661776094e+01
1.587014905830888090e+01
1.760507452915443949e+01
1.968253726457722053e+01
2.147626863228860827e+01
2.262313431614430215e+01
2.301156715807215036e+01
2.262078357903607539e+01
2.252039178951803677e+01
2.252019589475901995e+01
2.248009794737951239e+01
2.247004897368975662e+01
2.276502448684487945e+01
2.294751224342243745e+01
2.219875612171122015e+01
2.089437806085560823e+01
1.944218903042780511e+01
1.826609451521390071e+01
1.704804725760694950e+01
1.591402362880347354e+01
1.503701181440173684e+01
1.439350590720086842e+01
1.408675295360043478e+01
1.435337647680021789e+01
1.487668823840011001e+01
1.564334411920005508e+01
1.683167205960002732e+01
1.838083602980001530e+01
1.994041801490000765e+01
2.105520900745000290e+01
2.151260450372500088e+01
2.119130225186250271e+01
2.089065112593124951e+01
2.077032556296562404e+01
2.074016278148281245e+01
2.086508139074140544e+01
2.158754069537070208e+01
2.203377034768535125e+01
2.162688517384267328e+01
2.085344258692133579e+01
1.978172129346067010e+01
1.865586064673033562e+01
1.752793032336516887e+01
1.645896516168258472e+01
1.556948258084129222e+01
1.489974129042064632e+01
1.455987064521032437e+01
1.474493532260516204e+01
1.529746766130257996e+01
1.607873383065128792e+01
1.741436691532564396e+01
1.916218345766282027e+01
2.092609172883140900e+01
2.205304586441570436e+01
2.250652293220785083e+01
2.215326146610392755e+01
2.194163073305196576e+01
2.178081536652598516e+01
2.169540768326299229e+01
2.172270384163149615e+01
2.230635192081575013e+01
2.261317596040787592e+01
2.223158798020394045e+01
2.141079399010197193e+01
2.033539699505098497e+01
1.920269849752549263e+01
1.821634924876274653e+01
1.718317462438137255e+01
1.633658731219068727e+01
1.567329365609534264e+01
1.534164682804767210e+01
1.548582341402383733e+01
1.585291170701191810e+01
1.633145585350595752e+01
1.711072792675297904e+01
1.806536396337649109e+01
1.907268198168824469e+01
1.981634099084412171e+01
2.001817049542206206e+01
1.976408524771103004e+01
1.926204262385551402e+01
1.884102131192775786e+01
1.855051065596387971e+01
1.852025532798193908e+01
1.915012766399097188e+01
1.974506383199548765e+01
1.985753191599774325e+01
1.954876595799887085e+01
1.887938297899943763e+01
1.806969148949971782e+01
1.709484574474986118e+01
1.617742287237492960e+01
1.542871143618746466e+01
1.477935571809373272e+01
1.449967785904686579e+01
1.469983892952343396e+01
1.523491946476171677e+01
1.622245973238085881e+01
1.784622986619042706e+01
1.982811493309521467e+01
2.154405746654760634e+01
2.267702873327380075e+01
2.297351436663689839e+01
2.251675718331844678e+01
2.215837859165922197e+01
2.193918929582961042e+01
2.184459464791480343e+01
2.169229732395740129e+01
2.195114866197869929e+01
2.186057433098935121e+01
2.112028716549467333e+01
1.993514358274733667e+01
1.853257179137366961e+01
1.725628589568683680e+01
1.598314294784341882e+01
1.483157147392170927e+01
1.397078573696085435e+01
1.343539286848042735e+01
1.318769643424021254e+01
1.344384821712010591e+01
1.411692410856005253e+01
1.527346205428002612e+01
1.704673102714001232e+01
1.911336551357000602e+01
2.089668275678500464e+01
2.193334137839250175e+01
2.226167068919625081e+01
2.188583534459812796e+01
2.165291767229906483e+01
2.153145883614953249e+01
2.149572941807476667e+01
2.151786470903738291e+01
2.189893235451869202e+01
2.197946617725934715e+01
2.157473308862967443e+01
2.052236654431483487e+01
1.913118327215741488e+01
1.773059163607870659e+01
1.607529581803935415e+01
1.484764790901967757e+01
1.394382395450983836e+01
1.331191197725491904e+01
1.301595598862746073e+01
1.326297799431372937e+01
1.395148899715686497e+01
1.507574449857843213e+01
1.689287224928921560e+01
1.896643612464460915e+01
2.081321806232230642e+01
2.206160903116115435e+01
2.254580451558057774e+01
2.219790225779028958e+01
2.197395112889514479e+01
2.182197556444757325e+01
2.172598778222378613e+01
2.169299389111189313e+01
2.201649694555594650e+01
2.207324847277797275e+01
2.172162423638898687e+01
2.064581211819449180e+01
1.924790605909724661e+01
1.787395302954862331e+01
1.647197651477431180e+01
1.526098825738715625e+01
1.438549412869357802e+01
1.371274706434678947e+01
1.346137353217339516e+01
1.375068676608669804e+01
1.444034338304334852e+01
1.560017169152167504e+01
1.741008584576083607e+01
1.955504292288041768e+01
2.153252146144021140e+01
2.275626073072010769e+01
2.326813036536005441e+01
2.294906518268002671e+01
2.286453259134001570e+01
2.272726629567000600e+01
2.265863314783500471e+01
2.258931657391750036e+01
2.296965828695875089e+01
2.289982914347937282e+01
2.221991457173968598e+01
2.111495728586984200e+01
1.979747864293491943e+01
1.856373932146745886e+01
1.736186966073373128e+01
1.633593483036686678e+01
1.545796741518343254e+01
1.481398370759171712e+01
1.450699185379585820e+01
1.473849592689792942e+01
1.527924796344896485e+01
1.617962398172448246e+01
1.761481199086224336e+01
1.936240599543112140e+01
2.118120299771555892e+01
2.240560149885777719e+01
2.305280074942889001e+01
2.277140037471444600e+01
2.242570018735722215e+01
2.204285009367860937e+01
2.176142504683930667e+01
2.168571252341965305e+01
2.205785626170982638e+01
2.214392813085491341e+01
2.169696406542745848e+01
2.094348203271373166e+01
1.991174101635686355e+01
1.886587050817843192e+01
1.774793525408921369e+01
1.667896762704460656e+01
1.581448381352230292e+01
1.516724190676115214e+01
1.485862095338057642e+01
1.509931047669028814e+01
1.560965523834514457e+01
1.654482761917257250e+01
1.806241380958628540e+01
2.002620690479314192e+01
2.194810345239657323e+01
2.315905172619828534e+01
2.352952586309914196e+01
2.306976293154956892e+01
2.271488146577478417e+01
2.237744073288739344e+01
2.212372036644369899e+01
2.189686018322185035e+01
2.222343009161092553e+01
2.228171504580546269e+01
2.165085752290273291e+01
2.062542876145136717e+01
1.936271438072568429e+01
1.815635719036284002e+01
1.706817859518142200e+01
1.606408929759071214e+01
1.526204464879535649e+01
1.470602232439767931e+01
1.443301116219883973e+01
1.465150558109941947e+01
1.511075279054971077e+01
1.562537639527485567e+01
1.646268819763742641e+01
1.745134409881871562e+01
1.848067204940935682e+01
1.919533602470468026e+01
1.940266801235233984e+01
1.903633400617616900e+01
1.850816700308808294e+01
1.795408350154404076e+01
1.750204175077202251e+01
1.739602087538601083e+01
1.803801043769300350e+01
1.861400521884650061e+01
1.860200260942325201e+01
1.821600130471162515e+01
1.744800065235581243e+01
1.659900032617790799e+01
1.574950016308895329e+01
1.492475008154447735e+01
1.425237504077223960e+01
1.375618752038612058e+01
1.360309376019305994e+01
1.387154688009653114e+01
1.457077344004826536e+01
1.588038672002413421e+01
1.795519336001206767e+01
2.015759668000603355e+01
2.194379834000301699e+01
2.304689917000150956e+01
2.327844958500075734e+01
2.272422479250037952e+01
2.233211239625018862e+01
2.210105619812509303e+01
2.196052809906254666e+01
2.179026404953127383e+01
2.200513202476563634e+01
2.204756601238281633e+01
2.144878300619140887e+01
2.040439150309570238e+01
1.905219575154784906e+01
1.765609787577392353e+01
1.634304893788696234e+01
1.523152446894347989e+01
1.436576223447173994e+01
1.378288111723587051e+01
1.355144055861793539e+01
1.384572027930896709e+01
1.458786013965448447e+01
1.591393006982724145e+01
1.794696503491362094e+01
2.012848251745680983e+01
2.182924125872840548e+01
2.292962062936420153e+01
2.333981031468210077e+01
2.285490515734105088e+01
2.245745257867052658e+01
2.213372628933526443e+01
2.197186314466762980e+01
2.188593157233381703e+01
2.217796578616690795e+01
2.216898289308345227e+01
2.150949144654172684e+01
2.024474572327086364e+01
1.884237286163543246e+01
1.766118643081771467e+01
1.641059321540885918e+01
1.529529660770442945e+01
1.442764830385221586e+01
1.379882415192610878e+01
1.350441207596305482e+01
1.375720603798152730e+01
1.446860301899076262e+01
1.577930150949538124e+01
1.775965075474768895e+01
1.986482537737384391e+01
2.159741268868692288e+01
2.268370634434346300e+01
2.303185317217172923e+01
2.265092658608586618e+01
2.236046329304293323e+01
2.218523164652146562e+01
2.208261582326073125e+01
2.194630791163036321e+01
2.238315395581518175e+01
2.234657697790758846e+01
2.164828848895379565e+01
2.054914424447689925e+01
1.917957212223844721e+01
1.772978606111922417e+01
1.644489303055961216e+01
1.531744651527980494e+01
1.446872325763990119e+01
1.387436162881995116e+01
1.361718081440997530e+01
1.393359040720498854e+01
1.465179520360249299e+01
1.600589760180124443e+01
1.801294880090062378e+01
2.019647440045031317e+01
2.203323720022515886e+01
2.314661860011258199e+01
2.357830930005629000e+01
2.310415465002814273e+01
2.284707732501406952e+01
2.271353866250703391e+01
2.261676933125351496e+01
2.256838466562675904e+01
2.282919233281337767e+01
2.271959616640668855e+01
2.193979808320334257e+01
2.099989904160167242e+01
1.981494952080083749e+01
1.862247476040041860e+01
1.742623738020020951e+01
1.629811869010010383e+01
1.543405934505005206e+01
1.482702967252502546e+01
1.455351483626251152e+01
1.482175741813125569e+01
1.560587870906562813e+01
1.687293935453281435e+01
1.885646967726640710e+01
2.117823483863320178e+01
2.311411741931659947e+01
2.429705870965830172e+01
2.473352935482915171e+01
2.413176467741457643e+01
2.359588233870728757e+01
2.338794116935364542e+01
2.319897058467682172e+01
2.305948529233841171e+01
2.327474264616920507e+01
2.324737132308460019e+01
2.255368566154229981e+01
2.154684283077114770e+01
2.026842141538557485e+01
1.901921070769278543e+01
1.780960535384639343e+01
1.667480267692319629e+01
1.576240133846159708e+01
1.506120066923079825e+01
1.476060033461540044e+01
1.495530016730770129e+01
1.549765008365385022e+01
1.638882504182692657e+01
1.785441252091346342e+01
1.977220626045673413e+01
2.154610313022836721e+01
2.276305156511418204e+01
2.318152578255709173e+01
2.286076289127854722e+01
2.254538144563927204e+01
2.215269072281963503e+01
2.180134536140981538e+01
2.166067268070490570e+01
2.210533634035245143e+01
2.238766817017622657e+01
2.220383408508811129e+01
2.148191704254405465e+01
2.035595852127202932e+01
1.917297926063601210e+01
1.799148963031800719e+01
1.688574481515900416e+01
1.597287240757950144e+01
1.531643620378975079e+01
1.495821810189487522e+01
1.511410905094743740e+01
1.547705452547371863e+01
1.601852726273686045e+01
1.685926363136842809e+01
1.796963181568421319e+01
1.918481590784210766e+01
2.001740795392105454e+01
2.044870397696052677e+01
2.031435198848026147e+01
1.999717599424013059e+01
1.959358799712006771e+01
1.917679399856003641e+01
1.905839699928002062e+01
1.970919849964001003e+01
2.030959924982000331e+01
2.045479962491000236e+01
2.029239981245500246e+01
1.976619990622749867e+01
1.908309995311374863e+01
1.879654997655687509e+01
1.817827498827843868e+01
1.751413749413922005e+01
1.679706874706960917e+01
1.633853437353480587e+01
1.643426718676740350e+01
1.696713359338369997e+01
1.808856679669185041e+01
2.000428339834592606e+01
2.230714169917296275e+01
2.441857084958648016e+01
2.575428542479323823e+01
2.616714271239661826e+01
2.575357135619830729e+01
2.563678567809915165e+01
2.548339283904957497e+01
2.530169641952478798e+01
2.508584820976239627e+01
2.489792410488119856e+01
2.474396205244060098e+01
2.427198102622030262e+01
2.314599051311014932e+01
2.198799525655507381e+01
2.097899762827753634e+01
1.991449881413876710e+01
1.880224940706938241e+01
1.781112470353469135e+01
1.704556235176734447e+01
1.660778117588367309e+01
1.667889058794183654e+01
1.716944529397091657e+01
1.831972264698545771e+01
2.019986132349272623e+01
2.246493066174636510e+01
2.454246533087318483e+01
2.590123266543659497e+01
2.646561633271829805e+01
2.615280816635915073e+01
2.596140408317957338e+01
2.587570204158978626e+01
2.557785102079489548e+01
2.502892551039744973e+01
2.473946275519872273e+01
2.447473137759936179e+01
2.366736568879968061e+01
2.258368284439983853e+01
2.135684142219992054e+01
2.025842071109995857e+01
1.912421035554997673e+01
1.794710517777498637e+01
1.698855258888749376e+01
1.625427629444374844e+01
1.585213814722187387e+01
1.602606907361093747e+01
1.665303453680547108e+01
1.769151726840273398e+01
1.941075863420136471e+01
2.151037931710068207e+01
2.349518965855034125e+01
2.474759482927517240e+01
2.521379741463758606e+01
2.483189870731879267e+01
2.456094935365939591e+01
2.439047467682969739e+01
2.422523733841484983e+01
2.380261866920742619e+01
2.349130933460371295e+01
2.334565466730185790e+01
2.271282733365092810e+01
2.173141366682546405e+01
2.064070683341273238e+01
1.957535341670636697e+01
1.850267670835318512e+01
1.739633835417659213e+01
1.642316917708829749e+01
1.572158458854414853e+01
1.533079229427207402e+01
1.553539614713603711e+01
1.620769807356801806e+01
1.721384903678400846e+01
1.903192451839200316e+01
2.123596225919600045e+01
2.318798112959800051e+01
2.442899056479900111e+01
2.496449528239950055e+01
2.449224764119975006e+01
2.409112382059987567e+01
2.379056191029993528e+01
2.353028095514996920e+01
2.313514047757498560e+01
2.311757023878749351e+01
2.312378511939374448e+01
2.248189255969687395e+01
2.143594627984843726e+01
2.017297313992421692e+01
1.895648656996210946e+01
1.771824328498105672e+01
1.656412164249052665e+01
1.569206082124526347e+01
1.499603041062263209e+01
1.462801520531131594e+01
1.481400760265565708e+01
1.533700380132782826e+01
1.625350190066391320e+01
1.775675095033195561e+01
1.959837547516598022e+01
2.132918773758299125e+01
2.237459386879149648e+01
2.271229693439574859e+01
2.233114846719787394e+01
2.211057423359893903e+01
2.196028711679947065e+01
2.182014355839973518e+01
2.170507177919986930e+01
2.196253588959993408e+01
2.218126794479996633e+01
2.176563397239998210e+01
2.095281698619999133e+01
1.983640849309999510e+01
1.864820424654999798e+01
1.747910212327499835e+01
1.642455106163749790e+01
1.555227553081874881e+01
1.479613776540937309e+01
1.444806888270468548e+01
1.457403444135234238e+01
1.497701722067617069e+01
1.551350861033808570e+01
1.636175430516904328e+01
1.739587715258452150e+01
1.839793857629226181e+01
1.915896928814613176e+01
1.941948464407306574e+01
1.903474232203653216e+01
1.856737116101826501e+01
1.828868558050913151e+01
1.807934279025456448e+01
1.790967139512728323e+01
1.840983569756364346e+01
1.902991784878182102e+01
1.921495892439090980e+01
1.904747946219545440e+01
1.846873973109772749e+01
1.773436986554886374e+01
1.691218493277443002e+01
1.603609246638721686e+01
1.524804623319360886e+01
1.469902311659680549e+01
1.445951155829840218e+01
1.474975577914920066e+01
1.545487788957460040e+01
1.676243894478729857e+01
1.875621947239364928e+01
2.104310973619682557e+01
2.295655486809841506e+01
2.410827743404920653e+01
2.446413871702460341e+01
2.417206935851230298e+01
2.398603467925615007e+01
2.388801733962807461e+01
2.375400866981403780e+01
2.356200433490701940e+01
2.349100216745350878e+01
2.327050108372675652e+01
2.264025054186338082e+01
2.162012527093169112e+01
2.034506263546584393e+01
1.903753131773292040e+01
1.777376565886645921e+01
1.663688282943322960e+01
1.572344141471661416e+01
1.505172070735830658e+01
1.475586035367915372e+01
1.497793017683957650e+01
1.566396508841978985e+01
1.690198254420989343e+01
1.883599127210494828e+01
2.100799563605247400e+01
2.290399781802623735e+01
2.412199890901311861e+01
2.461599945450655724e+01
2.434799972725327777e+01
2.424899986362663640e+01
2.419449993181331848e+01
2.413724996590665839e+01
2.388862498295333125e+01
2.388431249147666335e+01
2.389715624573832997e+01
2.328357812286916584e+01
2.227678906143458448e+01
2.103839453071729082e+01
1.973419726535864527e+01
1.850209863267932064e+01
1.734604931633965919e+01
1.636302465816983087e+01
1.567651232908491465e+01
1.533325616454245832e+01
1.551162808227122980e+01
1.606581404113561717e+01
1.715290702056780958e+01
1.904645351028390365e+01
2.116822675514195140e+01
2.303411337757097499e+01
2.420205668878548977e+01
2.473102834439274744e+01
2.439051417219637585e+01
2.420525708609818594e+01
2.411262854304909098e+01
2.404131427152454492e+01
2.376565713576227168e+01
2.372782856788113648e+01
2.362891428394056703e+01
2.290945714197028593e+01
2.177972857098514226e+01
2.038486428549256857e+01
1.905243214274628372e+01
1.786121607137314271e+01
1.677060803568657121e+01
1.584530401784328646e+01
1.518765200892164202e+01
1.487882600446082115e+01
1.509941300223040983e+01
1.572470650111520563e+01
1.679735325055760242e+01
1.862367662527880086e+01
2.068683831263940220e+01
2.223341915631970167e+01
2.332670957815984991e+01
2.375835478907992382e+01
2.332917739453996120e+01
2.312958869726998046e+01
2.300479434863498795e+01
2.284239717431749384e+01
2.272119858715874585e+01
2.284559929357937236e+01
2.295279964678968554e+01
2.242639982339484206e+01
2.149319991169742039e+01
2.024159995584870941e+01
1.901579997792435250e+01
1.776789998896217782e+01
1.657894999448108919e+01
1.563447499724054524e+01
1.493223749862027283e+01
1.463611874931013546e+01
1.485305937465506787e+01
1.548152968732753365e+01
1.660076484366376803e+01
1.843538242183188203e+01
2.054269121091594030e+01
2.241634560545796973e+01
2.358817280272898387e+01
2.415408640136449137e+01
2.381704320068224590e+01
2.358352160034112188e+01
2.346176080017055909e+01
2.339088040008527969e+01
2.322544020004264098e+01
2.334272010002132092e+01
2.339136005001066110e+01
2.278068002500533140e+01
2.178034001250266627e+01
2.051017000625133235e+01
1.924508500312566639e+01
1.794754250156283248e+01
1.680377125078141631e+01
1.589188562539070837e+01
1.522594281269535443e+01
1.489797140634767736e+01
1.516398570317383943e+01
1.564199285158692021e+01
1.640099642579345840e+01
1.774049821289672835e+01
1.947524910644836638e+01
2.121262455322418106e+01
2.236631227661209209e+01
2.280315613830604349e+01
2.243657806915302189e+01
2.220828903457650938e+01
2.209414451728825668e+01
2.192707225864413090e+01
2.184353612932206801e+01
2.221676806466103216e+01
2.257838403233051849e+01
2.236919201616525754e+01
2.164459600808262962e+01
2.056229800404131680e+01
1.945614900202065911e+01
1.822307450101033055e+01
1.711653725050516783e+01
1.626326862525258576e+01
1.559663431262629274e+01
1.518831715631314694e+01
1.526915857815657418e+01
1.552957928907828666e+01
1.596478964453914173e+01
1.680739482226957193e+01
1.779369741113478653e+01
1.879184870556739284e+01
1.949592435278369607e+01
1.977296217639185016e+01
1.956148108819592579e+01
1.918074054409796503e+01
1.885537027204898308e+01
1.859768513602449147e+01
1.834884256801224467e+01
1.868442128400612035e+01
1.928221064200305790e+01
1.929110532100153108e+01
1.897055266050076483e+01
1.823027633025038341e+01
1.734513816512519213e+01
1.645256908256259720e+01
1.558628454128129803e+01
1.485314227064064951e+01
1.426157113532032383e+01
1.399578556766016213e+01
1.425289278383008096e+01
1.487144639191503970e+01
1.603572319595751949e+01
1.799286159797875939e+01
2.003643079898937884e+01
2.176821539949468942e+01
2.285910769974734436e+01
2.326955384987367381e+01
2.293977692493683662e+01
2.271988846246841831e+01
2.251994423123420930e+01
2.241497211561710401e+01
2.224248605780855215e+01
2.240124302890427543e+01
2.255062151445213914e+01
2.198531075722607042e+01
2.097265537861303386e+01
1.965632768930651508e+01
1.829816384465325996e+01
1.704408192232662955e+01
1.596204096116331428e+01
1.505102048058165742e+01
1.433051024029082754e+01
1.401525512014541341e+01
1.421262756007270767e+01
1.475131378003635341e+01
1.543565689001817631e+01
1.646282844500908737e+01
1.743141422250454298e+01
1.807070711125227191e+01
1.840535355562613518e+01
1.851767677781306531e+01
1.807383838890653038e+01
1.757691919445326434e+01
1.720845959722663210e+01
1.703422979861331754e+01
1.711711489930665664e+01
1.774355744965333059e+01
1.853177872482666544e+01
1.868088936241333187e+01
1.838544468120666409e+01
1.757772234060333005e+01
1.658386117030166673e+01
1.549193058515083266e+01
1.452096529257541668e+01
1.374548264628770866e+01
1.319774132314385540e+01
1.295887066157192891e+01
1.323943533078596424e+01
1.391471766539298116e+01
1.521235883269649136e+01
1.724117941634824547e+01
1.946058970817412259e+01
2.129029485408706179e+01
2.233014742704353139e+01
2.266007371352176492e+01
2.236503685676088082e+01
2.209751842838043956e+01
2.204375921419021722e+01
2.205187960709510975e+01
2.197593980354755416e+01
2.213796990177377921e+01
2.222898495088688975e+01
2.159449247544344530e+01
2.053724623772172464e+01
1.911362311886086474e+01
1.761681155943043109e+01
1.620340577971521512e+01
1.504170288985760706e+01
1.413085144492880474e+01
1.342542572246440358e+01
1.315271286123220307e+01
1.343635643061610097e+01
1.418317821530805034e+01
1.549158910765402553e+01
1.749079455382701198e+01
1.967539727691350748e+01
2.148269863845675332e+01
2.268634931922837694e+01
2.313817465961418662e+01
2.270408732980709487e+01
2.252204366490354914e+01
2.240102183245177514e+01
2.232551091622588757e+01
2.218775545811294592e+01
2.223387772905647353e+01
2.233193886452823662e+01
2.182596943226411668e+01
2.079298471613206090e+01
1.939649235806603045e+01
1.789324617903301373e+01
1.643162308951650630e+01
1.518581154475825201e+01
1.429290577237912530e+01
1.371645288618956293e+01
1.349822644309478115e+01
1.381911322154738997e+01
1.457455661077369413e+01
1.593727830538684742e+01
1.798863915269342328e+01
2.014931957634671278e+01
2.194465978817335383e+01
2.306232989408667677e+01
2.355116494704333974e+01
2.320058247352167058e+01
2.292029123676083557e+01
2.278014561838041629e+01
2.262507280919020758e+01
2.250253640459510507e+01
2.257626820229755182e+01
2.272313410114877641e+01
2.223656705057438643e+01
2.128328352528719236e+01
1.989664176264359696e+01
1.834332088132179805e+01
1.679166044066089825e+01
1.555583022033044927e+01
1.464291511016522485e+01
1.398145755508261345e+01
1.374572877754130573e+01
1.397286438877065251e+01
1.454643219438532498e+01
1.558821609719266199e+01
1.727910804859633132e+01
1.929455402429816502e+01
2.106727701214908421e+01
2.221863850607454083e+01
2.253931925303727013e+01
2.218465962651863421e+01
2.182232981325931576e+01
2.161616490662965617e+01
2.152808245331483050e+01
2.148404122665741767e+01
2.174702061332870784e+01
2.198851030666435236e+01
2.157425515333217447e+01
2.061212757666608653e+01
1.924106378833304376e+01
1.781053189416652316e+01
