1.744528579711914062e+01
1.963487625122070312e+01
2.200698471069335938e+01
2.399935531616210938e+01
2.507248497009277344e+01
2.509336090087890625e+01
2.485926055908203125e+01
2.424892616271972656e+01
2.473622512817382812e+01
2.465853118896484375e+01
2.377573394775390625e+01
2.336576843261718750e+01
2.309773063659667969e+01
2.267905807495117188e+01
2.125557708740234375e+01
2.100525856018066406e+01
2.058892631530761719e+01
1.956326866149902344e+01
1.868788528442382812e+01
1.750620079040527344e+01
1.678987884521484375e+01
1.608470916748046875e+01
1.630644035339355469e+01
1.739289093017578125e+01
1.788557052612304688e+01
1.930585670471191406e+01
2.157346534729003906e+01
2.377893829345703125e+01
2.498679351806640625e+01
2.510084915161132812e+01
2.420192527770996094e+01
2.359138488769531250e+01
2.398762512207031250e+01
2.357057380676269531e+01
2.330891036987304688e+01
2.291631126403808594e+01
2.277148056030273438e+01
2.356195259094238281e+01
2.243790054321289062e+01
2.200573348999023438e+01
2.190071487426757812e+01
2.146308517456054688e+01
2.050500869750976562e+01
1.905729484558105469e+01
1.812706756591796875e+01
1.777264404296875000e+01
1.773589134216308594e+01
1.838343429565429688e+01
1.818455696105957031e+01
1.881544876098632812e+01
1.970015716552734375e+01
2.091154861450195312e+01
2.206121253967285156e+01
2.209684753417968750e+01
2.175001335144042969e+01
2.121831512451171875e+01
2.112733650207519531e+01
2.098753738403320312e+01
2.030699157714843750e+01
2.060689926147460938e+01
2.132690811157226562e+01
2.243939399719238281e+01
2.222279930114746094e+01
2.136122512817382812e+01
2.134762382507324219e+01
2.068099403381347656e+01
1.979397392272949219e+01
1.841406822204589844e+01
1.795816421508789062e+01
1.736259269714355469e+01
1.718946838378906250e+01
1.778654861450195312e+01
1.800785064697265625e+01
1.944220924377441406e+01
2.189850997924804688e+01
2.480521011352539062e+01
2.653276824951171875e+01
2.641495895385742188e+01
2.549737358093261719e+01
2.431787681579589844e+01
2.462857437133789062e+01
2.392780113220214844e+01
2.345488357543945312e+01
2.306620407104492188e+01
2.316646003723144531e+01
2.334450340270996094e+01
2.180098533630371094e+01
2.176729202270507812e+01
2.102062416076660156e+01
2.042782592773437500e+01
1.949536132812500000e+01
1.810886764526367188e+01
1.749481773376464844e+01
1.693818664550781250e+01
1.713400650024414062e+01
1.793523788452148438e+01
1.830506896972656250e+01
2.034009170532226562e+01
2.262662315368652344e+01
2.494444465637207031e+01
2.583505249023437500e+01
2.584197425842285156e+01
2.485616493225097656e+01
2.468588638305664062e+01
2.502683258056640625e+01
2.460615158081054688e+01
2.449318313598632812e+01
2.384795188903808594e+01
2.329497909545898438e+01
2.333942031860351562e+01
2.211708641052246094e+01
2.167765998840332031e+01
2.156982231140136719e+01
2.113731956481933594e+01
1.998822593688964844e+01
1.860235023498535156e+01
1.793795585632324219e+01
1.746425437927246094e+01
1.754491615295410156e+01
1.805278015136718750e+01
1.851503372192382812e+01
2.040918350219726562e+01
2.295365142822265625e+01
2.573199462890625000e+01
2.693185234069824219e+01
2.666468238830566406e+01
2.581951904296875000e+01
2.563894844055175781e+01
2.609594917297363281e+01
2.613000106811523438e+01
2.498188591003417969e+01
2.451403808593750000e+01
2.464795303344726562e+01
2.448045349121093750e+01
2.296581268310546875e+01
2.212072181701660156e+01
2.196564483642578125e+01
2.147389602661132812e+01
2.018638038635253906e+01
1.888671302795410156e+01
1.804742622375488281e+01
1.755542564392089844e+01
1.773460769653320312e+01
1.825405120849609375e+01
1.838827133178710938e+01
2.009483909606933594e+01
2.272440910339355469e+01
2.507517814636230469e+01
2.628759002685546875e+01
2.645844268798828125e+01
2.528055000305175781e+01
2.489486885070800781e+01
2.535138130187988281e+01
2.495554733276367188e+01
2.464792060852050781e+01
2.400854682922363281e+01
2.428908348083496094e+01
2.382476425170898438e+01
2.258919906616210938e+01
2.227073097229003906e+01
2.199720764160156250e+01
2.164597511291503906e+01
2.039556503295898438e+01
1.899627685546875000e+01
1.828923225402832031e+01
1.776492309570312500e+01
1.784265518188476562e+01
1.853006935119628906e+01
1.861550903320312500e+01
2.061108398437500000e+01
2.324551010131835938e+01
2.556989860534667969e+01
2.703787994384765625e+01
2.746338081359863281e+01
2.660927581787109375e+01
2.586706352233886719e+01
2.650576400756835938e+01
2.576795959472656250e+01
2.477729415893554688e+01
2.413153266906738281e+01
2.370367431640625000e+01
2.310357856750488281e+01
2.146883773803710938e+01
2.114406967163085938e+01
2.061348152160644531e+01
2.020656776428222656e+01
1.921090888977050781e+01
1.797368621826171875e+01
1.726906967163085938e+01
1.672570800781250000e+01
1.678876876831054688e+01
1.736599349975585938e+01
1.788893699645996094e+01
1.890743637084960938e+01
2.052193832397460938e+01
2.261887741088867188e+01
2.393074989318847656e+01
2.392300415039062500e+01
2.323327827453613281e+01
2.251223373413085938e+01
2.245885658264160156e+01
2.184930992126464844e+01
2.116244888305664062e+01
2.142806816101074219e+01
2.170055770874023438e+01
2.176437950134277344e+01
2.092522811889648438e+01
2.020088958740234375e+01
1.966762733459472656e+01
1.928412818908691406e+01
1.852956581115722656e+01
1.756205177307128906e+01
1.689092636108398438e+01
1.653158187866210938e+01
1.636719322204589844e+01
1.686738014221191406e+01
1.700788879394531250e+01
1.788838768005371094e+01
1.890862655639648438e+01
1.999113845825195312e+01
2.024238586425781250e+01
2.040317153930664062e+01
1.987707901000976562e+01
1.940225601196289062e+01
1.931326484680175781e+01
1.892007827758789062e+01
1.881982994079589844e+01
1.880723953247070312e+01
1.945274734497070312e+01
2.070931434631347656e+01
1.988947677612304688e+01
1.963372421264648438e+01
1.941915893554687500e+01
1.904900741577148438e+01
1.801626968383789062e+01
1.710329818725585938e+01
1.630769538879394531e+01
1.604886245727539062e+01
1.605562400817871094e+01
1.700265121459960938e+01
1.750367355346679688e+01
1.942965888977050781e+01
2.186569213867187500e+01
2.443099594116210938e+01
2.563449859619140625e+01
2.538811683654785156e+01
2.461192893981933594e+01
2.371919822692871094e+01
2.375776481628417969e+01
2.306494331359863281e+01
2.234529876708984375e+01
2.217202568054199219e+01
2.210526847839355469e+01
2.152894020080566406e+01
2.012264251708984375e+01
1.988320541381835938e+01
1.884079551696777344e+01
1.840040969848632812e+01
1.761048889160156250e+01
1.663653945922851562e+01
1.613080787658691406e+01
1.569593334197998047e+01
1.579155540466308594e+01
1.661595535278320312e+01
1.746958923339843750e+01
1.949307823181152344e+01
2.191760253906250000e+01
2.391873741149902344e+01
2.488614463806152344e+01
2.469367218017578125e+01
2.413726234436035156e+01
2.349929237365722656e+01
2.353112411499023438e+01
2.330806350708007812e+01
2.278234100341796875e+01
2.255732727050781250e+01
2.247038841247558594e+01
2.186802864074707031e+01
2.056034088134765625e+01
2.003243064880371094e+01
1.945557022094726562e+01
1.887295913696289062e+01
1.844365501403808594e+01
1.668388175964355469e+01
1.633098220825195312e+01
1.578089141845703125e+01
1.648942756652832031e+01
1.667454719543457031e+01
1.717192077636718750e+01
1.959541320800781250e+01
2.198631668090820312e+01
2.433203887939453125e+01
2.573463821411132812e+01
2.546574211120605469e+01
2.442691993713378906e+01
2.352011299133300781e+01
2.361794281005859375e+01
2.324730682373046875e+01
2.262168121337890625e+01
2.254771804809570312e+01
2.257069587707519531e+01
2.211708831787109375e+01
2.086334800720214844e+01
2.043328285217285156e+01
1.971371650695800781e+01
1.902761268615722656e+01
1.818317794799804688e+01
1.705796623229980469e+01
1.642512130737304688e+01
1.591418647766113281e+01
1.606200790405273438e+01
1.700688171386718750e+01
1.778598594665527344e+01
1.998938560485839844e+01
2.199584197998046875e+01
2.441728782653808594e+01
2.512912368774414062e+01
2.478127670288085938e+01
2.397449111938476562e+01
2.288424301147460938e+01
2.276599311828613281e+01
2.236407661437988281e+01
2.212264251708984375e+01
2.191596412658691406e+01
2.238594245910644531e+01
2.169543266296386719e+01
2.015830993652343750e+01
1.962425231933593750e+01
1.907988357543945312e+01
1.856988334655761719e+01
1.774498558044433594e+01
1.678564453125000000e+01
1.627570343017578125e+01
1.610180854797363281e+01
1.609533309936523438e+01
1.697449302673339844e+01
1.777007675170898438e+01
1.981515121459960938e+01
2.204242324829101562e+01
2.424888801574707031e+01
2.490377235412597656e+01
2.429808235168457031e+01
2.381018066406250000e+01
2.303761291503906250e+01
2.283335304260253906e+01
2.236617660522460938e+01
2.226823997497558594e+01
2.190614891052246094e+01
2.202871322631835938e+01
2.174140930175781250e+01
2.042392921447753906e+01
1.983124160766601562e+01
1.850025939941406250e+01
1.844508743286132812e+01
1.751084899902343750e+01
1.676748466491699219e+01
1.628815460205078125e+01
1.585613918304443359e+01
1.613878440856933594e+01
1.674615478515625000e+01
1.759380722045898438e+01
1.873973655700683594e+01
2.055461883544921875e+01
2.292865371704101562e+01
2.374030303955078125e+01
2.338421440124511719e+01
2.328601074218750000e+01
2.229988479614257812e+01
2.215288543701171875e+01
2.165690612792968750e+01
2.141220474243164062e+01
2.145641136169433594e+01
2.203004264831542969e+01
2.199196243286132812e+01
2.037771224975585938e+01
1.971599960327148438e+01
1.912365341186523438e+01
1.858456802368164062e+01
1.792578887939453125e+01
1.692833900451660156e+01
1.625482940673828125e+01
1.592911911010742188e+01
1.608368301391601562e+01
1.661965560913085938e+01
1.690151977539062500e+01
1.767567253112792969e+01
1.880622100830078125e+01
1.990135002136230469e+01
2.097352218627929688e+01
2.071166610717773438e+01
2.021482467651367188e+01
1.968687820434570312e+01
1.971196937561035156e+01
1.941218185424804688e+01
1.938335418701171875e+01
1.929048347473144531e+01
2.016126632690429688e+01
2.072033500671386719e+01
1.988447570800781250e+01
1.868375587463378906e+01
1.988681030273437500e+01
1.893805694580078125e+01
1.784097480773925781e+01
1.705871200561523438e+01
1.625439453125000000e+01
1.597498703002929688e+01
1.606959915161132812e+01
1.716740417480468750e+01
1.805830383300781250e+01
2.035270881652832031e+01
2.309032058715820312e+01
2.571228790283203125e+01
2.675277519226074219e+01
2.627390098571777344e+01
2.542207908630371094e+01
2.480960655212402344e+01
2.503864097595214844e+01
2.465433502197265625e+01
2.386817550659179688e+01
2.398434448242187500e+01
2.329771041870117188e+01
2.210809707641601562e+01
2.100126838684082031e+01
2.028036499023437500e+01
1.980175018310546875e+01
1.903345298767089844e+01
1.798344421386718750e+01
1.691678237915039062e+01
1.627384376525878906e+01
1.596412944793701172e+01
1.631377410888671875e+01
1.721230316162109375e+01
1.825234603881835938e+01
2.001222801208496094e+01
2.239695358276367188e+01
2.446745491027832031e+01
2.542281150817871094e+01
2.533190917968750000e+01
2.453874969482421875e+01
2.365033149719238281e+01
2.371793937683105469e+01
2.326306915283203125e+01
2.287352180480957031e+01
2.288307189941406250e+01
2.288567543029785156e+01
2.217289352416992188e+01
2.081389236450195312e+01
1.995500946044921875e+01
1.903017807006835938e+01
1.812376976013183594e+01
1.733172988891601562e+01
1.645035171508789062e+01
1.597938346862792969e+01
1.570870971679687500e+01
1.593023490905761719e+01
1.669816780090332031e+01
1.743627929687500000e+01
1.938962554931640625e+01
2.148369979858398438e+01
2.333798217773437500e+01
2.396282196044921875e+01
2.375878715515136719e+01
2.317594528198242188e+01
2.231929779052734375e+01
2.201836013793945312e+01
2.135763359069824219e+01
2.099946975708007812e+01
2.131890678405761719e+01
2.159369277954101562e+01
2.140166282653808594e+01
1.996591377258300781e+01
1.904528045654296875e+01
1.836321640014648438e+01
1.743824386596679688e+01
1.662889099121093750e+01
1.583236408233642578e+01
1.543710517883300781e+01
1.531214237213134766e+01
1.551436233520507812e+01
1.636863708496093750e+01
1.730130577087402344e+01
1.977642440795898438e+01
2.214998626708984375e+01
2.419408798217773438e+01
2.522591972351074219e+01
2.501583290100097656e+01
2.436159515380859375e+01
2.384053039550781250e+01
2.399728012084960938e+01
2.365913772583007812e+01
2.323863983154296875e+01
2.301408576965332031e+01
2.304532432556152344e+01
2.226745033264160156e+01
2.078984832763671875e+01
1.986560440063476562e+01
1.902507019042968750e+01
1.826965713500976562e+01
1.712672805786132812e+01
1.625747299194335938e+01
1.579046630859375000e+01
1.555832672119140625e+01
1.588510131835937500e+01
1.697644233703613281e+01
1.780834960937500000e+01
2.029984855651855469e+01
2.293006706237792969e+01
2.501082038879394531e+01
2.593667602539062500e+01
2.544943618774414062e+01
2.444727706909179688e+01
2.414174079895019531e+01
2.409772109985351562e+01
2.383121299743652344e+01
2.337722969055175781e+01
2.304130744934082031e+01
2.312963867187500000e+01
2.232041549682617188e+01
2.086930084228515625e+01
1.993450546264648438e+01
1.928000640869140625e+01
1.848239517211914062e+01
1.736991500854492188e+01
1.648922348022460938e+01
1.595287799835205078e+01
1.564199638366699219e+01
1.606369781494140625e+01
1.681539916992187500e+01
1.761395835876464844e+01
1.908529281616210938e+01
2.108969879150390625e+01
2.298427963256835938e+01
2.383988761901855469e+01
2.382165145874023438e+01
2.300148773193359375e+01
2.220345687866210938e+01
2.234767913818359375e+01
2.201271820068359375e+01
2.171811866760253906e+01
2.161053848266601562e+01
2.215525436401367188e+01
2.239683914184570312e+01
2.086115455627441406e+01
2.002616882324218750e+01
1.953291320800781250e+01
1.869910812377929688e+01
1.795364189147949219e+01
1.699518585205078125e+01
1.637903404235839844e+01
1.611602020263671875e+01
1.614653778076171875e+01
1.682637405395507812e+01
1.723694610595703125e+01
1.794201660156250000e+01
1.903568458557128906e+01
2.050185012817382812e+01
2.091655921936035156e+01
2.066842651367187500e+01
2.024749755859375000e+01
1.967887115478515625e+01
1.954974746704101562e+01
1.954571914672851562e+01
1.935571861267089844e+01
1.936203765869140625e+01
2.013038825988769531e+01
2.100292015075683594e+01
2.007827758789062500e+01
1.985509490966796875e+01
1.948557090759277344e+01
1.884626388549804688e+01
1.786438941955566406e+01
1.693327713012695312e+01
1.642691993713378906e+01
1.616950035095214844e+01
1.615561294555664062e+01
1.719696235656738281e+01
1.774398803710937500e+01
1.989608764648437500e+01
2.276999855041503906e+01
2.508755111694335938e+01
2.588117599487304688e+01
2.581532669067382812e+01
2.512240982055664062e+01
2.366450691223144531e+01
2.408116531372070312e+01
2.374243354797363281e+01
2.328330039978027344e+01
2.333720970153808594e+01
2.319935035705566406e+01
2.262261390686035156e+01
2.122210311889648438e+01
2.038183593750000000e+01
1.979165458679199219e+01
1.910173606872558594e+01
1.846891784667968750e+01
1.715121078491210938e+01
1.663338851928710938e+01
1.629417037963867188e+01
1.659004402160644531e+01
1.704537391662597656e+01
1.827447319030761719e+01
2.006361007690429688e+01
2.269502830505371094e+01
2.445432472229003906e+01
2.595992660522460938e+01
2.568647003173828125e+01
2.481676292419433594e+01
2.429103469848632812e+01
2.462455558776855469e+01
2.442149353027343750e+01
2.410877799987792969e+01
2.372597312927246094e+01
2.352154731750488281e+01
2.326572799682617188e+01
2.151235008239746094e+01
2.071816635131835938e+01
2.033206558227539062e+01
1.967958068847656250e+01
1.857978057861328125e+01
1.758728790283203125e+01
1.665949249267578125e+01
1.641704940795898438e+01
1.642145538330078125e+01
1.746753311157226562e+01
1.776575851440429688e+01
2.054774284362792969e+01
2.288411140441894531e+01
2.513024330139160156e+01
2.651281929016113281e+01
2.594571113586425781e+01
2.519633293151855469e+01
2.463870239257812500e+01
2.484616851806640625e+01
2.450697708129882812e+01
2.404891967773437500e+01
2.360935211181640625e+01
2.373601341247558594e+01
2.323361206054687500e+01
2.139292144775390625e+01
2.114118385314941406e+01
2.061149787902832031e+01
1.970633697509765625e+01
1.877827644348144531e+01
1.766228103637695312e+01
1.702139282226562500e+01
1.664387893676757812e+01
1.661765670776367188e+01
1.767875862121582031e+01
1.822686576843261719e+01
2.052456474304199219e+01
2.285496520996093750e+01
2.548986244201660156e+01
2.638463211059570312e+01
2.601890563964843750e+01
2.478865623474121094e+01
2.430339431762695312e+01
2.453796195983886719e+01
2.431369209289550781e+01
2.394366073608398438e+01
2.358828926086425781e+01
2.411618614196777344e+01
2.362754249572753906e+01
2.211578178405761719e+01
2.141212081909179688e+01
2.096131324768066406e+01
1.977248764038085938e+01
1.869989585876464844e+01
1.793563079833984375e+01
1.728718185424804688e+01
1.712848091125488281e+01
1.742372894287109375e+01
1.827160453796386719e+01
1.870998764038085938e+01
1.959220123291015625e+01
2.070443344116210938e+01
2.227368545532226562e+01
2.306311607360839844e+01
2.294381523132324219e+01
2.372060203552246094e+01
2.235748481750488281e+01
2.263236808776855469e+01
2.258838844299316406e+01
2.206697463989257812e+01
2.219001197814941406e+01
2.303333473205566406e+01
2.280699157714843750e+01
2.214136695861816406e+01
2.154516601562500000e+01
2.093674659729003906e+01
2.061282348632812500e+01
1.971219253540039062e+01
1.858681488037109375e+01
1.783992004394531250e+01
1.734097290039062500e+01
1.743897247314453125e+01
1.801987838745117188e+01
1.849015617370605469e+01
1.990714645385742188e+01
2.281016921997070312e+01
2.536543464660644531e+01
2.659122657775878906e+01
2.622460937500000000e+01
2.536767196655273438e+01
2.437457847595214844e+01
2.486263465881347656e+01
2.446159553527832031e+01
2.388247299194335938e+01
2.389277839660644531e+01
2.424348831176757812e+01
2.241086196899414062e+01
2.150724411010742188e+01
2.067749214172363281e+01
2.001784324645996094e+01
1.958466529846191406e+01
1.876926231384277344e+01
1.776531219482421875e+01
1.697377395629882812e+01
1.641677284240722656e+01
1.622832679748535156e+01
1.704834175109863281e+01
1.728406906127929688e+01
1.832952308654785156e+01
1.892015647888183594e+01
2.024185943603515625e+01
2.087742042541503906e+01
2.069726181030273438e+01
2.058063507080078125e+01
1.990227890014648438e+01
1.962717247009277344e+01
1.954064559936523438e+01
1.923326873779296875e+01
1.963617324829101562e+01
2.080348014831542969e+01
2.072248077392578125e+01
2.016930580139160156e+01
1.985617637634277344e+01
1.944859695434570312e+01
1.905363464355468750e+01
1.803119850158691406e+01
1.702692794799804688e+01
1.646889495849609375e+01
1.617773246765136719e+01
1.633686447143554688e+01
1.742132186889648438e+01
1.834194183349609375e+01
2.046899604797363281e+01
2.343600463867187500e+01
2.585112190246582031e+01
2.686737251281738281e+01
2.655890464782714844e+01
2.487441253662109375e+01
2.425441551208496094e+01
2.477039337158203125e+01
2.456634140014648438e+01
2.423280906677246094e+01
2.380315208435058594e+01
2.367257881164550781e+01
2.296724128723144531e+01
2.160355186462402344e+01
2.091526794433593750e+01
2.028437232971191406e+01
1.974948501586914062e+01
1.861902618408203125e+01
1.751032447814941406e+01
1.672476387023925781e+01
1.641515731811523438e+01
1.673428726196289062e+01
1.763100051879882812e+01
1.851534271240234375e+01
2.042132949829101562e+01
2.334817504882812500e+01
2.588075256347656250e+01
2.693832588195800781e+01
2.653313064575195312e+01
2.581851959228515625e+01
2.542397308349609375e+01
2.574952507019042969e+01
2.554061126708984375e+01
2.493078994750976562e+01
2.446058082580566406e+01
2.447333526611328125e+01
2.364947509765625000e+01
2.225461196899414062e+01
2.130881118774414062e+01
2.088290786743164062e+01
2.030593109130859375e+01
1.904645156860351562e+01
1.784879112243652344e+01
1.733249473571777344e+01
1.682407188415527344e+01
1.706291961669921875e+01
1.811511802673339844e+01
1.883496284484863281e+01
2.089981651306152344e+01
2.386166381835937500e+01
2.633694076538085938e+01
2.768707275390625000e+01
2.722234153747558594e+01
2.633326530456542969e+01
2.604829406738281250e+01
2.644833946228027344e+01
2.622390365600585938e+01
2.573835754394531250e+01
2.515699768066406250e+01
2.499661636352539062e+01
2.423514747619628906e+01
2.271325302124023438e+01
2.174300956726074219e+01
2.146560478210449219e+01
2.085883140563964844e+01
1.982282447814941406e+01
1.850360679626464844e+01
1.786675071716308594e+01
1.740823364257812500e+01
1.774260902404785156e+01
1.863517189025878906e+01
1.933465957641601562e+01
2.134833717346191406e+01
2.409092521667480469e+01
2.667541503906250000e+01
2.781328392028808594e+01
2.759784507751464844e+01
2.674362373352050781e+01
2.631947517395019531e+01
2.657850456237792969e+01
2.620247840881347656e+01
2.527284812927246094e+01
2.496907043457031250e+01
2.502742385864257812e+01
2.412995338439941406e+01
2.239341735839843750e+01
2.184012222290039062e+01
2.181235122680664062e+01
2.128547668457031250e+01
2.017078018188476562e+01
1.883136367797851562e+01
1.797504615783691406e+01
1.757971000671386719e+01
1.787934684753417969e+01
1.856498336791992188e+01
1.922103118896484375e+01
2.128358840942382812e+01
2.443441772460937500e+01
2.702379226684570312e+01
2.789038467407226562e+01
2.757149887084960938e+01
2.676690292358398438e+01
2.659826087951660156e+01
2.703821945190429688e+01
2.673966217041015625e+01
2.599816894531250000e+01
2.533120918273925781e+01
2.531974601745605469e+01
2.471673583984375000e+01
2.315546035766601562e+01
2.294710922241210938e+01
2.171224594116210938e+01
2.202246475219726562e+01
2.098760604858398438e+01
1.933157348632812500e+01
1.857172393798828125e+01
1.817706680297851562e+01
1.822632598876953125e+01
1.905230331420898438e+01
1.927658081054687500e+01
2.059187889099121094e+01
2.298682594299316406e+01
2.526954841613769531e+01
2.645808601379394531e+01
2.650621414184570312e+01
2.591378211975097656e+01
2.518675804138183594e+01
2.609662246704101562e+01
2.521548843383789062e+01
2.469318771362304688e+01
2.508511734008789062e+01
2.544184875488281250e+01
2.491974830627441406e+01
2.348318481445312500e+01
2.274895095825195312e+01
2.242402267456054688e+01
2.203321647644042969e+01
2.072759628295898438e+01
1.944362449645996094e+01
1.857197761535644531e+01
1.797772407531738281e+01
1.805791854858398438e+01
1.858192443847656250e+01
1.855400466918945312e+01
1.903206443786621094e+01
2.017364120483398438e+01
2.183434295654296875e+01
2.254201507568359375e+01
2.250001716613769531e+01
2.243712806701660156e+01
2.182869720458984375e+01
2.156704330444335938e+01
2.093954658508300781e+01
2.076397323608398438e+01
2.113558006286621094e+01
2.263377952575683594e+01
2.308654403686523438e+01
2.285165977478027344e+01
2.258189773559570312e+01
2.262836456298828125e+01
2.220965576171875000e+01
2.008768463134765625e+01
1.939996337890625000e+01
1.862450981140136719e+01
1.834805870056152344e+01
1.798302078247070312e+01
1.895506477355957031e+01
1.979678344726562500e+01
2.137753295898437500e+01
2.350186729431152344e+01
2.641968917846679688e+01
2.198419189453125000e+01
1.681485939025878906e+01
1.438640403747558594e+01
1.785527801513671875e+01
2.214698600769042969e+01
2.529474258422851562e+01
2.572348403930664062e+01
2.460787582397460938e+01
2.314081573486328125e+01
2.362537956237792969e+01
2.319221115112304688e+01
2.166387176513671875e+01
2.136120796203613281e+01
2.187358856201171875e+01
2.009118652343750000e+01
1.805073165893554688e+01
1.646816825866699219e+01
1.554753875732421875e+01
1.519234085083007812e+01
1.566298103332519531e+01
1.613060760498046875e+01
1.735294723510742188e+01
1.925235366821289062e+01
2.167806053161621094e+01
2.464044380187988281e+01
2.788869476318359375e+01
2.717721557617187500e+01
2.692204666137695312e+01
2.726301956176757812e+01
2.671033096313476562e+01
2.586356735229492188e+01
2.561732101440429688e+01
2.569293022155761719e+01
2.450489807128906250e+01
2.286806488037109375e+01
2.209986495971679688e+01
2.174874496459960938e+01
2.121073341369628906e+01
1.978761291503906250e+01
1.843362426757812500e+01
1.755381202697753906e+01
1.714788246154785156e+01
1.746125030517578125e+01
1.825328826904296875e+01
1.869947433471679688e+01
2.101154708862304688e+01
2.423737716674804688e+01
2.679204368591308594e+01
2.837878608703613281e+01
2.839011001586914062e+01
2.662623977661132812e+01
2.635127258300781250e+01
2.675010681152343750e+01
2.621669960021972656e+01
2.577566909790039062e+01
2.568654632568359375e+01
2.630454826354980469e+01
2.510080718994140625e+01
2.354983329772949219e+01
2.346633338928222656e+01
2.326342391967773438e+01
2.285974502563476562e+01
1.964418601989746094e+01
1.785361480712890625e+01
1.742624092102050781e+01
1.730025100708007812e+01
1.792613220214843750e+01
1.923265266418457031e+01
1.978323745727539062e+01
2.022066879272460938e+01
2.277708435058593750e+01
2.629215240478515625e+01
2.782459259033203125e+01
2.749078750610351562e+01
2.692318153381347656e+01
2.580429840087890625e+01
2.649905204772949219e+01
2.583191871643066406e+01
2.499148368835449219e+01
2.505727386474609375e+01
2.506759262084960938e+01
2.382072257995605469e+01
2.240912246704101562e+01
2.142906951904296875e+01
2.077962493896484375e+01
2.019457817077636719e+01
1.923017501831054688e+01
1.803113174438476562e+01
1.718828010559082031e+01
1.653245925903320312e+01
1.696433639526367188e+01
1.774218750000000000e+01
1.878057479858398438e+01
2.088060951232910156e+01
2.390980339050292969e+01
2.651026725769042969e+01
2.751834869384765625e+01
2.715602111816406250e+01
2.704051208496093750e+01
2.564408683776855469e+01
2.577917098999023438e+01
2.538061332702636719e+01
2.461468696594238281e+01
2.434119796752929688e+01
2.517752456665039062e+01
2.424863624572753906e+01
2.274651336669921875e+01
2.140650367736816406e+01
2.079124641418457031e+01
2.003071975708007812e+01
1.900798416137695312e+01
1.783114433288574219e+01
1.722713088989257812e+01
1.680518341064453125e+01
1.702891921997070312e+01
1.788929748535156250e+01
1.809540748596191406e+01
1.986268997192382812e+01
2.214137458801269531e+01
2.435059547424316406e+01
2.553831481933593750e+01
2.593507575988769531e+01
2.443193626403808594e+01
2.359279441833496094e+01
2.400709533691406250e+01
2.358797836303710938e+01
2.321809959411621094e+01
2.297261047363281250e+01
2.387045097351074219e+01
2.368572616577148438e+01
2.214075660705566406e+01
2.109430885314941406e+01
2.035511016845703125e+01
1.978989028930664062e+01
1.916603660583496094e+01
1.794955062866210938e+01
1.719129180908203125e+01
1.669283103942871094e+01
1.673382186889648438e+01
1.749432373046875000e+01
1.759790611267089844e+01
1.861259269714355469e+01
1.946844482421875000e+01
2.062242126464843750e+01
2.146655654907226562e+01
2.161120605468750000e+01
2.032236862182617188e+01
2.020449638366699219e+01
1.999230766296386719e+01
1.985115814208984375e+01
1.979568672180175781e+01
2.085852813720703125e+01
2.095455551147460938e+01
2.218222808837890625e+01
2.112268257141113281e+01
2.073815917968750000e+01
2.050671577453613281e+01
1.982770156860351562e+01
1.892953491210937500e+01
1.770277214050292969e+01
1.700032806396484375e+01
1.675401115417480469e+01
1.682645797729492188e+01
1.799333572387695312e+01
1.886172485351562500e+01
2.088722229003906250e+01
2.387928009033203125e+01
2.663561248779296875e+01
2.787738418579101562e+01
2.777071571350097656e+01
2.590528869628906250e+01
2.545760536193847656e+01
2.581407546997070312e+01
2.523633575439453125e+01
2.495465850830078125e+01
2.458539581298828125e+01
2.489667510986328125e+01
2.411988830566406250e+01
2.265061569213867188e+01
2.180669975280761719e+01
2.128928947448730469e+01
2.070788574218750000e+01
1.966100311279296875e+01
1.839532470703125000e+01
1.752890205383300781e+01
1.714208984375000000e+01
1.740388488769531250e+01
1.853195953369140625e+01
1.912485504150390625e+01
2.162836074829101562e+01
2.463788604736328125e+01
2.720849418640136719e+01
2.830557632446289062e+01
2.834646797180175781e+01
2.707445716857910156e+01
2.691364288330078125e+01
2.723655700683593750e+01
2.630382537841796875e+01
2.580782508850097656e+01
2.546411514282226562e+01
2.608208084106445312e+01
2.525836944580078125e+01
2.388488769531250000e+01
2.295012855529785156e+01
2.261042404174804688e+01
2.197385025024414062e+01
2.058148193359375000e+01
1.927063751220703125e+01
1.844427299499511719e+01
1.800160026550292969e+01
1.822444152832031250e+01
1.908405876159667969e+01
1.951151275634765625e+01
2.166118812561035156e+01
2.505397796630859375e+01
2.786459541320800781e+01
2.894914817810058594e+01
2.862280273437500000e+01
2.739831733703613281e+01
2.712357902526855469e+01
2.760054779052734375e+01
2.731565856933593750e+01
2.654109573364257812e+01
2.605868148803710938e+01
2.654034996032714844e+01
2.591689872741699219e+01
2.437215995788574219e+01
2.334191894531250000e+01
2.272080421447753906e+01
2.202250289916992188e+01
2.052889633178710938e+01
1.920473861694335938e+01
1.837886428833007812e+01
1.795277786254882812e+01
1.821408843994140625e+01
1.923670768737792969e+01
1.950031852722167969e+01
2.191883659362792969e+01
2.505325698852539062e+01
2.767501831054687500e+01
2.877375602722167969e+01
2.850431823730468750e+01
2.742596435546875000e+01
2.750534629821777344e+01
2.793626403808593750e+01
2.742495536804199219e+01
2.669722366333007812e+01
2.615825653076171875e+01
2.666066551208496094e+01
2.535093498229980469e+01
2.342249107360839844e+01
2.246074104309082031e+01
2.136853027343750000e+01
2.112520217895507812e+01
2.013416862487792969e+01
1.881087112426757812e+01
1.801420211791992188e+01
1.746741867065429688e+01
1.788612937927246094e+01
1.864063262939453125e+01
1.899029922485351562e+01
2.084136390686035156e+01
2.372502517700195312e+01
2.618857574462890625e+01
2.722387504577636719e+01
2.767803382873535156e+01
2.712402153015136719e+01
2.653677368164062500e+01
2.724291038513183594e+01
2.675540542602539062e+01
2.615909385681152344e+01
2.586417961120605469e+01
2.640165328979492188e+01
2.548175811767578125e+01
2.399651336669921875e+01
2.308158874511718750e+01
2.274632263183593750e+01
2.197146034240722656e+01
2.083613586425781250e+01
1.949492645263671875e+01
1.874374008178710938e+01
1.807024383544921875e+01
1.821496009826660156e+01
1.922025871276855469e+01
1.948681831359863281e+01
2.081504821777343750e+01
2.314111518859863281e+01
2.535934829711914062e+01
2.667806625366210938e+01
2.640150833129882812e+01
2.532062530517578125e+01
2.491232299804687500e+01
2.520918273925781250e+01
2.459419631958007812e+01
2.408335494995117188e+01
2.419662475585937500e+01
2.507814216613769531e+01
2.490616035461425781e+01
2.388588905334472656e+01
2.284983253479003906e+01
2.247602653503417969e+01
2.176046943664550781e+01
2.142578315734863281e+01
1.971030616760253906e+01
1.895252037048339844e+01
1.839973068237304688e+01
1.843209457397460938e+01
1.903742980957031250e+01
1.902730560302734375e+01
1.936676979064941406e+01
2.018503189086914062e+01
2.139309120178222656e+01
2.156104087829589844e+01
2.128185653686523438e+01
2.119432449340820312e+01
2.076135826110839844e+01
2.111095619201660156e+01
2.108429145812988281e+01
2.090587615966796875e+01
2.114656066894531250e+01
2.278779029846191406e+01
2.275187683105468750e+01
2.245666885375976562e+01
2.246375846862792969e+01
2.201634788513183594e+01
2.193954086303710938e+01
2.027189826965332031e+01
1.905609130859375000e+01
1.825782394409179688e+01
1.792473602294921875e+01
1.810157012939453125e+01
1.901632499694824219e+01
1.924877548217773438e+01
2.075005722045898438e+01
2.342616271972656250e+01
2.661414718627929688e+01
2.786535644531250000e+01
2.744386291503906250e+01
2.653941154479980469e+01
2.586754608154296875e+01
2.666862869262695312e+01
2.646806907653808594e+01
2.607800292968750000e+01
2.601626205444335938e+01
2.633044052124023438e+01
2.522634124755859375e+01
2.346322822570800781e+01
2.270127105712890625e+01
2.186892509460449219e+01
2.100483512878417969e+01
2.002459335327148438e+01
1.882571029663085938e+01
1.799230194091796875e+01
1.728642463684082031e+01
1.718639373779296875e+01
1.816482734680175781e+01
1.817101287841796875e+01
2.053030014038085938e+01
2.316572570800781250e+01
2.596146011352539062e+01
2.738821029663085938e+01
2.710441398620605469e+01
2.591604423522949219e+01
2.548593330383300781e+01
2.614676475524902344e+01
2.585157203674316406e+01
2.533336257934570312e+01
2.511930656433105469e+01
2.561678504943847656e+01
2.491831207275390625e+01
2.353817749023437500e+01
2.253250503540039062e+01
2.195473289489746094e+01
2.133597373962402344e+01
2.004657554626464844e+01
1.871664047241210938e+01
1.778849411010742188e+01
1.717030906677246094e+01
1.741235733032226562e+01
1.838774490356445312e+01
1.869144630432128906e+01
2.099439239501953125e+01
2.368931770324707031e+01
2.654453659057617188e+01
2.814184570312500000e+01
2.740114974975585938e+01
2.666403579711914062e+01
2.615892982482910156e+01
2.668109321594238281e+01
2.644305610656738281e+01
2.579723739624023438e+01
2.543024635314941406e+01
2.583466529846191406e+01
2.496797370910644531e+01
2.363077545166015625e+01
2.266212081909179688e+01
2.192325973510742188e+01
2.144233131408691406e+01
2.014068794250488281e+01
1.877094078063964844e+01
1.791601181030273438e+01
1.725667953491210938e+01
1.744836235046386719e+01
1.840670204162597656e+01
1.896253967285156250e+01
2.114187622070312500e+01
2.429925918579101562e+01
2.694827461242675781e+01
2.804042434692382812e+01
2.746024322509765625e+01
2.639449691772460938e+01
2.620415115356445312e+01
2.648807525634765625e+01
2.616263580322265625e+01
2.569278907775878906e+01
2.546704864501953125e+01
2.601924896240234375e+01
2.508576202392578125e+01
2.368265533447265625e+01
2.279382705688476562e+01
2.240435409545898438e+01
2.187406539916992188e+01
2.044293975830078125e+01
1.912706756591796875e+01
1.820596504211425781e+01
1.760611724853515625e+01
1.747997283935546875e+01
1.858518791198730469e+01
1.851476860046386719e+01
2.114193534851074219e+01
2.372518539428710938e+01
2.641632270812988281e+01
2.751224708557128906e+01
2.670643234252929688e+01
2.571797180175781250e+01
2.513025093078613281e+01
2.554011917114257812e+01
2.513391876220703125e+01
2.486439895629882812e+01
2.475468826293945312e+01
2.551454162597656250e+01
2.496740150451660156e+01
2.334816741943359375e+01
2.222277450561523438e+01
2.161888885498046875e+01
2.115350151062011719e+01
2.000018501281738281e+01
1.868036651611328125e+01
1.776034164428710938e+01
1.712072372436523438e+01
1.735964584350585938e+01
1.793814086914062500e+01
1.858469009399414062e+01
1.975944709777832031e+01
2.238396644592285156e+01
2.469989585876464844e+01
2.577094459533691406e+01
2.554611396789550781e+01
2.461221122741699219e+01
2.389683532714843750e+01
2.432760238647460938e+01
2.427773666381835938e+01
2.414159774780273438e+01
2.400217056274414062e+01
2.485755348205566406e+01
2.440242385864257812e+01
2.300248527526855469e+01
2.179057502746582031e+01
2.094742202758789062e+01
2.046233940124511719e+01
1.928606796264648438e+01
1.806250953674316406e+01
1.689870834350585938e+01
1.645984649658203125e+01
1.747063255310058594e+01
1.783247566223144531e+01
1.799373054504394531e+01
1.865399551391601562e+01
1.899251747131347656e+01
2.080197715759277344e+01
2.064809989929199219e+01
2.112485122680664062e+01
2.066160202026367188e+01
2.019883346557617188e+01
2.022115516662597656e+01
2.032998275756835938e+01
2.003410530090332031e+01
2.029554176330566406e+01
2.153931808471679688e+01
2.151082038879394531e+01
2.133693885803222656e+01
2.082064437866210938e+01
2.031771659851074219e+01
1.987365913391113281e+01
1.874224853515625000e+01
1.765036392211914062e+01
1.694945907592773438e+01
1.663444900512695312e+01
1.690661811828613281e+01
1.794670677185058594e+01
1.879686355590820312e+01
2.079114151000976562e+01
2.383756065368652344e+01
2.665315818786621094e+01
2.790679168701171875e+01
2.746409797668457031e+01
2.639682006835937500e+01
2.593598175048828125e+01
2.643458175659179688e+01
2.630544853210449219e+01
2.586047554016113281e+01
2.562475395202636719e+01
2.597235679626464844e+01
2.496449661254882812e+01
2.344043350219726562e+01
2.255405616760253906e+01
2.184313774108886719e+01
2.098563385009765625e+01
1.974716377258300781e+01
1.847674560546875000e+01
1.758616065979003906e+01
1.717101860046386719e+01
1.747866630554199219e+01
1.882069969177246094e+01
1.912416267395019531e+01
2.125584793090820312e+01
2.430675888061523438e+01
2.686082458496093750e+01
2.753249549865722656e+01
2.721177482604980469e+01
2.650939178466796875e+01
2.608125114440917969e+01
2.652627563476562500e+01
2.633609390258789062e+01
2.572423934936523438e+01
2.587673377990722656e+01
2.634813308715820312e+01
2.543649291992187500e+01
2.410134124755859375e+01
2.221129798889160156e+01
2.168583869934082031e+01
2.092486953735351562e+01
2.007088851928710938e+01
1.877722930908203125e+01
1.788470077514648438e+01
1.720518875122070312e+01
1.765709495544433594e+01
1.849787902832031250e+01
1.908471107482910156e+01
2.134112930297851562e+01
2.426908874511718750e+01
2.672873306274414062e+01
2.753957366943359375e+01
2.699714851379394531e+01
2.649075126647949219e+01
2.587709808349609375e+01
2.617972755432128906e+01
2.609766006469726562e+01
2.560520172119140625e+01
2.553780746459960938e+01
2.594741058349609375e+01
2.503585815429687500e+01
2.357362937927246094e+01
2.258866500854492188e+01
2.188004684448242188e+01
2.126061248779296875e+01
1.981917190551757812e+01
1.865739250183105469e+01
1.751416015625000000e+01
1.728158950805664062e+01
1.735985183715820312e+01
1.860319900512695312e+01
1.916711044311523438e+01
2.120037078857421875e+01
2.383909988403320312e+01
2.662127876281738281e+01
2.845995903015136719e+01
2.714160346984863281e+01
2.574943351745605469e+01
2.473933982849121094e+01
2.554616546630859375e+01
2.546054458618164062e+01
2.556664466857910156e+01
2.558793449401855469e+01
2.573732757568359375e+01
2.517298698425292969e+01
2.326000404357910156e+01
2.201338768005371094e+01
2.102857971191406250e+01
2.042274093627929688e+01
1.906967163085937500e+01
1.792223358154296875e+01
1.719290542602539062e+01
1.673731613159179688e+01
1.729456138610839844e+01
1.802069473266601562e+01
1.843944168090820312e+01
2.036706161499023438e+01
2.336932182312011719e+01
2.563941955566406250e+01
2.654635620117187500e+01
2.646580505371093750e+01
2.539148521423339844e+01
2.510719299316406250e+01
2.562860107421875000e+01
2.533361625671386719e+01
2.472244644165039062e+01
2.538644981384277344e+01
2.556301307678222656e+01
2.438518714904785156e+01
2.315182495117187500e+01
2.173944854736328125e+01
2.080598831176757812e+01
2.003433227539062500e+01
1.903287696838378906e+01
1.776592254638671875e+01
1.690647125244140625e+01
1.659936904907226562e+01
1.679850006103515625e+01
1.795909500122070312e+01
1.816787719726562500e+01
1.990630149841308594e+01
2.177638626098632812e+01
2.403420639038085938e+01
2.536057281494140625e+01
2.492490577697753906e+01
2.426314926147460938e+01
2.359016609191894531e+01
2.417541122436523438e+01
2.432294654846191406e+01
2.413961029052734375e+01
2.439416694641113281e+01
2.527748107910156250e+01
2.428866004943847656e+01
2.304814529418945312e+01
2.188431358337402344e+01
2.066469192504882812e+01
2.005560684204101562e+01
1.915846633911132812e+01
1.790601730346679688e+01
1.723630332946777344e+01
1.672773742675781250e+01
1.690224456787109375e+01
1.811268806457519531e+01
1.816857147216796875e+01
1.861258697509765625e+01
1.970419692993164062e+01
2.072765922546386719e+01
2.140025138854980469e+01
2.130502700805664062e+01
2.095846557617187500e+01
2.061635398864746094e+01
2.082503509521484375e+01
2.073263168334960938e+01
2.070680999755859375e+01
2.108994293212890625e+01
2.228641891479492188e+01
2.223313140869140625e+01
2.197822952270507812e+01
2.111010360717773438e+01
2.081005859375000000e+01
1.986674308776855469e+01
1.881569671630859375e+01
1.777909660339355469e+01
1.717703247070312500e+01
1.692969894409179688e+01
1.714369964599609375e+01
1.807281494140625000e+01
1.921625709533691406e+01
2.058462142944335938e+01
2.366559410095214844e+01
2.650319099426269531e+01
2.737117767333984375e+01
2.684811973571777344e+01
2.606427001953125000e+01
2.541160392761230469e+01
2.561840820312500000e+01
2.555316925048828125e+01
2.530884933471679688e+01
2.509805297851562500e+01
2.562541961669921875e+01
2.425794792175292969e+01
2.267803001403808594e+01
2.269048309326171875e+01
2.048890113830566406e+01
1.957044792175292969e+01
1.880205917358398438e+01
1.764859199523925781e+01
1.690482330322265625e+01
1.643030548095703125e+01
1.681923675537109375e+01
1.787938690185546875e+01
1.854207229614257812e+01
2.059885597229003906e+01
2.336785125732421875e+01
2.569027137756347656e+01
2.629442596435546875e+01
2.575424575805664062e+01
2.501468086242675781e+01
2.450533676147460938e+01
2.489097023010253906e+01
2.440190505981445312e+01
2.457748794555664062e+01
2.471737861633300781e+01
2.535311126708984375e+01
2.435013008117675781e+01
2.301579093933105469e+01
2.133760643005371094e+01
1.970401763916015625e+01
1.894604301452636719e+01
1.811540985107421875e+01
1.696614456176757812e+01
1.635293579101562500e+01
1.598212242126464844e+01
1.640352630615234375e+01
1.722262001037597656e+01
1.793621063232421875e+01
1.957968521118164062e+01
2.259866905212402344e+01
2.482692527770996094e+01
2.555037307739257812e+01
2.516328811645507812e+01
2.421885681152343750e+01
2.366331863403320312e+01
2.408757019042968750e+01
2.394017028808593750e+01
2.386034584045410156e+01
2.404135131835937500e+01
2.473954963684082031e+01
2.335857009887695312e+01
2.161205101013183594e+01
2.049331665039062500e+01
1.914609718322753906e+01
1.802713584899902344e+01
1.696862030029296875e+01
1.601304054260253906e+01
1.546687316894531250e+01
1.518689632415771484e+01
1.561116981506347656e+01
1.672561454772949219e+01
1.745029067993164062e+01
1.931315040588378906e+01
2.202118492126464844e+01
2.417160987854003906e+01
2.484461021423339844e+01
2.457336235046386719e+01
2.404477310180664062e+01
2.338440322875976562e+01
2.390814399719238281e+01
2.401103973388671875e+01
2.388638496398925781e+01
2.392815399169921875e+01
2.453686714172363281e+01
2.321471023559570312e+01
2.171879768371582031e+01
2.067821121215820312e+01
1.925691986083984375e+01
1.744424819946289062e+01
1.683748817443847656e+01
1.574670600891113281e+01
1.527262783050537109e+01
1.501530075073242188e+01
1.550390148162841797e+01
1.690210723876953125e+01
1.770635986328125000e+01
1.953586578369140625e+01
2.218773269653320312e+01
2.446627998352050781e+01
2.530696868896484375e+01
2.522590637207031250e+01
2.481401824951171875e+01
2.433944702148437500e+01
2.487367057800292969e+01
2.468280029296875000e+01
2.396519660949707031e+01
2.381903648376464844e+01
2.446591377258300781e+01
2.313395118713378906e+01
2.189323997497558594e+01
2.103763961791992188e+01
1.969042205810546875e+01
1.848009109497070312e+01
1.764335823059082031e+01
1.662047958374023438e+01
1.604627609252929688e+01
1.571790695190429688e+01
1.617388153076171875e+01
1.779489898681640625e+01
1.864645195007324219e+01
1.961013793945312500e+01
2.031960105895996094e+01
2.088278961181640625e+01
2.110638809204101562e+01
2.079267692565917969e+01
2.052383232116699219e+01
2.037160110473632812e+01
2.053733634948730469e+01
2.049006462097167969e+01
2.040166664123535156e+01
2.108783340454101562e+01
2.290912055969238281e+01
2.242757034301757812e+01
2.157256126403808594e+01
2.128283500671386719e+01
2.032099342346191406e+01
1.965084457397460938e+01
1.862979507446289062e+01
1.772107124328613281e+01
1.707840347290039062e+01
1.689337158203125000e+01
1.723725128173828125e+01
1.822849273681640625e+01
1.826880455017089844e+01
1.819055557250976562e+01
1.878992080688476562e+01
1.985187149047851562e+01
2.060905075073242188e+01
2.058772850036621094e+01
2.012495040893554688e+01
1.985533142089843750e+01
1.976139831542968750e+01
1.982773208618164062e+01
1.981336593627929688e+01
2.016622161865234375e+01
2.192797470092773438e+01
2.167719459533691406e+01
2.110388374328613281e+01
2.122730827331542969e+01
2.030244827270507812e+01
1.977149581909179688e+01
1.884105300903320312e+01
1.768615341186523438e+01
1.711843681335449219e+01
1.673454666137695312e+01
1.724021148681640625e+01
1.796957397460937500e+01
1.850515747070312500e+01
1.900129508972167969e+01
1.986267852783203125e+01
2.108919715881347656e+01
2.216364097595214844e+01
2.172762489318847656e+01
2.100144195556640625e+01
2.047295951843261719e+01
2.044847488403320312e+01
2.063110923767089844e+01
2.053489494323730469e+01
2.093082618713378906e+01
2.227534484863281250e+01
2.209133911132812500e+01
2.197189331054687500e+01
2.139711189270019531e+01
2.033407020568847656e+01
2.016571044921875000e+01
1.918456840515136719e+01
1.798795890808105469e+01
1.761218261718750000e+01
1.704120254516601562e+01
1.761260604858398438e+01
1.842784881591796875e+01
1.946304893493652344e+01
2.046537590026855469e+01
2.319095230102539062e+01
2.595971679687500000e+01
2.723305511474609375e+01
2.705839157104492188e+01
2.619170379638671875e+01
2.568512344360351562e+01
2.614313888549804688e+01
2.588553047180175781e+01
2.538561630249023438e+01
2.499370765686035156e+01
2.561712646484375000e+01
2.454470252990722656e+01
2.312446403503417969e+01
2.236742401123046875e+01
2.165412521362304688e+01
2.080843734741210938e+01
1.981709098815917969e+01
1.867546844482421875e+01
1.789058303833007812e+01
1.747091674804687500e+01
1.763653182983398438e+01
1.875773620605468750e+01
1.894145774841308594e+01
2.083962249755859375e+01
2.348189544677734375e+01
2.601404571533203125e+01
2.719963455200195312e+01
2.694273185729980469e+01
2.639654731750488281e+01
2.586310577392578125e+01
2.640478897094726562e+01
2.600544738769531250e+01
2.558777999877929688e+01
2.551182556152343750e+01
2.611458206176757812e+01
2.500855255126953125e+01
2.352540206909179688e+01
2.262126350402832031e+01
2.178571701049804688e+01
2.111852264404296875e+01
2.002754974365234375e+01
1.873662948608398438e+01
1.779054641723632812e+01
1.736590576171875000e+01
1.765158081054687500e+01
1.890411758422851562e+01
1.936554527282714844e+01
2.153930854797363281e+01
2.426408004760742188e+01
2.657968521118164062e+01
2.760738372802734375e+01
2.732046318054199219e+01
2.649201202392578125e+01
2.631083679199218750e+01
2.640691757202148438e+01
2.610641479492187500e+01
2.540156745910644531e+01
2.512377929687500000e+01
2.578495216369628906e+01
2.440687942504882812e+01
2.274907302856445312e+01
2.202500724792480469e+01
2.053647041320800781e+01
1.988843345642089844e+01
1.889204025268554688e+01
1.778199195861816406e+01
1.705356597900390625e+01
1.678063583374023438e+01
1.708629608154296875e+01
1.819912338256835938e+01
1.872027587890625000e+01
2.069969177246093750e+01
2.318004798889160156e+01
2.542170333862304688e+01
2.665610694885253906e+01
2.644202804565429688e+01
2.580920219421386719e+01
2.535954284667968750e+01
2.577414131164550781e+01
2.541623687744140625e+01
2.484167861938476562e+01
2.479032516479492188e+01
2.531893920898437500e+01
2.412196922302246094e+01
2.216312980651855469e+01
2.114210891723632812e+01
2.009603500366210938e+01
1.933006668090820312e+01
1.835037422180175781e+01
1.730039596557617188e+01
1.657702636718750000e+01
1.623097229003906250e+01
1.661854743957519531e+01
1.781014060974121094e+01
1.831261444091796875e+01
1.965977096557617188e+01
2.159553527832031250e+01
2.368953704833984375e+01
2.470696449279785156e+01
2.472504615783691406e+01
2.408452606201171875e+01
2.313971328735351562e+01
2.376985359191894531e+01
2.384366035461425781e+01
2.325987243652343750e+01
2.280438423156738281e+01
2.436940383911132812e+01
2.344058609008789062e+01
2.171298408508300781e+01
2.075734710693359375e+01
1.958346557617187500e+01
1.892439079284667969e+01
1.812339782714843750e+01
1.714353942871093750e+01
1.652365493774414062e+01
1.622214698791503906e+01
1.646293258666992188e+01
1.730110549926757812e+01
1.765914535522460938e+01
1.834479904174804688e+01
1.935670280456542969e+01
2.023409843444824219e+01
2.088817977905273438e+01
2.104985046386718750e+01
2.059028053283691406e+01
2.011546325683593750e+01
2.028310012817382812e+01
2.007264709472656250e+01
1.993768882751464844e+01
2.014979553222656250e+01
2.122075271606445312e+01
2.153578948974609375e+01
2.099095344543457031e+01
2.035571289062500000e+01
1.959600448608398438e+01
1.887257385253906250e+01
1.766999435424804688e+01
1.690295410156250000e+01
1.627664756774902344e+01
1.613867378234863281e+01
1.644987297058105469e+01
1.754447555541992188e+01
1.823191833496093750e+01
2.011902236938476562e+01
2.295557594299316406e+01
2.562750434875488281e+01
2.685540390014648438e+01
2.654050064086914062e+01
2.534401893615722656e+01
2.427150154113769531e+01
2.436990165710449219e+01
2.407295989990234375e+01
2.355751228332519531e+01
2.349902343750000000e+01
2.413899421691894531e+01
2.293971443176269531e+01
2.159821319580078125e+01
2.014349555969238281e+01
1.899614334106445312e+01
1.832185745239257812e+01
1.711289215087890625e+01
1.631396865844726562e+01
1.574620628356933594e+01
1.550374412536621094e+01
1.596199512481689453e+01
1.727950668334960938e+01
1.831635093688964844e+01
2.009862327575683594e+01
2.256052780151367188e+01
2.458228111267089844e+01
2.535410499572753906e+01
2.522580718994140625e+01
2.467575263977050781e+01
2.416816520690917969e+01
2.465069198608398438e+01
2.440425491333007812e+01
2.409179115295410156e+01
2.425364303588867188e+01
2.470532226562500000e+01
2.348630714416503906e+01
2.172346687316894531e+01
2.009551048278808594e+01
1.952647399902343750e+01
1.835027885437011719e+01
1.743363761901855469e+01
1.651725769042968750e+01
1.600562095642089844e+01
1.587207031250000000e+01
1.629349136352539062e+01
1.736283874511718750e+01
1.839262962341308594e+01
2.064109420776367188e+01
2.330158996582031250e+01
2.542537879943847656e+01
2.630422019958496094e+01
2.597786521911621094e+01
2.520708274841308594e+01
2.490967178344726562e+01
2.530159759521484375e+01
2.491248703002929688e+01
2.433213043212890625e+01
2.474398231506347656e+01
2.505150794982910156e+01
2.355922698974609375e+01
2.213417816162109375e+01
2.076951599121093750e+01
1.961475753784179688e+01
1.857729148864746094e+01
1.754338836669921875e+01
1.664262390136718750e+01
1.612313652038574219e+01
1.582863712310791016e+01
1.641469573974609375e+01
1.760074424743652344e+01
1.819038772583007812e+01
2.051477432250976562e+01
2.331792640686035156e+01
2.540755271911621094e+01
2.608904838562011719e+01
2.560736656188964844e+01
2.481553077697753906e+01
2.437698173522949219e+01
2.464710235595703125e+01
2.458030509948730469e+01
2.431907081604003906e+01
2.446737861633300781e+01
2.498670768737792969e+01
2.372605895996093750e+01
2.191182708740234375e+01
2.081706619262695312e+01
1.942859458923339844e+01
1.840880966186523438e+01
1.744789886474609375e+01
1.638055038452148438e+01
1.591134643554687500e+01
1.575653266906738281e+01
1.632416343688964844e+01
1.750900650024414062e+01
1.795324707031250000e+01
2.037777709960937500e+01
2.308509254455566406e+01
2.522868728637695312e+01
2.586480522155761719e+01
2.560647773742675781e+01
2.495057868957519531e+01
2.430225372314453125e+01
2.465084266662597656e+01
2.450483894348144531e+01
2.419591522216796875e+01
2.439039421081542969e+01
2.480061149597167969e+01
2.323917007446289062e+01
2.150364112854003906e+01
2.015850639343261719e+01
1.872405433654785156e+01
1.772226715087890625e+01
1.702792358398437500e+01
1.616569137573242188e+01
1.559250068664550781e+01
1.548677730560302734e+01
1.590208339691162109e+01
1.710884857177734375e+01
1.758449935913085938e+01
1.911881256103515625e+01
2.086430358886718750e+01
2.280552291870117188e+01
2.351805877685546875e+01
2.319774246215820312e+01
2.269148254394531250e+01
2.181741714477539062e+01
2.224371528625488281e+01
2.186108779907226562e+01
2.187007713317871094e+01
2.265880203247070312e+01
2.347871017456054688e+01
2.280447196960449219e+01
2.169188117980957031e+01
2.044291114807128906e+01
1.928771781921386719e+01
1.865032768249511719e+01
1.761333465576171875e+01
1.674888229370117188e+01
1.629300117492675781e+01
1.597184562683105469e+01
1.642161369323730469e+01
1.748574829101562500e+01
1.761107444763183594e+01
1.843034362792968750e+01
1.959177017211914062e+01
2.098896217346191406e+01
2.127365493774414062e+01
2.101658058166503906e+01
2.058446502685546875e+01
2.002113723754882812e+01
1.990275192260742188e+01
1.995002746582031250e+01
1.992677116394042969e+01
2.009460067749023438e+01
2.140057373046875000e+01
2.108517456054687500e+01
2.050304031372070312e+01
2.013529205322265625e+01
1.909896087646484375e+01
1.847555923461914062e+01
1.768580818176269531e+01
1.674914169311523438e+01
1.639762496948242188e+01
1.609543228149414062e+01
1.659994888305664062e+01
1.770769500732421875e+01
1.881339645385742188e+01
2.023861122131347656e+01
2.274833679199218750e+01
2.506265640258789062e+01
2.596138954162597656e+01
2.580914688110351562e+01
2.508821296691894531e+01
2.427729988098144531e+01
2.476550865173339844e+01
2.442025375366210938e+01
2.407341575622558594e+01
2.427643775939941406e+01
2.472054672241210938e+01
2.363445663452148438e+01
2.274930191040039062e+01
2.077550125122070312e+01
2.079655456542968750e+01
1.926350784301757812e+01
1.858810234069824219e+01
1.749319839477539062e+01
1.685874938964843750e+01
1.657160568237304688e+01
1.707767486572265625e+01
1.837676239013671875e+01
1.931830978393554688e+01
2.138339614868164062e+01
2.425284767150878906e+01
2.648162269592285156e+01
2.744457626342773438e+01
2.718388748168945312e+01
2.656827163696289062e+01
2.659470748901367188e+01
2.679144668579101562e+01
2.660058975219726562e+01
2.620645141601562500e+01
2.590393829345703125e+01
2.619552040100097656e+01
2.464055061340332031e+01
2.313677406311035156e+01
2.196430587768554688e+01
2.070799064636230469e+01
1.988028526306152344e+01
1.908843231201171875e+01
1.839941787719726562e+01
1.784102630615234375e+01
1.705031776428222656e+01
1.763003921508789062e+01
1.844608306884765625e+01
1.972171592712402344e+01
2.143739509582519531e+01
2.425262451171875000e+01
2.682989883422851562e+01
2.781414794921875000e+01
2.694652748107910156e+01
2.616400718688964844e+01
2.616044998168945312e+01
2.618207740783691406e+01
2.614124298095703125e+01
2.600622558593750000e+01
2.593493080139160156e+01
2.631073379516601562e+01
2.463040924072265625e+01
2.285652351379394531e+01
2.183578109741210938e+01
2.067212486267089844e+01
1.991275787353515625e+01
1.872323799133300781e+01
1.750594329833984375e+01
1.683922004699707031e+01
1.645921134948730469e+01
1.692797660827636719e+01
1.793160629272460938e+01
1.862804222106933594e+01
2.106574821472167969e+01
2.363032913208007812e+01
2.576199722290039062e+01
2.663689804077148438e+01
2.596465682983398438e+01
2.522241783142089844e+01
2.491567611694335938e+01
2.516166877746582031e+01
2.497533226013183594e+01
2.479615402221679688e+01
2.457479858398437500e+01
2.509957313537597656e+01
2.377802276611328125e+01
2.228174781799316406e+01
2.073926544189453125e+01
2.055436706542968750e+01
1.841114616394042969e+01
1.799315834045410156e+01
1.672892951965332031e+01
1.629727935791015625e+01
1.589553451538085938e+01
1.643166732788085938e+01
1.739477157592773438e+01
1.856277084350585938e+01
2.035041046142578125e+01
2.323849105834960938e+01
2.524556350708007812e+01
2.613107109069824219e+01
2.578184318542480469e+01
2.498389434814453125e+01
2.435878944396972656e+01
2.443041229248046875e+01
2.464722824096679688e+01
2.425357055664062500e+01
2.418492317199707031e+01
2.448849487304687500e+01
2.319770240783691406e+01
2.170659637451171875e+01
2.057002639770507812e+01
1.930972480773925781e+01
1.825454330444335938e+01
1.711698532104492188e+01
1.621530532836914062e+01
1.563594436645507812e+01
1.542942619323730469e+01
1.606314468383789062e+01
1.709690093994140625e+01
1.800353622436523438e+01
1.930920028686523438e+01
2.141350555419921875e+01
2.342742347717285156e+01
2.440006446838378906e+01
2.410218238830566406e+01
2.369621467590332031e+01
2.261585998535156250e+01
2.311720085144042969e+01
2.337003707885742188e+01
2.307728767395019531e+01
2.320208168029785156e+01
2.384074783325195312e+01
2.280003547668457031e+01
2.142250823974609375e+01
2.002075004577636719e+01
1.892399978637695312e+01
1.809180831909179688e+01
1.705807113647460938e+01
1.627485656738281250e+01
1.576093101501464844e+01
1.553222370147705078e+01
1.584848785400390625e+01
1.696442031860351562e+01
1.726588058471679688e+01
1.783786010742187500e+01
1.864479827880859375e+01
1.963694000244140625e+01
2.015729141235351562e+01
2.003968238830566406e+01
1.960626983642578125e+01
1.896644210815429688e+01
1.894507980346679688e+01
1.897878646850585938e+01
1.914816665649414062e+01
1.968979263305664062e+01
2.081668090820312500e+01
2.029034042358398438e+01
1.975196838378906250e+01
1.906953811645507812e+01
1.805393028259277344e+01
1.742782974243164062e+01
1.647890853881835938e+01
1.591814804077148438e+01
1.545139217376708984e+01
1.537271881103515625e+01
1.564620780944824219e+01
1.663877487182617188e+01
1.767926025390625000e+01
1.972446441650390625e+01
2.244441795349121094e+01
2.465665626525878906e+01
2.557175064086914062e+01
2.530701637268066406e+01
2.461154174804687500e+01
2.359937858581542969e+01
2.400084495544433594e+01
2.397552108764648438e+01
2.372197914123535156e+01
2.374732589721679688e+01
2.397438621520996094e+01
2.248760032653808594e+01
2.088876724243164062e+01
2.012326812744140625e+01
1.849616622924804688e+01
1.769282913208007812e+01
1.670602798461914062e+01
1.591062831878662109e+01
1.541206645965576172e+01
1.514939308166503906e+01
1.564716911315917969e+01
1.684978866577148438e+01
1.762932205200195312e+01
1.965131187438964844e+01
2.255794715881347656e+01
2.442113113403320312e+01
2.522450065612792969e+01
2.471566963195800781e+01
2.406170272827148438e+01
2.352465057373046875e+01
2.407497787475585938e+01
2.428445816040039062e+01
2.391697120666503906e+01
2.383196449279785156e+01
2.421299743652343750e+01
2.288844299316406250e+01
2.132040977478027344e+01
2.020154380798339844e+01
1.907338333129882812e+01
1.822570800781250000e+01
1.710482406616210938e+01
1.620323944091796875e+01
1.578870773315429688e+01
1.550802230834960938e+01
1.606922149658203125e+01
1.716553497314453125e+01
1.844642448425292969e+01
2.035633277893066406e+01
2.320432090759277344e+01
2.499667739868164062e+01
2.581488990783691406e+01
2.559191894531250000e+01
2.481934738159179688e+01
2.480626106262207031e+01
2.504564285278320312e+01
2.495722389221191406e+01
2.473593521118164062e+01
2.487200355529785156e+01
2.488842582702636719e+01
2.336344146728515625e+01
2.197172355651855469e+01
2.082637023925781250e+01
1.975476074218750000e+01
1.878317642211914062e+01
1.799642944335937500e+01
1.700724220275878906e+01
1.653169250488281250e+01
1.634729003906250000e+01
1.681132888793945312e+01
1.796477890014648438e+01
1.907392120361328125e+01
2.123339080810546875e+01
2.386529350280761719e+01
2.588002777099609375e+01
2.676093101501464844e+01
2.651812553405761719e+01
2.565473937988281250e+01
2.533098602294921875e+01
2.532435035705566406e+01
2.540953445434570312e+01
2.516044235229492188e+01
2.537311935424804688e+01
2.542043685913085938e+01
2.400690269470214844e+01
2.288583755493164062e+01
2.173713684082031250e+01
2.070093154907226562e+01
1.992623329162597656e+01
1.850581741333007812e+01
1.754251861572265625e+01
1.685037422180175781e+01
1.663591003417968750e+01
1.718019104003906250e+01
1.825973510742187500e+01
1.902963638305664062e+01
2.129823303222656250e+01
2.406352996826171875e+01
2.599145889282226562e+01
2.628845977783203125e+01
2.546201896667480469e+01
2.488499069213867188e+01
2.382511329650878906e+01
2.361348152160644531e+01
2.361361122131347656e+01
2.351500320434570312e+01
2.359551620483398438e+01
2.444022750854492188e+01
2.349321556091308594e+01
2.166828536987304688e+01
2.070650100708007812e+01
1.955156898498535156e+01
1.881325149536132812e+01
1.736958694458007812e+01
1.660222244262695312e+01
1.606448364257812500e+01
1.600437927246093750e+01
1.663448333740234375e+01
1.741293144226074219e+01
1.791951370239257812e+01
1.967385101318359375e+01
2.130740356445312500e+01
2.362995147705078125e+01
2.407230377197265625e+01
2.420516586303710938e+01
2.347564888000488281e+01
2.236838912963867188e+01
2.234681320190429688e+01
2.269122123718261719e+01
2.251602745056152344e+01
2.299248886108398438e+01
2.384098434448242188e+01
2.300953674316406250e+01
2.092260742187500000e+01
1.982820701599121094e+01
1.859935951232910156e+01
1.752663612365722656e+01
1.660499382019042969e+01
1.596223258972167969e+01
1.551748180389404297e+01
1.533479595184326172e+01
1.591864776611328125e+01
1.666726684570312500e+01
1.731389999389648438e+01
1.781710433959960938e+01
1.918471717834472656e+01
1.971405410766601562e+01
1.995266914367675781e+01
1.970213699340820312e+01
1.937286186218261719e+01
1.871307754516601562e+01
1.823853302001953125e+01
1.817229080200195312e+01
1.826811408996582031e+01
1.875688552856445312e+01
1.994185829162597656e+01
1.944526672363281250e+01
1.884794807434082031e+01
1.822982025146484375e+01
1.706448745727539062e+01
1.647789764404296875e+01
1.539361572265625000e+01
1.498802471160888672e+01
1.454140853881835938e+01
1.479139709472656250e+01
1.524719142913818359e+01
1.634789276123046875e+01
1.734808158874511719e+01
1.935221099853515625e+01
2.226802825927734375e+01
2.385793495178222656e+01
2.392460441589355469e+01
2.377640533447265625e+01
2.300269699096679688e+01
2.291403770446777344e+01
2.214391326904296875e+01
2.217636871337890625e+01
2.218872833251953125e+01
2.212785911560058594e+01
2.190052986145019531e+01
2.182323074340820312e+01
1.937646293640136719e+01
1.812788391113281250e+01
1.691119003295898438e+01
1.584239006042480469e+01
1.480548477172851562e+01
1.428942394256591797e+01
1.412495422363281250e+01
1.428201007843017578e+01
1.486347770690917969e+01
1.607159614562988281e+01
1.690534210205078125e+01
1.954579162597656250e+01
2.238886642456054688e+01
2.378326034545898438e+01
2.455727767944335938e+01
2.396494865417480469e+01
2.326109504699707031e+01
2.286126136779785156e+01
2.321188926696777344e+01
2.311328506469726562e+01
2.295977783203125000e+01
2.298488426208496094e+01
2.317264556884765625e+01
2.183596038818359375e+01
2.011308670043945312e+01
1.873947525024414062e+01
1.730731582641601562e+01
1.606815910339355469e+01
1.507408905029296875e+01
1.445343399047851562e+01
1.415879154205322266e+01
1.409574985504150391e+01
1.470742797851562500e+01
1.607305145263671875e+01
1.709416961669921875e+01
1.950363349914550781e+01
2.246893692016601562e+01
2.422961807250976562e+01
2.489536285400390625e+01
2.451286697387695312e+01
2.376660919189453125e+01
2.334810638427734375e+01
2.366666221618652344e+01
2.360692214965820312e+01
2.343824386596679688e+01
2.353570556640625000e+01
2.379565048217773438e+01
2.222447776794433594e+01
2.061319351196289062e+01
1.924410629272460938e+01
1.759082412719726562e+01
1.643249130249023438e+01
1.528526782989501953e+01
1.452002525329589844e+01
1.423074531555175781e+01
1.420261764526367188e+01
1.480748748779296875e+01
1.628730773925781250e+01
1.759215164184570312e+01
2.006556510925292969e+01
2.288342475891113281e+01
2.456590270996093750e+01
2.516152381896972656e+01
2.477926254272460938e+01
2.402401351928710938e+01
2.353455162048339844e+01
2.404222869873046875e+01
2.380359649658203125e+01
2.361373901367187500e+01
2.373951721191406250e+01
2.392237854003906250e+01
2.228987312316894531e+01
2.068454551696777344e+01
1.922158813476562500e+01
1.770532226562500000e+01
1.645160102844238281e+01
1.545080566406250000e+01
1.472477722167968750e+01
1.437130546569824219e+01
1.442908859252929688e+01
1.502482032775878906e+01
1.657080650329589844e+01
1.730693817138671875e+01
2.004914855957031250e+01
2.262290954589843750e+01
2.459520912170410156e+01
2.527084732055664062e+01
2.486920547485351562e+01
2.451727294921875000e+01
2.363113212585449219e+01
2.401495933532714844e+01
2.410357284545898438e+01
2.378297805786132812e+01
2.368136978149414062e+01
2.410669898986816406e+01
2.252168273925781250e+01
2.063333320617675781e+01
1.917596817016601562e+01
1.766570663452148438e+01
1.651404190063476562e+01
1.580364322662353516e+01
1.512629985809326172e+01
1.477533054351806641e+01
1.468162155151367188e+01
1.523361206054687500e+01
1.646368789672851562e+01
1.743409729003906250e+01
1.903430366516113281e+01
2.141515350341796875e+01
2.316599655151367188e+01
2.406366539001464844e+01
2.365225410461425781e+01
2.295022773742675781e+01
2.188768768310546875e+01
2.227197265625000000e+01
2.237332153320312500e+01
2.216789627075195312e+01
2.233616447448730469e+01
2.323653602600097656e+01
2.231517219543457031e+01
2.025061035156250000e+01
1.916709136962890625e+01
1.757730293273925781e+01
1.635631752014160156e+01
1.577962398529052734e+01
1.508336257934570312e+01
1.472592067718505859e+01
1.466720008850097656e+01
1.508072090148925781e+01
1.611302185058593750e+01
1.642528915405273438e+01
1.696657562255859375e+01
1.862479019165039062e+01
1.949578475952148438e+01
1.985866546630859375e+01
1.945595932006835938e+01
1.900825881958007812e+01
1.833954048156738281e+01
1.814842605590820312e+01
1.797203826904296875e+01
1.841770935058593750e+01
1.889385604858398438e+01
2.040671730041503906e+01
1.993589401245117188e+01
1.868427276611328125e+01
1.803409957885742188e+01
1.670313072204589844e+01
1.591700267791748047e+01
1.535801029205322266e+01
1.448966407775878906e+01
1.432789993286132812e+01
1.435081672668457031e+01
1.489895439147949219e+01
1.604145431518554688e+01
1.707858657836914062e+01
1.919948959350585938e+01
2.150482177734375000e+01
2.352891349792480469e+01
2.422574996948242188e+01
2.377993202209472656e+01
2.303233528137207031e+01
2.189642333984375000e+01
2.230832099914550781e+01
2.227083396911621094e+01
2.206850242614746094e+01
2.230529594421386719e+01
2.270685195922851562e+01
2.145160293579101562e+01
1.970121955871582031e+01
1.858795547485351562e+01
1.670668792724609375e+01
1.574569320678710938e+01
1.476938819885253906e+01
1.416738891601562500e+01
1.386560630798339844e+01
1.386165237426757812e+01
1.439976310729980469e+01
1.577380084991455078e+01
1.709194564819335938e+01
1.915633964538574219e+01
2.194722557067871094e+01
2.343551063537597656e+01
2.363338661193847656e+01
2.316337966918945312e+01
2.243558692932128906e+01
2.150783538818359375e+01
2.190020751953125000e+01
2.211365509033203125e+01
2.205606651306152344e+01
2.216480827331542969e+01
2.277323722839355469e+01
2.154902458190917969e+01
1.968745613098144531e+01
1.811375999450683594e+01
1.623392868041992188e+01
1.529076194763183594e+01
1.420604896545410156e+01
1.367171859741210938e+01
1.335364341735839844e+01
1.342551326751708984e+01
1.412414550781250000e+01
1.553059673309326172e+01
1.662052536010742188e+01
1.872612380981445312e+01
2.144381141662597656e+01
2.307587242126464844e+01
2.355790710449218750e+01
2.321964263916015625e+01
2.260533523559570312e+01
2.169502830505371094e+01
2.229855537414550781e+01
2.240334701538085938e+01
2.207635498046875000e+01
2.231766891479492188e+01
2.288934135437011719e+01
2.140057945251464844e+01
1.948999595642089844e+01
1.807589340209960938e+01
1.637364578247070312e+01
1.511028289794921875e+01
1.415777587890625000e+01
1.359892654418945312e+01
1.332123661041259766e+01
1.335798454284667969e+01
1.402948951721191406e+01
1.545697784423828125e+01
1.698610687255859375e+01
1.871022796630859375e+01
2.150181007385253906e+01
2.324568176269531250e+01
2.358922386169433594e+01
2.324932479858398438e+01
2.256638336181640625e+01
2.163163948059082031e+01
2.235169982910156250e+01
2.240709495544433594e+01
2.224449729919433594e+01
2.254836654663085938e+01
2.288856315612792969e+01
2.194989776611328125e+01
1.971523475646972656e+01
1.789469718933105469e+01
1.629518318176269531e+01
1.541568565368652344e+01
1.444570922851562500e+01
1.380576324462890625e+01
1.355096626281738281e+01
1.360021781921386719e+01
1.422492027282714844e+01
1.580399322509765625e+01
1.668245697021484375e+01
1.792871093750000000e+01
1.960906600952148438e+01
2.114566421508789062e+01
2.187026405334472656e+01
2.173668098449707031e+01
2.113446998596191406e+01
2.008158874511718750e+01
2.027594947814941406e+01
2.049902343750000000e+01
2.061387634277343750e+01
2.104532432556152344e+01
2.214916229248046875e+01
2.158520317077636719e+01
1.971141624450683594e+01
1.857408523559570312e+01
1.708503913879394531e+01
1.587032127380371094e+01
1.493022155761718750e+01
1.423851966857910156e+01
1.395152854919433594e+01
1.403998088836669922e+01
1.470033836364746094e+01
1.612357330322265625e+01
1.715314865112304688e+01
1.834720611572265625e+01
2.066337203979492188e+01
2.260282135009765625e+01
2.353460693359375000e+01
2.309981727600097656e+01
2.237416839599609375e+01
2.122018432617187500e+01
2.152528381347656250e+01
2.139475440979003906e+01
2.144785690307617188e+01
2.178454780578613281e+01
2.273039054870605469e+01
2.206287956237792969e+01
2.029140281677246094e+01
1.907066345214843750e+01
1.769311904907226562e+01
1.646191406250000000e+01
1.575372695922851562e+01
1.496300411224365234e+01
1.475339508056640625e+01
1.471646499633789062e+01
1.540691852569580078e+01
1.649631881713867188e+01
1.728831481933593750e+01
1.792443084716796875e+01
1.919199752807617188e+01
1.995526123046875000e+01
2.050175666809082031e+01
2.033849716186523438e+01
1.956906318664550781e+01
1.894043922424316406e+01
1.850365066528320312e+01
1.861203193664550781e+01
1.870406150817871094e+01
1.912509727478027344e+01
2.030741882324218750e+01
2.019769668579101562e+01
1.925336647033691406e+01
1.836024856567382812e+01
1.712724304199218750e+01
1.617481613159179688e+01
1.516674900054931641e+01
1.461968421936035156e+01
1.447742271423339844e+01
1.452478218078613281e+01
1.510484313964843750e+01
1.608518028259277344e+01
1.720352554321289062e+01
1.905259704589843750e+01
2.156849670410156250e+01
2.346541786193847656e+01
2.393066978454589844e+01
2.365253639221191406e+01
2.275858879089355469e+01
2.160439109802246094e+01
2.171396446228027344e+01
2.156305503845214844e+01
2.156672477722167969e+01
2.144520568847656250e+01
2.205607986450195312e+01
2.087528038024902344e+01
1.897179794311523438e+01
1.747716140747070312e+01
1.584134769439697266e+01
1.476043510437011719e+01
1.377500152587890625e+01
1.314509296417236328e+01
1.292497253417968750e+01
1.309558391571044922e+01
1.376079845428466797e+01
1.504336166381835938e+01
1.618433761596679688e+01
1.823536682128906250e+01
2.076349258422851562e+01
2.244281768798828125e+01
2.286771392822265625e+01
2.238547515869140625e+01
2.176535415649414062e+01
2.087199592590332031e+01
2.124738883972167969e+01
2.132623481750488281e+01
2.140639495849609375e+01
2.158586883544921875e+01
2.208355140686035156e+01
2.086911010742187500e+01
1.943383407592773438e+01
1.768653869628906250e+01
1.593235015869140625e+01
1.465926933288574219e+01
1.336821269989013672e+01
1.281931304931640625e+01
1.255815792083740234e+01
1.266060638427734375e+01
1.327593708038330078e+01
1.502816009521484375e+01
1.616827392578125000e+01
1.799414825439453125e+01
2.084614181518554688e+01
2.264864540100097656e+01
2.313646125793457031e+01
2.290991020202636719e+01
2.220278930664062500e+01
2.118398857116699219e+01
2.161346435546875000e+01
2.160598945617675781e+01
2.158550453186035156e+01
2.179640960693359375e+01
2.225591087341308594e+01
2.102262115478515625e+01
1.964926910400390625e+01
1.779951858520507812e+01
1.600435256958007812e+01
1.477486801147460938e+01
1.372744941711425781e+01
1.309081077575683594e+01
1.286539936065673828e+01
1.286218643188476562e+01
1.358844757080078125e+01
1.529949092864990234e+01
1.660521697998046875e+01
1.858656311035156250e+01
2.136594390869140625e+01
2.318707847595214844e+01
2.386246109008789062e+01
2.345330619812011719e+01
2.285720825195312500e+01
2.205158805847167969e+01
2.268664360046386719e+01
2.251323509216308594e+01
2.255260276794433594e+01
2.264951324462890625e+01
2.314025688171386719e+01
2.150018882751464844e+01
1.975778770446777344e+01
1.822145843505859375e+01
1.662294387817382812e+01
1.552540397644042969e+01
1.463037300109863281e+01
1.411860370635986328e+01
1.380208969116210938e+01
1.387420654296875000e+01
1.441294288635253906e+01
1.600842666625976562e+01
1.704032897949218750e+01
1.876787567138671875e+01
2.092779731750488281e+01
2.246272659301757812e+01
2.340241622924804688e+01
2.318200111389160156e+01
2.279105186462402344e+01
2.177590370178222656e+01
2.183480262756347656e+01
2.158719635009765625e+01
2.152103996276855469e+01
2.180748176574707031e+01
2.240132522583007812e+01
2.141217231750488281e+01
1.980229187011718750e+01
1.875872230529785156e+01
1.733912849426269531e+01
1.626505279541015625e+01
1.525169372558593750e+01
1.456100273132324219e+01
1.429395294189453125e+01
1.433624935150146484e+01
1.496288299560546875e+01
1.630183792114257812e+01
1.727194976806640625e+01
1.924678802490234375e+01
2.149725723266601562e+01
2.336883354187011719e+01
2.427257156372070312e+01
2.391217613220214844e+01
2.308071708679199219e+01
2.213334655761718750e+01
2.230800056457519531e+01
2.196570777893066406e+01
2.186580848693847656e+01
2.179430580139160156e+01
2.252592468261718750e+01
2.151363182067871094e+01
1.958288192749023438e+01
1.833276367187500000e+01
1.677561759948730469e+01
1.562375259399414062e+01
1.481720542907714844e+01
1.421548843383789062e+01
1.401872253417968750e+01
1.411802101135253906e+01
1.470131301879882812e+01
1.590305900573730469e+01
1.673009109497070312e+01
1.748304939270019531e+01
1.856781005859375000e+01
1.917921638488769531e+01
1.971642303466796875e+01
1.951414108276367188e+01
1.889952850341796875e+01
1.805848312377929688e+01
1.778384017944335938e+01
1.754715538024902344e+01
1.761178779602050781e+01
1.804071235656738281e+01
1.939966392517089844e+01
1.916893005371093750e+01
1.793891525268554688e+01
1.699905776977539062e+01
1.561033153533935547e+01
1.461208343505859375e+01
1.383870983123779297e+01
1.336714935302734375e+01
1.340854072570800781e+01
1.378451919555664062e+01
1.442196273803710938e+01
1.535246658325195312e+01
1.674059486389160156e+01
1.913205337524414062e+01
2.206051635742187500e+01
2.367137908935546875e+01
2.391979026794433594e+01
2.362960815429687500e+01
2.276186943054199219e+01
2.177505874633789062e+01
2.200823974609375000e+01
2.193059349060058594e+01
2.172720718383789062e+01
2.151440620422363281e+01
2.168497276306152344e+01
2.071417045593261719e+01
1.910869598388671875e+01
1.753805732727050781e+01
1.593692970275878906e+01
1.467860126495361328e+01
1.378357696533203125e+01
1.324600887298583984e+01
1.302368354797363281e+01
1.316667079925537109e+01
1.393441390991210938e+01
1.543895530700683594e+01
1.681054878234863281e+01
1.931270599365234375e+01
2.210508155822753906e+01
2.358910179138183594e+01
2.366714859008789062e+01
2.341829299926757812e+01
2.290602302551269531e+01
2.184559249877929688e+01
2.212455558776855469e+01
2.195217704772949219e+01
2.194533538818359375e+01
2.197139358520507812e+01
2.228961372375488281e+01
2.091281700134277344e+01
1.913040542602539062e+01
1.725837707519531250e+01
1.570465564727783203e+01
1.483369922637939453e+01
1.389106750488281250e+01
1.332099914550781250e+01
1.307314300537109375e+01
1.315731048583984375e+01
1.382690143585205078e+01
1.529348564147949219e+01
1.661515426635742188e+01
1.913815498352050781e+01
2.188809776306152344e+01
2.330410194396972656e+01
2.351913261413574219e+01
2.321616554260253906e+01
2.255033111572265625e+01
2.171518898010253906e+01
2.203230094909667969e+01
2.204362869262695312e+01
2.198999214172363281e+01
2.189119148254394531e+01
2.264303016662597656e+01
2.099456787109375000e+01
1.916399574279785156e+01
1.769014739990234375e+01
1.603975105285644531e+01
1.469156074523925781e+01
1.386046028137207031e+01
1.327562332153320312e+01
1.309236812591552734e+01
1.319652462005615234e+01
1.394713115692138672e+01
1.553685760498046875e+01
1.681566619873046875e+01
1.942846298217773438e+01
2.219031906127929688e+01
2.372667884826660156e+01
2.406743621826171875e+01
2.363842391967773438e+01
2.310330200195312500e+01
2.216635513305664062e+01
2.265166282653808594e+01
2.267912864685058594e+01
2.250485992431640625e+01
2.265226745605468750e+01
2.281330108642578125e+01
2.123582649230957031e+01
1.941497230529785156e+01
1.822312164306640625e+01
1.676675987243652344e+01
1.563509368896484375e+01
1.472476387023925781e+01
1.405142784118652344e+01
1.385207366943359375e+01
1.395264434814453125e+01
1.466780567169189453e+01
1.619570541381835938e+01
1.786141777038574219e+01
2.024848365783691406e+01
2.308562088012695312e+01
2.487284469604492188e+01
2.524902343750000000e+01
2.476672935485839844e+01
2.421469116210937500e+01
2.329821395874023438e+01
2.326664352416992188e+01
2.345776367187500000e+01
2.303580665588378906e+01
2.303419876098632812e+01
2.322250938415527344e+01
2.193014907836914062e+01
2.011734962463378906e+01
1.884573745727539062e+01
1.726218795776367188e+01
1.607526969909667969e+01
1.516583251953125000e+01
1.449508094787597656e+01
1.423320579528808594e+01
1.419546031951904297e+01
1.501898002624511719e+01
1.626204109191894531e+01
1.740319061279296875e+01
1.902236557006835938e+01
2.128202056884765625e+01
2.310523986816406250e+01
2.372217369079589844e+01
2.353842735290527344e+01
2.279815673828125000e+01
2.192080879211425781e+01
2.207375907897949219e+01
2.163340377807617188e+01
2.150546455383300781e+01
2.179108810424804688e+01
2.257782745361328125e+01
2.191757202148437500e+01
2.050891304016113281e+01
1.922660446166992188e+01
1.767460250854492188e+01
1.642829132080078125e+01
1.540699386596679688e+01
1.470126056671142578e+01
1.440553569793701172e+01
1.448408126831054688e+01
1.504295158386230469e+01
1.629957199096679688e+01
1.694826507568359375e+01
1.791838455200195312e+01
1.901716423034667969e+01
2.012619018554687500e+01
2.084807968139648438e+01
2.055807685852050781e+01
2.023632049560546875e+01
1.945677566528320312e+01
1.923768234252929688e+01
1.904419898986816406e+01
1.893737030029296875e+01
1.942557144165039062e+01
2.070324897766113281e+01
2.056586265563964844e+01
1.970878601074218750e+01
1.912866592407226562e+01
1.790945053100585938e+01
1.701050567626953125e+01
1.720315170288085938e+01
1.625973892211914062e+01
1.600928115844726562e+01
1.562386989593505859e+01
1.602447891235351562e+01
1.707252502441406250e+01
1.854231452941894531e+01
2.093395423889160156e+01
2.400541305541992188e+01
2.622716140747070312e+01
2.720924186706542969e+01
2.682933425903320312e+01
2.565410232543945312e+01
2.508876419067382812e+01
2.535943412780761719e+01
2.492157173156738281e+01
2.470981788635253906e+01
2.461501312255859375e+01
2.403569412231445312e+01
2.334048843383789062e+01
2.220030021667480469e+01
2.047954940795898438e+01
1.945734024047851562e+01
1.848792266845703125e+01
1.741886520385742188e+01
1.655550765991210938e+01
1.605481338500976562e+01
1.594116592407226562e+01
1.654382324218750000e+01
1.766534805297851562e+01
1.887726783752441406e+01
2.160877037048339844e+01
2.445832061767578125e+01
2.640205383300781250e+01
2.719158172607421875e+01
2.679787063598632812e+01
2.599976158142089844e+01
2.573228073120117188e+01
2.577167129516601562e+01
2.560612869262695312e+01
2.501209068298339844e+01
2.454117965698242188e+01
2.448868751525878906e+01
2.344879150390625000e+01
2.165186691284179688e+01
2.030960464477539062e+01
1.891560173034667969e+01
1.785226058959960938e+01
1.676747131347656250e+01
1.587065315246582031e+01
1.547133445739746094e+01
1.535046958923339844e+01
1.602959251403808594e+01
1.728207397460937500e+01
1.867356109619140625e+01
2.073251914978027344e+01
2.337042236328125000e+01
2.514816856384277344e+01
2.589590072631835938e+01
2.547695732116699219e+01
2.473575592041015625e+01
2.419419860839843750e+01
2.431481933593750000e+01
2.416766929626464844e+01
2.395756340026855469e+01
2.345493125915527344e+01
2.321590232849121094e+01
2.256613349914550781e+01
2.082663345336914062e+01
1.945940971374511719e+01
1.828520965576171875e+01
1.714162254333496094e+01
1.617227935791015625e+01
1.533976936340332031e+01
1.489001274108886719e+01
1.487562179565429688e+01
1.544810104370117188e+01
1.681714820861816406e+01
1.828936386108398438e+01
2.017694282531738281e+01
2.297911834716796875e+01
2.479790306091308594e+01
2.537042045593261719e+01
2.505505180358886719e+01
2.456427383422851562e+01
2.370244979858398438e+01
2.378342819213867188e+01
2.359125709533691406e+01
2.326268577575683594e+01
2.287328147888183594e+01
2.309466934204101562e+01
2.227650070190429688e+01
2.038193702697753906e+01
1.901414871215820312e+01
1.756070899963378906e+01
1.633483123779296875e+01
1.526244354248046875e+01
1.455155563354492188e+01
1.431939411163330078e+01
1.423048782348632812e+01
1.490051841735839844e+01
1.612823104858398438e+01
1.720058822631835938e+01
1.899352455139160156e+01
2.121546363830566406e+01
2.280197906494140625e+01
2.342803192138671875e+01
2.299656486511230469e+01
2.230472183227539062e+01
2.137264633178710938e+01
2.173250007629394531e+01
2.164153099060058594e+01
2.155197143554687500e+01
2.168673515319824219e+01
2.221304321289062500e+01
2.174721145629882812e+01
1.993096733093261719e+01
1.872388648986816406e+01
1.727215003967285156e+01
1.599753570556640625e+01
1.503459739685058594e+01
1.439220619201660156e+01
1.410968017578125000e+01
1.399044036865234375e+01
1.470951747894287109e+01
1.573200702667236328e+01
1.664928054809570312e+01
1.733999061584472656e+01
1.863562393188476562e+01
1.942174720764160156e+01
1.977413177490234375e+01
1.967090225219726562e+01
1.901553726196289062e+01
1.800941085815429688e+01
1.791321563720703125e+01
1.814790344238281250e+01
1.826157760620117188e+01
1.828614234924316406e+01
1.958942794799804688e+01
1.958791732788085938e+01
1.865475845336914062e+01
1.790937995910644531e+01
1.667526626586914062e+01
1.568539619445800781e+01
1.478779792785644531e+01
1.407830238342285156e+01
1.388172721862792969e+01
1.426687335968017578e+01
1.492607879638671875e+01
1.626092529296875000e+01
1.769385528564453125e+01
2.020904922485351562e+01
2.291545104980468750e+01
2.477638626098632812e+01
2.528414154052734375e+01
2.481214523315429688e+01
2.400683593750000000e+01
2.355152130126953125e+01
2.372840690612792969e+01
2.365396690368652344e+01
2.339306640625000000e+01
2.321675109863281250e+01
2.283067131042480469e+01
2.171930313110351562e+01
2.031933784484863281e+01
1.888298606872558594e+01
1.733190727233886719e+01
1.606831550598144531e+01
1.511031913757324219e+01
1.447327613830566406e+01
1.419696140289306641e+01
1.420398426055908203e+01
1.496034812927246094e+01
1.634657287597656250e+01
1.781183624267578125e+01
2.026114082336425781e+01
2.300745201110839844e+01
2.459156227111816406e+01
2.506097793579101562e+01
2.473783111572265625e+01
2.415478324890136719e+01
2.372369194030761719e+01
2.414348983764648438e+01
2.408493614196777344e+01
2.397744941711425781e+01
2.369952201843261719e+01
2.368479919433593750e+01
2.278557205200195312e+01
2.094855117797851562e+01
1.953828048706054688e+01
1.805858230590820312e+01
1.671279335021972656e+01
1.576451969146728516e+01
1.504345130920410156e+01
1.467432498931884766e+01
1.471539306640625000e+01
1.537463378906250000e+01
1.678263854980468750e+01
1.789466476440429688e+01
2.025200080871582031e+01
2.323147583007812500e+01
2.488307762145996094e+01
2.533131408691406250e+01
2.493770980834960938e+01
2.439378166198730469e+01
2.368108558654785156e+01
2.402662277221679688e+01
2.398593902587890625e+01
2.384644699096679688e+01
2.355240249633789062e+01
2.363439750671386719e+01
2.263879966735839844e+01
2.071427154541015625e+01
1.921326446533203125e+01
1.760251235961914062e+01
1.631952285766601562e+01
1.543470478057861328e+01
1.477610588073730469e+01
1.441970825195312500e+01
1.443277072906494141e+01
1.511017990112304688e+01
1.646439743041992188e+01
1.771073722839355469e+01
1.982001113891601562e+01
2.261097717285156250e+01
2.416692924499511719e+01
2.403695106506347656e+01
2.396091079711914062e+01
2.344407844543457031e+01
2.233255577087402344e+01
2.295088958740234375e+01
2.283848953247070312e+01
2.253368759155273438e+01
2.276075744628906250e+01
2.286592483520507812e+01
2.208989334106445312e+01
2.029662132263183594e+01
1.899207305908203125e+01
1.746064949035644531e+01
1.626201057434082031e+01
1.520553588867187500e+01
1.446166038513183594e+01
1.417257118225097656e+01
1.417088508605957031e+01
1.500161552429199219e+01
1.624474334716796875e+01
1.752438926696777344e+01
1.969975852966308594e+01
2.256151390075683594e+01
2.422946548461914062e+01
2.469625854492187500e+01
2.429555130004882812e+01
2.384065628051757812e+01
2.300223731994628906e+01
2.333462142944335938e+01
2.338158035278320312e+01
2.325336074829101562e+01
2.313558769226074219e+01
2.334712028503417969e+01
2.239401245117187500e+01
2.048754119873046875e+01
1.912922859191894531e+01
1.757922363281250000e+01
1.631680107116699219e+01
1.523369979858398438e+01
1.460084342956542969e+01
1.431617832183837891e+01
1.435354423522949219e+01
1.497810840606689453e+01
1.658189010620117188e+01
1.730525588989257812e+01
1.883779907226562500e+01
2.089380836486816406e+01
2.256758880615234375e+01
2.338105583190917969e+01
2.311338996887207031e+01
2.245027351379394531e+01
2.143486785888671875e+01
2.180584716796875000e+01
2.180554580688476562e+01
2.155835533142089844e+01
2.187677383422851562e+01
2.257205772399902344e+01
2.225389289855957031e+01
2.067998504638671875e+01
1.936899948120117188e+01
1.796512985229492188e+01
1.681741714477539062e+01
1.562532997131347656e+01
1.497187423706054688e+01
1.475031948089599609e+01
1.478191947937011719e+01
1.522055721282958984e+01
1.634569549560546875e+01
1.682233810424804688e+01
1.760389328002929688e+01
1.900059890747070312e+01
1.985150146484375000e+01
2.032140541076660156e+01
2.005904769897460938e+01
1.948908615112304688e+01
1.874371147155761719e+01
1.850630378723144531e+01
1.859967994689941406e+01
1.869227600097656250e+01
1.860035133361816406e+01
1.969600296020507812e+01
1.995209312438964844e+01
1.870360946655273438e+01
1.792149925231933594e+01
1.655867004394531250e+01
1.555658531188964844e+01
1.477029609680175781e+01
1.418742465972900391e+01
1.405137443542480469e+01
1.415671730041503906e+01
1.465683555603027344e+01
1.572340583801269531e+01
1.691620635986328125e+01
1.917108345031738281e+01
2.213073158264160156e+01
2.362580108642578125e+01
2.391412162780761719e+01
2.366031646728515625e+01
2.300541114807128906e+01
2.210238456726074219e+01
2.240509414672851562e+01
2.220589065551757812e+01
2.215388679504394531e+01
2.199486351013183594e+01
2.220520591735839844e+01
2.146904182434082031e+01
1.968782997131347656e+01
1.819733428955078125e+01
1.662290000915527344e+01
1.532634735107421875e+01
1.443789482116699219e+01
1.387429046630859375e+01
1.357204246520996094e+01
1.353506469726562500e+01
1.424020290374755859e+01
1.559359169006347656e+01
1.666469573974609375e+01
1.757596588134765625e+01
1.903430175781250000e+01
1.923560142517089844e+01
1.884241676330566406e+01
1.842415237426757812e+01
1.809033584594726562e+01
1.715306091308593750e+01
1.711912155151367188e+01
1.717599105834960938e+01
1.761981582641601562e+01
1.803077697753906250e+01
1.923601531982421875e+01
1.950651168823242188e+01
1.816794776916503906e+01
1.708603286743164062e+01
1.554102611541748047e+01
1.428307342529296875e+01
1.324796485900878906e+01
1.271447849273681641e+01
1.271362972259521484e+01
1.325232219696044922e+01
1.388812828063964844e+01
1.500864219665527344e+01
1.621787261962890625e+01
1.856470108032226562e+01
2.139856147766113281e+01
2.327534675598144531e+01
2.360238265991210938e+01
2.300362014770507812e+01
2.232422447204589844e+01
2.160897254943847656e+01
2.173434448242187500e+01
2.204022407531738281e+01
2.193124771118164062e+01
2.172673034667968750e+01
2.185110473632812500e+01
2.100354766845703125e+01
1.925983428955078125e+01
1.759218788146972656e+01
1.585900688171386719e+01
1.448834991455078125e+01
1.352643203735351562e+01
1.297478103637695312e+01
1.269904518127441406e+01
1.267526912689208984e+01
1.336914634704589844e+01
1.509145355224609375e+01
1.648810195922851562e+01
1.876970863342285156e+01
2.175623512268066406e+01
2.340513038635253906e+01
2.361414718627929688e+01
2.335550689697265625e+01
2.272461700439453125e+01
2.169532203674316406e+01
2.235187911987304688e+01
2.229792785644531250e+01
2.220757102966308594e+01
2.217862701416015625e+01
2.212088966369628906e+01
2.128704452514648438e+01
1.961505889892578125e+01
1.789740562438964844e+01
1.615589523315429688e+01
1.473550987243652344e+01
1.368849658966064453e+01
1.305272102355957031e+01
1.285658073425292969e+01
1.301218605041503906e+01
1.374724292755126953e+01
1.548848533630371094e+01
1.684602546691894531e+01
1.938291549682617188e+01
2.226630783081054688e+01
2.368618774414062500e+01
2.392408370971679688e+01
2.357910346984863281e+01
2.313193511962890625e+01
2.232799530029296875e+01
2.263962364196777344e+01
2.277042770385742188e+01
2.247796821594238281e+01
2.254039001464843750e+01
2.246152496337890625e+01
2.162407875061035156e+01
1.997839736938476562e+01
1.841770935058593750e+01
1.663352966308593750e+01
1.509284210205078125e+01
1.394289302825927734e+01
1.337267208099365234e+01
1.316933631896972656e+01
1.324930763244628906e+01
1.405832290649414062e+01
1.555369472503662109e+01
1.659156799316406250e+01
1.841616821289062500e+01
2.104191970825195312e+01
2.280068206787109375e+01
2.323269844055175781e+01
2.292844009399414062e+01
2.208728790283203125e+01
2.121380805969238281e+01
2.128428840637207031e+01
2.138731575012207031e+01
2.147423934936523438e+01
2.155149841308593750e+01
2.201010704040527344e+01
2.149090957641601562e+01
1.955728530883789062e+01
1.793472099304199219e+01
1.617225646972656250e+01
