4.729154649929733569e+04
4.769356361793116230e+04
4.800454405491719081e+04
4.824510304533199815e+04
4.843118750913378608e+04
4.857513319001931814e+04
4.868648240543621796e+04
4.877261661729781918e+04
4.883924575720906432e+04
4.889078674411035900e+04
4.893065628669034049e+04
4.896149738076139329e+04
4.898535451635784557e+04
4.900380920922821679e+04
4.901808484125298128e+04
4.902912775977445563e+04
4.903767001200262166e+04
4.904427787322949007e+04
4.904938938584084099e+04
4.905334339762755553e+04
4.905640202437822154e+04
4.905876802582296659e+04
4.906059824679886515e+04
4.906201401466666721e+04
4.906310918223488989e+04
4.906395634936572606e+04
4.906461167569969984e+04
4.906511860353998054e+04
4.906551073769045615e+04
4.906581407315508841e+04
4.906604871837533574e+04
4.906623022824083455e+04
4.906637063524012046e+04
4.906647924710754887e+04
4.906656326384322892e+04
4.906662825500894542e+04
4.906667852894051612e+04
