1.576621726801013956e+01
1.607959355454167394e+01
1.643201016635675060e+01
1.767092674245332518e+01
1.959304251524357454e+01
2.188951969542028309e+01
2.360219994012020095e+01
2.443091685906001942e+01
2.446899472450159152e+01
2.420814001366852608e+01
2.417364953048441123e+01
2.421488285847633648e+01
2.425455765533968133e+01
2.377381053010107337e+01
2.353104021343996877e+01
2.365528234905648830e+01
2.270281952332821263e+01
2.195624586599826245e+01
2.180334198019757963e+01
2.150364107643248701e+01
2.043574780499222143e+01
1.958713216646570388e+01
1.865002377098976183e+01
1.782019594944233631e+01
1.703111801172927642e+01
1.713963560093289118e+01
1.736891132938484361e+01
1.841316387381170827e+01
1.978012729236516876e+01
2.146705836583309335e+01
2.297337054382662558e+01
2.375442624564495020e+01
2.401317346460614388e+01
2.328747421121958183e+01
2.340249023468707179e+01
2.347330136405242484e+01
2.327102768121649135e+01
2.320115899260120784e+01
2.317820534206172312e+01
2.329758510559745233e+01
2.289332062475246232e+01
2.270767129524875827e+01
2.258503376691693276e+01
2.238554828199488966e+01
2.204827801633260975e+01
2.120522910100872593e+01
2.023090942700894246e+01
1.917006906819147005e+01
1.882485960555579041e+01
1.904358739666085043e+01
1.877490417960536107e+01
1.924658804040775806e+01
2.017277729854260571e+01
2.087295452557315656e+01
2.110556790534208815e+01
2.115984162506236288e+01
2.093264845001181840e+01
2.064088662068937197e+01
2.094635058721437204e+01
2.072787799631971595e+01
2.043712176544575954e+01
1.987938384945847048e+01
2.006304749157686729e+01
2.111681306198584807e+01
2.126758775880504615e+01
2.174231732346547119e+01
2.139802796791021677e+01
2.100147478668931811e+01
2.038475602200023573e+01
1.964059327090166818e+01
1.888809726712553427e+01
1.835311273655334219e+01
1.795245611688667253e+01
1.792059386533248855e+01
1.780854766345982299e+01
1.848847554116840897e+01
2.021565856722574850e+01
2.225973439600679882e+01
2.393099971061466036e+01
2.462961907441883724e+01
2.458801856969354205e+01
2.410437560498084153e+01
2.406103228209339306e+01
2.406129380916285143e+01
2.357520976905449928e+01
2.340659337575666754e+01
2.340699518459107864e+01
2.387305611915452985e+01
2.296703920613355621e+01
2.203872520838045546e+01
2.203410623028412019e+01
2.144405238691000548e+01
2.061386977551033794e+01
1.938310208406274526e+01
1.861406449322726431e+01
1.803822816747265634e+01
1.768602815228857850e+01
1.798067321047942357e+01
1.810251583321186430e+01
1.894732374725362334e+01
2.084867094999315640e+01
2.304192551662327659e+01
2.485658715668621710e+01
2.526406252223389259e+01
2.503515243080022756e+01
2.403946369443980657e+01
2.430386678931665401e+01
2.441523311639145888e+01
2.416438250330978832e+01
2.402847987245179695e+01
2.405235082182047179e+01
2.406296939209475738e+01
2.288551419665793318e+01
2.239591537288924883e+01
2.208862277607422442e+01
2.199456909366440627e+01
2.140169275523698644e+01
2.010208957352421422e+01
1.927018825962869997e+01
1.856639847017708433e+01
1.824616319429272338e+01
1.845130010899833550e+01
1.831573801308302407e+01
1.916025403751799772e+01
2.100125155434501423e+01
2.319428207217932680e+01
2.511297327252163569e+01
2.589470064069623234e+01
2.555343967848330067e+01
2.496460549956481145e+01
2.523176300692616891e+01
2.535222337184939079e+01
2.548883669291085141e+01
2.470301424369880650e+01
2.452250898424079040e+01
2.518249737455978732e+01
2.424884635441828351e+01
2.348869921323116117e+01
2.274962386414286897e+01
2.239672688002031364e+01
2.160204179987081829e+01
2.018614903869844923e+01
1.944171355389611122e+01
1.870733562232232927e+01
1.833035636621048781e+01
1.860928748437716962e+01
1.854231925423520266e+01
1.925156994831978707e+01
2.103694970293070199e+01
2.329035785204244746e+01
2.468021017282197604e+01
2.532109658886109571e+01
2.522051438089810915e+01
2.457495486561664677e+01
2.462665592824558303e+01
2.462462127803360445e+01
2.418281905656692743e+01
2.396251857886543846e+01
2.398711427607373636e+01
2.464613238950510876e+01
2.349792465022220611e+01
2.280969097981082783e+01
2.267900287312416197e+01
2.242591312487576261e+01
2.164831965251537582e+01
2.031048961312612278e+01
1.943883979686886931e+01
1.881998062129308025e+01
1.852382618758111121e+01
1.867400877767346401e+01
1.878831777700416694e+01
1.957938671554820687e+01
2.142309878189233174e+01
2.372197586553216198e+01
2.524403176565171592e+01
2.611620075837125654e+01
2.609089687940686275e+01
2.588712948175001571e+01
2.580146032363509079e+01
2.572512864404200883e+01
2.499392991450376300e+01
2.406323123600273206e+01
2.394419419838528285e+01
2.398853332824416640e+01
2.286348856965238951e+01
2.178966400512700829e+01
2.138248201484695343e+01
2.089407874174187185e+01
1.984949221065856051e+01
1.867513054707815812e+01
1.804438499638326476e+01
1.756959403409046772e+01
1.726152150620742631e+01
1.742527461306967496e+01
1.758210345230157756e+01
1.849525145881141697e+01
1.999206985232101985e+01
2.156700067829080325e+01
2.295997506212221140e+01
2.363925823627488754e+01
2.319363991623590948e+01
2.254960824950505227e+01
2.243065484197824233e+01
2.195768192500485938e+01
2.116038117519797979e+01
2.039646561243317535e+01
2.081946804745317792e+01
2.173271764065474798e+01
2.147582266277022711e+01
2.125453609964561963e+01
2.075537910927817364e+01
2.020326352405913539e+01
1.913948156084761010e+01
1.800345651542496483e+01
1.742309503043855656e+01
1.690065007025257415e+01
1.673123901658047430e+01
1.687069486055904122e+01
1.697102004247079066e+01
1.766967688802736447e+01
1.892596961636033015e+01
2.012019277387437910e+01
2.064655123761493982e+01
2.033846501879652990e+01
1.971049676318395782e+01
1.916609138881465313e+01
1.925145869947216681e+01
1.875658006899642061e+01
1.791752661273658731e+01
1.751642973056522479e+01
1.785160314174052942e+01
1.876159816837941108e+01
1.961572263981655695e+01
1.987256680456303926e+01
1.995430654867400833e+01
1.979107525506851673e+01
1.904610719023724030e+01
1.785101465058521697e+01
1.720970862033092175e+01
1.661620414687081748e+01
1.632678119442052278e+01
1.651710114434390420e+01
1.678762208638431019e+01
1.772115674839832877e+01
1.992718039002728148e+01
2.259318516451483205e+01
2.463929114851582369e+01
2.538473511587038445e+01
2.473128988750026735e+01
2.396116060861864838e+01
2.380045853132351041e+01
2.341954069054103726e+01
2.268341080576421831e+01
2.207916845672123429e+01
2.213523739665518519e+01
2.259702382402436882e+01
2.149474302778559220e+01
2.078145448380785254e+01
2.051878205133404265e+01
1.977516487231330089e+01
1.847719016768014555e+01
1.732229581988518063e+01
1.661483369369110719e+01
1.629564554177037294e+01
1.601192701950760622e+01
1.628852956540627517e+01
1.656742279630869774e+01
1.764563076946821596e+01
1.979170618408102200e+01
2.255571784665807300e+01
2.446686499915297475e+01
2.527244816008763806e+01
2.463107892613293259e+01
2.377300700484345342e+01
2.349540721626842554e+01
2.303215191486275160e+01
2.251738527625756703e+01
2.208830062776730330e+01
2.224959159484481219e+01
2.266803586222304645e+01
2.177231307525264370e+01
2.141391889651112024e+01
2.097077060275130478e+01
2.059279376767410596e+01
1.939247683630883046e+01
1.837891469463122007e+01
1.695258978418857154e+01
1.643414435554713293e+01
1.617747541332483507e+01
1.675174532179098819e+01
1.682807407638662767e+01
1.741657508454224867e+01
1.974324851147042992e+01
2.239599536850937866e+01
2.447609916620880455e+01
2.557252606020873031e+01
2.516595172664780833e+01
2.407414449906255527e+01
2.350407167337561631e+01
2.305686117955105985e+01
2.247796298570638029e+01
2.197494300947288437e+01
2.213282676324085685e+01
2.253959931515427328e+01
2.183742313706454397e+01
2.152815609303073430e+01
2.124737237623763875e+01
2.083990239992107973e+01
1.975352316236476469e+01
1.805803928933826796e+01
1.736189010765862406e+01
1.667934595630588390e+01
1.640783721896833214e+01
1.654394983291520660e+01
1.687490341401320038e+01
1.819665345046783500e+01
2.019032228775191129e+01
2.250192141298072457e+01
2.461452609173955253e+01
2.514791276975430989e+01
2.468966604049431979e+01
2.358151416862336092e+01
2.304442455057461814e+01
2.236933443252376463e+01
2.159917845545963289e+01
2.130514422512046835e+01
2.146674613280193711e+01
2.207621953162693984e+01
2.132486410545396538e+01
2.073839741222344912e+01
2.016821322768986136e+01
1.987262727163540887e+01
1.897794723865402489e+01
1.739832691505470308e+01
1.671135894477233919e+01
1.620451710060942219e+01
1.622469115303186626e+01
1.647438942444990317e+01
1.677080098870482416e+01
1.811117456230910250e+01
2.011376544789568754e+01
2.273346810357281456e+01
2.465001720196698898e+01
2.522205694351758254e+01
2.444947146962057616e+01
2.342049592455542140e+01
2.319912478609431261e+01
2.266781664780519279e+01
2.182014275431465578e+01
2.141653335855526663e+01
2.160609220065279601e+01
2.180740577084359444e+01
2.134282173928098203e+01
2.112412178203822677e+01
2.072914158661177098e+01
1.967773942953454025e+01
1.883878206598538796e+01
1.736798688194513929e+01
1.669712990986144874e+01
1.623952033613093704e+01
1.594330723252188875e+01
1.636585560307436538e+01
1.663070165905171294e+01
1.783750071533345150e+01
1.945238508786537324e+01
2.138228665934125061e+01
2.309773693065057287e+01
2.379363942779163921e+01
2.347007769831217061e+01
2.281349163291563897e+01
2.253625483277554409e+01
2.204804363582334403e+01
2.128347977554750159e+01
2.068072522312376194e+01
2.100481921458436219e+01
2.159207667122985086e+01
2.137789382056482879e+01
2.099948517723759167e+01
2.035908977854143131e+01
2.021577586012084993e+01
1.920777548954510650e+01
1.785463883363209447e+01
1.692071748135457909e+01
1.617390162764238326e+01
1.599503515937995246e+01
1.632922030400811408e+01
1.657944498349015561e+01
1.740535982095752132e+01
1.873631888806394130e+01
2.013879194515476456e+01
2.044389825219083079e+01
2.077529303303932195e+01
2.058510071537788733e+01
1.980861654210589862e+01
1.971719863830995934e+01
1.936046708718186338e+01
1.887354754505555476e+01
1.839547572705234302e+01
1.862328469079956150e+01
1.924456412945691142e+01
1.949370093731223719e+01
1.986917997782983747e+01
1.921019515377226483e+01
2.016764945206452353e+01
1.965931146507158545e+01
1.825342400363503259e+01
1.719622939184682764e+01
1.645175296002535248e+01
1.621321046908298769e+01
1.644660071482758212e+01
1.686134355293248888e+01
1.812065279958191866e+01
2.064207458685149987e+01
2.363293095281094480e+01
2.580975466958280862e+01
2.641763574965362338e+01
2.622971054010379532e+01
2.524111775053518869e+01
2.503369325403179246e+01
2.475389674761709102e+01
2.445045301227543177e+01
2.361005210570071355e+01
2.394398634755886590e+01
2.352836409356370595e+01
2.190023385989329086e+01
2.107944739858882599e+01
2.126193113088810094e+01
2.074228629105265398e+01
1.990876286856707011e+01
1.845584320398599942e+01
1.729584386504924964e+01
1.654085207338678032e+01
1.626923036029171499e+01
1.663179445776511756e+01
1.701303087356203392e+01
1.829053228557497590e+01
2.043182609380358983e+01
2.320750944004271332e+01
2.500205209385645944e+01
2.565884972266108477e+01
2.555293452945463883e+01
2.454092497193949285e+01
2.390426653157416581e+01
2.331323034389547644e+01
2.271530224371440454e+01
2.231337927558333334e+01
2.241836414897534269e+01
2.245450001416208607e+01
2.146472644778995331e+01
2.088103825608791553e+01
2.085419825985147213e+01
1.994590338105777505e+01
1.874131948861380792e+01
1.742573443634768893e+01
1.652023551160650072e+01
1.594088020707334508e+01
1.573648721261744043e+01
1.604747493447172602e+01
1.643423621035606175e+01
1.747919059544286569e+01
1.961551252612136409e+01
2.219923840295980710e+01
2.383780599762349439e+01
2.426828164791128728e+01
2.396893253259587198e+01
2.304332427733595523e+01
2.270423622616755210e+01
2.194580446208050972e+01
2.100802030711729884e+01
2.037868966777691426e+01
2.063387881320542760e+01
2.095641336908810715e+01
2.047029744409071128e+01
1.993978575759506100e+01
1.980020912320684090e+01
1.917167583244243190e+01
1.808000701563084078e+01
1.670456687383535765e+01
1.578672769020341171e+01
1.524487211339438630e+01
1.514049505424954134e+01
1.549763509175929599e+01
1.597294605154854708e+01
1.728995207670928025e+01
1.974888981391314502e+01
2.266302494118605892e+01
2.472894476369251748e+01
2.561435362481689992e+01
2.537337453410259869e+01
2.442985521321722331e+01
2.405533977126271594e+01
2.366512849048719502e+01
2.320082847375115520e+01
2.285361314396253007e+01
2.269114287709831501e+01
2.266040153222670739e+01
2.181785085693081072e+01
2.127559711499628037e+01
2.108263124455130821e+01
2.037773103420774845e+01
1.955826621945799459e+01
1.803451482880123891e+01
1.687855559053506127e+01
1.615377541568718911e+01
1.583795150733993928e+01
1.619481018953003115e+01
1.668620181417451320e+01
1.796368098275152292e+01
2.027976859048182590e+01
2.320154797065189101e+01
2.527052964578050265e+01
2.607307104736008441e+01
2.572018376592214395e+01
2.453348161579193842e+01
2.424942086243841999e+01
2.378832005156064611e+01
2.339187166926688377e+01
2.299588863330129840e+01
2.280002773556685014e+01
2.253677629640520408e+01
2.152132195872396281e+01
2.090718726189675891e+01
2.063192815218677723e+01
2.022040164709559207e+01
1.936335394876313387e+01
1.807675205637496418e+01
1.700415229935868311e+01
1.622685930434886004e+01
1.584183036016660573e+01
1.626092433630911671e+01
1.662266990331134764e+01
1.774551735343125358e+01
1.950411761358434859e+01
2.158663712880556673e+01
2.323057015578352136e+01
2.385727338058194036e+01
2.384571945693967621e+01
2.298054929805534385e+01
2.259643017497614537e+01
2.222641377005113839e+01
2.176087540248997598e+01
2.143474310163249896e+01
2.146680927830989560e+01
2.154281395367840446e+01
2.122594145598299775e+01
2.067301473764567277e+01
2.052108876139476479e+01
2.027235257511460631e+01
1.939913864396414667e+01
1.840691534374743554e+01
1.740186855983766634e+01
1.655665063594466702e+01
1.627465344962928029e+01
1.645963250565195679e+01
1.673098566683199451e+01
1.771788054626642150e+01
1.896752323145274488e+01
2.009998594381860570e+01
2.090836130058573872e+01
2.095933131210812306e+01
2.052735267859976531e+01
1.997488080181329195e+01
1.993438377496317671e+01
1.945308371771055889e+01
1.896033185286168177e+01
1.859623761677725895e+01
1.881327642912375353e+01
1.917438155856997639e+01
1.930460645059285696e+01
1.935947905546003867e+01
1.976513992351642557e+01
1.980908235966726139e+01
1.942776469419788654e+01
1.841327325771546697e+01
1.741844936099275998e+01
1.668409462497982787e+01
1.635494829884954626e+01
1.647972416675088425e+01
1.686465556944080291e+01
1.787560006937142987e+01
2.010588717672435521e+01
2.306311285119901910e+01
2.493061734908344818e+01
2.548320924255131104e+01
2.537273103922517947e+01
2.482156078549923706e+01
2.423743833379879220e+01
2.406571995131989183e+01
2.366508291451831880e+01
2.334444369377008144e+01
2.363740013614168944e+01
2.338904453704651587e+01
2.181939555196363756e+01
2.107498832564312963e+01
2.076707924804438932e+01
2.045734538928064694e+01
1.974267526256383576e+01
1.900846399280841936e+01
1.788240173022060731e+01
1.707029091717206981e+01
1.666302293847073912e+01
1.704214304715173967e+01
1.714441304551019840e+01
1.835479112694454074e+01
2.053977565262018601e+01
2.305581174280837331e+01
2.471882970971227422e+01
2.599316370842219470e+01
2.570201076502354098e+01
2.477730555249155131e+01
2.462894920294229806e+01
2.453738248146542844e+01
2.421100403825324321e+01
2.387442553589077932e+01
2.384391347335159139e+01
2.344336749831277444e+01
2.217661020864806076e+01
2.128572549222475629e+01
2.097266525358351785e+01
2.080845750846173203e+01
2.030892168819661947e+01
1.907471843589244997e+01
1.826455325539777874e+01
1.723661880295000870e+01
1.675005628077593300e+01
1.689194349895357306e+01
1.732714053984963698e+01
1.823154150201009216e+01
2.055892271229084400e+01
2.304300582745068127e+01
2.518396765390167857e+01
2.614973506593329944e+01
2.591847645026647839e+01
2.507344152705934093e+01
2.500604541646388057e+01
2.478692385392262665e+01
2.427737508130815058e+01
2.371818985239188038e+01
2.360484137979501895e+01
2.359273298333518909e+01
2.217151040313140697e+01
2.115262950105593021e+01
2.115619910399844983e+01
2.110113459052964657e+01
2.035699221719649543e+01
1.929485653500362119e+01
1.835350910402351232e+01
1.768365058479074747e+01
1.714287931616130933e+01
1.721650028282980927e+01
1.760096278593042385e+01
1.875640042426816123e+01
2.076679086285507481e+01
2.308138027535455805e+01
2.553762392031063300e+01
2.607387954920127626e+01
2.604094310368691367e+01
2.470735912120148825e+01
2.464927705500011967e+01
2.448616363331282031e+01
2.416628504442662617e+01
2.365299866902456216e+01
2.363422208052889317e+01
2.392259564781611658e+01
2.258908481802176738e+01
2.199635946838010270e+01
2.163290106903886922e+01
2.138335053311440959e+01
2.041931536483867760e+01
1.908776622489594388e+01
1.839778381871538215e+01
1.784383083110304469e+01
1.744956097305646381e+01
1.790840422307475777e+01
1.823211356847690112e+01
1.937108567217248734e+01
2.072407829695899295e+01
2.199137380672917530e+01
2.291842252985545159e+01
2.323807410549450125e+01
2.300464496965913952e+01
2.319675917522137709e+01
2.310438341398460693e+01
2.280022696650076952e+01
2.227226806221154476e+01
2.173140078517604223e+01
2.207468596538203798e+01
2.263536020021243900e+01
2.168294935132611556e+01
2.138936112898977981e+01
2.130329192630087221e+01
2.107432893265985996e+01
2.090987623263966810e+01
2.003579941693298849e+01
1.896762820739435895e+01
1.813052319210498808e+01
1.753875592663775862e+01
1.779054526055142560e+01
1.799748711444864924e+01
1.903853096190526273e+01
2.078389733068346246e+01
2.311106002284441274e+01
2.495409281320939243e+01
2.586987766428666191e+01
2.599472547129019162e+01
2.492132427648352078e+01
2.494789084590980721e+01
2.495828359907704552e+01
2.446843292651350410e+01
2.373562601296193364e+01
2.397837962141569790e+01
2.391554178480289750e+01
2.178718461397320283e+01
2.072035772926508201e+01
2.035303512719830366e+01
1.991152753471167713e+01
1.937625620920397651e+01
1.863809941922264102e+01
1.795896080870752343e+01
1.733751555977764269e+01
1.679632666342217462e+01
1.677181001742856381e+01
1.704021500806284450e+01
1.775176592035153078e+01
1.906720890399924073e+01
2.015344593729785316e+01
2.071274884884178036e+01
2.074095962321326780e+01
2.055779465911352943e+01
1.990380982231842566e+01
2.021684338100878264e+01
1.966585505214929341e+01
1.896981576657894308e+01
1.838357314426145095e+01
1.894107695842468075e+01
1.966358390383080845e+01
1.969384233511580007e+01
1.947430167409514468e+01
1.946523464655489022e+01
1.940797832178368054e+01
1.906661498604011129e+01
1.818769058412198802e+01
1.731830431349052901e+01
1.672717633625824618e+01
1.637188885541384309e+01
1.666249736229205780e+01
1.704249952865994189e+01
1.828755370469712815e+01
2.065528513772417796e+01
2.377177892359449629e+01
2.601949523430598887e+01
2.668042437490473873e+01
2.666221580417811055e+01
2.490097036660980123e+01
2.467571424552464876e+01
2.490190974643554611e+01
2.471271880725136683e+01
2.439960552367127633e+01
2.446933599194683140e+01
2.363296321605827188e+01
2.274040922486426197e+01
2.175961041639738980e+01
2.130126848201645728e+01
2.084913941798501469e+01
2.018474033848969285e+01
1.910702619647541312e+01
1.813165959038830977e+01
1.730372649172180743e+01
1.684727774757067209e+01
1.719051767985673251e+01
1.743769276863018902e+01
1.858924547158057194e+01
2.070858650267726020e+01
2.354555673276028216e+01
2.596276902853966817e+01
2.685075636830090318e+01
2.661655150952340421e+01
2.583539223941156138e+01
2.585411398775531922e+01
2.580011959431214308e+01
2.535176252308245637e+01
2.474510133129181000e+01
2.477522862934949188e+01
2.401682036526669606e+01
2.293626783608455710e+01
2.210959178114230994e+01
2.154415269173049907e+01
2.129734784984320228e+01
2.056927059799335566e+01
1.946096448553655023e+01
1.843090294516868966e+01
1.790656946254062376e+01
1.745718309069803098e+01
1.766649054984633338e+01
1.806453813224641891e+01
1.911999577932060745e+01
2.133548671558082788e+01
2.416406610047463843e+01
2.640935095961554069e+01
2.749257429717549073e+01
2.731245115246025890e+01
2.644138595423725491e+01
2.640442416206667886e+01
2.649467289426428351e+01
2.607527717610238938e+01
2.551589234108263327e+01
2.551251540498630277e+01
2.469645569888067271e+01
2.355385369455021305e+01
2.255542771146259540e+01
2.199803962655717271e+01
2.180624204320633552e+01
2.101236865549495647e+01
2.011571773149983144e+01
1.913114508092159127e+01
1.842253837344702916e+01
1.803612062384589976e+01
1.840644653390448227e+01
1.871770554562500166e+01
1.976730364314373389e+01
2.203544754391396765e+01
2.451417487521267446e+01
2.667808328135470930e+01
2.746880047592233964e+01
2.757869174265890777e+01
2.676993796213576005e+01
2.678621665071525015e+01
2.663822124119751678e+01
2.603318877453969193e+01
2.503637914712078683e+01
2.504309753519086357e+01
2.465525300722625701e+01
2.344108692714314301e+01
2.221028716921055235e+01
2.190309331432333551e+01
2.193654575651948591e+01
2.127387116516157661e+01
2.024201043511719078e+01
1.936490521833858125e+01
1.848710447587454908e+01
1.811458154395513276e+01
1.848284652111636106e+01
1.871091291714902383e+01
1.969390182414239376e+01
2.190308897536248267e+01
2.470020717304254987e+01
2.674972120968911682e+01
2.739583123800516873e+01
2.734428335045914693e+01
2.659009608209932196e+01
2.699867594730236320e+01
2.713899267846760921e+01
2.659823258106289501e+01
2.580454738475399523e+01
2.557883581219709868e+01
2.503845037992200773e+01
2.394031509284849335e+01
2.306889017380179396e+01
2.318473712912859597e+01
2.218077121709587729e+01
2.192304218873641730e+01
2.098885129282961515e+01
1.996225769811679385e+01
1.913865511989035895e+01
1.885513388184710948e+01
1.902467203123807948e+01
1.922994107741484981e+01
2.013731303099011072e+01
2.186589811202813038e+01
2.367455176037713116e+01
2.495081168991575993e+01
2.569165504199565220e+01
2.591764938249184880e+01
2.546599729449512495e+01
2.588266954728340963e+01
2.616760807418398826e+01
2.527171240618959658e+01
2.440135542990844897e+01
2.491273317833137924e+01
2.507979678365956389e+01
2.386782105543417742e+01
2.315858017654223033e+01
2.256118517758820374e+01
2.270647423736548376e+01
2.164964622601017652e+01
2.024821239400076678e+01
1.953310645426167014e+01
1.891722728464860737e+01
1.843780105660314916e+01
1.871372116579215827e+01
1.879635482892503262e+01
1.942860499498113214e+01
2.064691389006459943e+01
2.166009730744572792e+01
2.232810321066313008e+01
2.239185970020242422e+01
2.214085074249307539e+01
2.177651423990748114e+01
2.243391928056499651e+01
2.184209694628283671e+01
2.078090878091195393e+01
2.010005090515664250e+01
2.046553958703820442e+01
2.151932326592403655e+01
2.165341355286573588e+01
2.206686065862204771e+01
2.215531996744318022e+01
2.268957334770844625e+01
2.189470931465276848e+01
2.005980586162936419e+01
1.943081695836011491e+01
1.896062848102204512e+01
1.875909673924824617e+01
1.879691555078162324e+01
1.895976301618648563e+01
2.000102210074819098e+01
2.223828285751029199e+01
2.438922862671954661e+01
2.614019031048432140e+01
9.687620411469344717e+00
6.015727222256384898e+00
8.635522373885239134e+00
1.518936141607960622e+01
2.046866476420498060e+01
2.196737677783337972e+01
2.223532278827642727e+01
2.294565245754888849e+01
2.215201674454745984e+01
2.251079609472492038e+01
2.259144298752097413e+01
2.205593725595474197e+01
2.192109561858769595e+01
2.150554768714356868e+01
1.990687472430971283e+01
1.868206080712225514e+01
1.804218821279994245e+01
1.760380236937826837e+01
1.795323079885283235e+01
1.838751294424850613e+01
1.916481485508959892e+01
2.146068284518399949e+01
2.469018930926495869e+01
2.269618146037720052e+01
2.904995047339597747e+01
3.468270859216581670e+01
3.006887679225133425e+01
2.557482714642038601e+01
2.517607963145198013e+01
2.584762438947410956e+01
2.562845764548831440e+01
2.560581532421391415e+01
2.587528475757386559e+01
2.399532108765982485e+01
2.261977741903262640e+01
2.240297963711255136e+01
2.251635858014657998e+01
2.084225188538603746e+01
1.976094593756017304e+01
1.869855755303968792e+01
1.792456280653983569e+01
1.748723808879604036e+01
1.793970663707865398e+01
1.818984921925389031e+01
1.911062000010436179e+01
2.135248312592906927e+01
2.452398292734222807e+01
2.319515176923518496e+01
2.810137915795351304e+01
3.380114202744593399e+01
3.032706074399362706e+01
2.611315075414772480e+01
2.487753043230609507e+01
2.510194597530792393e+01
2.529992164754276729e+01
2.563803810724582632e+01
2.627527267532453337e+01
2.471990001082393817e+01
2.353481189315185773e+01
2.390145678135155549e+01
2.433105018514307716e+01
2.301096414901326881e+01
1.862133278911128542e+01
1.740531699635116780e+01
1.714821743059979298e+01
1.715663903036655213e+01
1.784574879281156612e+01
1.832501512829683676e+01
1.972338029507911727e+01
2.120438249846913692e+01
2.330164151256922622e+01
2.346085158122764014e+01
2.695910068150167405e+01
3.178650970973703238e+01
3.048159185746641597e+01
2.663161462806796109e+01
2.497884494359263741e+01
2.453716727018473165e+01
2.437471270659103695e+01
2.485760686246420548e+01
2.485733708402734976e+01
2.352453887944637145e+01
2.261343617085568880e+01
2.210850787521230032e+01
2.176108254034511447e+01
1.927518643893037620e+01
1.942111689229489713e+01
1.832432872466242557e+01
1.746048276328894744e+01
1.685491343768222805e+01
1.715005094016772702e+01
1.770289689055722704e+01
1.876168912707505854e+01
2.120864269593926466e+01
2.444507611758525911e+01
2.439936425018548150e+01
2.638669557250713993e+01
3.034290228842314718e+01
3.013565168406664441e+01
2.712203341697727765e+01
2.470750816569124453e+01
2.392222924166994247e+01
2.388897397286021373e+01
2.413789502877239102e+01
2.461027030263700155e+01
2.386413282255377055e+01
2.310809871958045747e+01
2.219842230706027664e+01
2.174240901401729076e+01
1.947091345906968129e+01
1.907338405404208714e+01
1.819076956903867170e+01
1.752423678474017876e+01
1.725836192689213533e+01
1.739001972495260517e+01
1.786259555721695591e+01
1.853160277541674006e+01
2.048956006638320204e+01
2.306783034148289602e+01
2.294062859383571862e+01
2.418244535856003097e+01
2.779569945119670393e+01
2.687583921260539910e+01
2.529303385229537682e+01
2.347774587151497272e+01
2.265098523922803508e+01
2.254205500781132443e+01
2.291092396251746877e+01
2.310621045263450668e+01
2.281014607028093266e+01
2.206295098200213900e+01
2.158238143133492315e+01
2.107504781522889203e+01
1.919641492535039617e+01
1.863423273151916959e+01
1.797613012125561482e+01
1.728442113448040729e+01
1.698705115641908492e+01
1.718124732382815623e+01
1.750162916498780064e+01
1.817307874335280360e+01
1.951651372526404060e+01
2.091173902657948247e+01
2.028833271006927319e+01
2.061272370361427519e+01
2.246871601236179217e+01
2.208936016596375396e+01
2.144037331931663459e+01
1.988580363233588599e+01
1.882111345181840889e+01
1.847797115652488387e+01
1.989519616927423229e+01
2.018098397159273105e+01
2.083808358773366720e+01
2.061026996895417795e+01
2.088339955659949609e+01
2.091749949270348807e+01
1.959311857314447991e+01
1.860765490485656670e+01
1.783427015545598948e+01
1.713100870886815841e+01
1.694619829691159651e+01
1.724824680596259086e+01
1.764804210453606004e+01
1.880213493239893552e+01
2.114243920271125532e+01
2.436355679901036453e+01
2.569415862978245357e+01
2.655766794931483687e+01
2.823212990131599653e+01
2.829842181511714116e+01
2.738998477338241599e+01
2.603321653716083617e+01
2.479390300482388909e+01
2.451013528298414812e+01
2.448974420372757521e+01
2.479422562743651071e+01
2.349232497076474502e+01
2.278852359252064375e+01
2.235624919033628899e+01
2.221683981159951671e+01
2.091082901220646306e+01
1.957298210875850231e+01
1.864813170349264482e+01
1.787773932091720042e+01
1.751126905804872180e+01
1.785153218240357020e+01
1.827142802943108180e+01
1.940036949514599485e+01
2.178527660431998569e+01
2.485138786622481177e+01
2.637259292920192522e+01
2.720611708219250247e+01
2.849001377507620347e+01
2.939709348423147262e+01
2.900680115928127023e+01
2.771304507646241433e+01
2.601949885012345476e+01
2.518692982638903644e+01
2.527517587529760235e+01
2.565896408236570281e+01
2.449759447740400731e+01
2.388946349596086804e+01
2.351295092297883116e+01
2.350740531562472668e+01
2.228950040085234363e+01
2.056525277845957334e+01
1.948794478647880268e+01
1.879978385872010449e+01
1.842714492238771129e+01
1.877733639348483408e+01
1.898165394941212369e+01
2.008204097278082756e+01
2.224976194841585553e+01
2.510862249975271610e+01
2.669523149056045597e+01
2.755759575649017989e+01
2.831675394548591385e+01
2.919449794912551965e+01
2.926120397241196969e+01
2.821788074942273994e+01
2.712495002623878904e+01
2.618407023953740520e+01
2.615148293116761735e+01
2.603741683613574409e+01
2.499296171213086737e+01
2.417407203971717422e+01
2.375898942800679237e+01
2.334930916311373750e+01
2.193166077362046096e+01
2.015343457625886714e+01
1.907697519429271082e+01
1.846530059461549200e+01
1.816720211893285253e+01
1.853686031330974515e+01
1.896810232244544636e+01
2.005214954911619429e+01
2.237917431205011454e+01
2.523208905056307572e+01
2.697081893654021911e+01
2.775741241404938364e+01
2.823793878260262602e+01
2.893633128932388843e+01
2.953095831737033450e+01
2.878128981489941651e+01
2.741021008358365307e+01
2.629906375852345946e+01
2.626493098858529507e+01
2.618533102772654786e+01
2.466592374163670698e+01
2.324076659945496104e+01
2.268137083759111761e+01
2.200403126406652632e+01
2.091965413058030521e+01
1.973138700374882859e+01
1.870891551448213974e+01
1.806079684793014906e+01
1.767589174700884058e+01
1.815433176522549275e+01
1.854260720567240384e+01
1.958444298859345878e+01
2.162757036164605395e+01
2.433026281924304612e+01
2.591754996916040810e+01
2.644743866974268443e+01
2.706901204054912569e+01
2.796591067675827702e+01
2.882944134542731973e+01
2.818377555035537441e+01
2.682202305929193642e+01
2.576213078396680345e+01
2.597729560172750141e+01
2.583756542018816660e+01
2.468895363899054374e+01
2.385826049717750763e+01
2.341047815054657733e+01
2.360204997107661029e+01
2.226865920407595567e+01
2.069608765895902280e+01
1.956223010973905474e+01
1.895028982825294506e+01
1.856033057862052615e+01
1.884726504268864034e+01
1.911747745006355004e+01
2.022917772274820436e+01
2.201612693268426213e+01
2.392947797104660168e+01
2.498706307979456653e+01
2.570771132428066963e+01
2.574732607131525342e+01
2.580989416037855122e+01
2.671601919816924564e+01
2.623586974456756948e+01
2.494851291170376939e+01
2.379456927148365963e+01
2.409129695799880011e+01
2.412591575226275964e+01
2.346712880009030755e+01
2.298909833532996672e+01
2.284426992112183541e+01
2.289938357360599497e+01
2.176468058342146250e+01
2.072127138280433911e+01
1.952580026511153477e+01
1.878075376568891031e+01
1.859917455729820190e+01
1.890118526049976566e+01
1.908627420703750133e+01
1.987731411246920743e+01
2.090594493536300646e+01
2.185151772867319409e+01
2.218189810744445722e+01
2.162375979512199820e+01
2.090248645480804157e+01
2.101763749514383406e+01
2.203542874744822555e+01
2.183699385138855575e+01
2.097582437435460534e+01
2.022812073259690990e+01
2.061970146757431266e+01
2.142036177702984645e+01
2.135015195650399988e+01
2.137199041611865269e+01
2.184766566081717443e+01
2.212469056481113583e+01
2.184648259451853392e+01
1.971056837214831248e+01
1.869698006534870771e+01
1.787047774873314410e+01
1.769994196050326707e+01
1.816225941455425286e+01
1.849282651316389803e+01
1.922860038353248768e+01
2.130081757023196687e+01
2.409080997550829295e+01
2.630522260516976374e+01
2.692353448670217020e+01
2.675629590298591509e+01
2.659023961773890221e+01
2.734884216398136658e+01
2.770869147532098609e+01
2.708957009717311948e+01
2.630033526330709037e+01
2.674997422599851404e+01
2.593036896272853298e+01
2.458999230479633624e+01
2.315955015133565809e+01
2.268285825802641753e+01
2.238371341764605660e+01
2.113669184235798326e+01
1.959669543768205813e+01
1.861622924973024240e+01
1.792361273219187012e+01
1.745471824255546878e+01
1.756415149334446468e+01
1.776346317870589431e+01
1.858662803157946897e+01
2.090959732978651431e+01
2.365490692300927833e+01
2.547926340148639923e+01
2.648464227183974984e+01
2.651745045635962583e+01
2.614418698287949283e+01
2.703776122580011432e+01
2.708102936803315330e+01
2.637218466414800844e+01
2.549951791019032044e+01
2.571623374327885969e+01
2.505797663013174770e+01
2.396232726017719372e+01
2.317342129782226934e+01
2.266172380181777868e+01
2.249989594197801068e+01
2.164572425748924900e+01
1.989509505626152830e+01
1.869903522584814937e+01
1.782115069979239763e+01
1.740202479218601539e+01
1.787521439279489854e+01
1.802540907375302837e+01
1.906344847375737217e+01
2.131437787816642171e+01
2.406616668594076458e+01
2.615494910560250474e+01
2.734030140421817023e+01
2.702502826521204682e+01
2.688867883604871167e+01
2.753821595078834505e+01
2.763801728736702756e+01
2.694585828916608250e+01
2.601771015149893174e+01
2.606657377934248387e+01
2.533726435718392267e+01
2.415783747842350238e+01
2.328656273381030317e+01
2.280396783394528626e+01
2.246726757143460063e+01
2.166804123283464634e+01
2.004758596910620838e+01
1.875502737442960921e+01
1.786956990885850871e+01
1.746860862996864583e+01
1.778630632678973456e+01
1.801332646259150039e+01
1.926429674918221480e+01
2.141982825673060020e+01
2.447843442638040301e+01
2.658916334827704020e+01
2.726711978164879824e+01
2.714116208526478502e+01
2.657300810289261150e+01
2.736897668253043392e+01
2.745426077055926584e+01
2.672498143234933465e+01
2.586222606216869124e+01
2.605543731561551368e+01
2.556655307872197724e+01
2.444597677374167333e+01
2.345857420169546970e+01
2.294875031597253212e+01
2.296088706179867245e+01
2.217203585861178894e+01
2.048724097037228375e+01
1.918642565287579060e+01
1.818802332668659005e+01
1.780355115371981611e+01
1.786704274173450813e+01
1.810699633369548778e+01
1.910975113741699261e+01
2.132906447729523336e+01
2.393484223486369800e+01
2.572976346650590429e+01
2.628504116271517788e+01
2.611028137038504227e+01
2.560964851216311899e+01
2.626101021292560489e+01
2.645859824905599211e+01
2.579143861954224448e+01
2.508512201126869456e+01
2.536123781941088495e+01
2.500648283578849274e+01
2.409534114823561879e+01
2.299185142242796331e+01
2.230526198708374253e+01
2.196397143571009636e+01
2.102338642945348823e+01
1.971708385180417977e+01
1.851873159343962882e+01
1.760719039168011690e+01
1.715674514377200666e+01
1.760789568455027165e+01
1.772201782868738462e+01
1.895384216775685005e+01
2.049881881440616027e+01
2.288816926139348951e+01
2.464952141266194374e+01
2.516857364431219679e+01
2.507829272364387307e+01
2.447577586647495451e+01
2.500230012273459224e+01
2.517903950012698644e+01
2.488456975065068733e+01
2.440074966251593835e+01
2.468845221573595694e+01
2.440287585111883217e+01
2.355281249623418560e+01
2.261687093364689716e+01
2.194267247149443278e+01
2.140779071851754622e+01
2.033040255722800538e+01
1.891417363607262558e+01
1.774875230459878495e+01
1.661661860831073056e+01
1.627103262459884192e+01
1.730004249050048415e+01
1.759911578927079390e+01
1.829496702956230081e+01
1.965840550912648510e+01
2.065834879290144599e+01
2.152556573321004052e+01
2.108932746242308198e+01
2.081358159880748815e+01
2.041365909447323190e+01
2.103508841540435270e+01
2.096057301579610410e+01
2.050116301167073374e+01
1.974933492389038392e+01
2.016954955477945433e+01
2.055297402034323184e+01
2.048715439452163878e+01
2.051713683530818955e+01
2.059469643327940958e+01
2.066048311278709804e+01
1.982635842460092590e+01
1.858502917513491681e+01
1.740173978032625968e+01
1.662779506491698811e+01
1.654333974061299273e+01
1.672828059427223479e+01
1.728194042616325277e+01
1.854935361546782602e+01
2.064815915912128474e+01
2.409910058252767229e+01
2.646147700644079492e+01
2.759738042086074472e+01
2.714493233825750806e+01
2.646044558956367609e+01
2.668908160549874609e+01
2.725700525754439241e+01
2.701789814737875872e+01
2.638501564158682200e+01
2.673238505597344172e+01
2.609139487434658378e+01
2.502651356149192807e+01
2.360810900080603858e+01
2.302774252232656949e+01
2.274503385640600683e+01
2.155027144992648402e+01
1.994531765835164805e+01
1.851025729801077091e+01
1.761844085039948382e+01
1.740868943456463924e+01
1.760307887368512425e+01
1.812136158003729136e+01
1.933236739083656630e+01
2.138250571594295479e+01
2.438723443708799365e+01
2.660033175488232615e+01
2.744027079606537001e+01
2.717651421439554582e+01
2.662449131549161052e+01
2.685032484426563926e+01
2.724645790718354021e+01
2.693026798959743928e+01
2.618676032140939114e+01
2.673190230069895179e+01
2.617916459869386969e+01
2.499203438815032996e+01
2.395718438005122053e+01
2.268136714266401910e+01
2.215790137133102533e+01
2.102621249808224491e+01
1.990489613663253010e+01
1.863749460568350713e+01
1.780206904228469256e+01
1.737623306084682184e+01
1.763303789869919314e+01
1.804285796865930536e+01
1.926859583192826975e+01
2.152508372140421855e+01
2.443271236305855609e+01
2.649630111444171376e+01
2.743204722021005537e+01
2.704955529705637929e+01
2.648524380246351484e+01
2.665614909321843840e+01
2.686860323579415066e+01
2.656831695624828171e+01
2.608846522423285919e+01
2.643693790508900321e+01
2.579917310588308510e+01
2.463742956884037838e+01
2.327079365940007705e+01
2.292707377926751278e+01
2.249103561776589899e+01
2.155740605759690709e+01
1.970536386086141789e+01
1.849681638811148332e+01
1.739624502614081081e+01
1.729057945216151637e+01
1.742010555225363788e+01
1.778849105031880384e+01
1.924881830029972107e+01
2.129568361503175566e+01
2.385734934948444774e+01
2.613141696627233657e+01
2.799514501304346936e+01
2.744290750673488688e+01
2.605488547862678672e+01
2.550151713570314982e+01
2.608932907508109977e+01
2.601357707285371035e+01
2.602782411809571173e+01
2.654162987775151095e+01
2.578545024984018141e+01
2.466888809525878301e+01
2.307985546714792235e+01
2.232970402658665776e+01
2.161409607683754786e+01
2.050132248249763123e+01
1.890586604068167986e+01
1.756093963193086438e+01
1.697169147568206427e+01
1.669818646705176590e+01
1.710976259674765032e+01
1.750340542478954120e+01
1.852143588984828071e+01
2.057687697801042859e+01
2.359486153095250671e+01
2.560408157547571761e+01
2.615478099211225427e+01
2.642406250976370075e+01
2.536820220279815530e+01
2.616510175167102048e+01
2.627591025131068037e+01
2.594225883057280413e+01
2.513148804630109368e+01
2.588216877103643654e+01
2.567857550634317576e+01
2.420991115242413017e+01
2.295141719751430642e+01
2.213548803496000517e+01
2.160956178843842679e+01
2.029294883981462760e+01
1.897397153500687494e+01
1.761424962157782304e+01
1.676074948329740977e+01
1.664892150565339080e+01
1.691646647611192833e+01
1.731310020199358135e+01
1.834611488895819420e+01
2.024084099762907130e+01
2.236203080095963713e+01
2.408004078123777703e+01
2.490000587714545688e+01
2.483717701138319356e+01
2.413592263718658160e+01
2.463775899715257367e+01
2.486237145419287131e+01
2.479949895696643836e+01
2.473195440016127478e+01
2.503383126915614199e+01
2.523147644388586386e+01
2.411366639472616313e+01
2.283971619913042161e+01
2.219122842228751935e+01
2.153609620854582474e+01
2.032736177936228472e+01
1.899158233103827342e+01
1.772377090373601050e+01
1.707402281065331806e+01
1.680749179562327100e+01
1.709618961872712006e+01
1.753901280537564489e+01
1.847479923216119602e+01
1.960326933654984316e+01
2.097702052776404358e+01
2.166912747532508021e+01
2.150556633098535286e+01
2.125360024553536675e+01
2.071537595211642468e+01
2.141729064256903570e+01
2.147958851974938810e+01
2.100925055513294737e+01
2.071857215526338081e+01
2.118046038456733271e+01
2.168372214426603861e+01
2.173331402291793069e+01
2.143058545600825227e+01
2.101077834332813410e+01
2.114944001620651903e+01
2.018586328715086253e+01
1.873276825318621519e+01
1.754823919431982304e+01
1.680938638262949425e+01
1.662134463758552982e+01
1.704779979230436382e+01
1.725222830198088886e+01
1.856219339839957883e+01
2.069391704033085944e+01
2.359949140236913934e+01
2.608969010723450666e+01
2.673067685631931667e+01
2.655371011026465311e+01
2.585822708209549248e+01
2.613830230746398442e+01
2.626224832350455074e+01
2.606155835567516021e+01
2.591631854289471448e+01
2.615299452376006073e+01
2.558772899248015875e+01
2.440074474084083533e+01
2.266663032173453018e+01
2.283060861651832596e+01
2.137196983313596022e+01
2.000893635666218628e+01
1.864830760390926656e+01
1.753845706330645626e+01
1.674557005971674783e+01
1.639654035561463630e+01
1.679504794995809647e+01
1.724285192925720978e+01
1.824458785399310301e+01
2.056922482861043378e+01
2.333738494423499432e+01
2.557758174324879619e+01
2.621357598076869522e+01
2.593148062415566812e+01
2.503720573175921515e+01
2.525196157815203435e+01
2.549383966070146457e+01
2.497425053578151122e+01
2.486747708031441917e+01
2.555737259760053348e+01
2.519856309932965388e+01
2.424878964911792778e+01
2.331500253281668478e+01
2.154552509754949696e+01
2.059129731090767734e+01
1.937487361180830803e+01
1.794003318546239001e+01
1.675688789424156866e+01
1.602337772533904925e+01
1.579104200315753204e+01
1.621672754702289154e+01
1.657941363539002921e+01
1.760722770475250698e+01
1.970133169243394988e+01
2.250166996815204357e+01
2.457543682735866852e+01
2.538260272174019150e+01
2.522092346987083644e+01
2.426603725227834119e+01
2.449045398231361759e+01
2.459544006481103651e+01
2.449520276668386032e+01
2.423543154046831560e+01
2.485661044861621960e+01
2.457545273373618500e+01
2.348609414277888519e+01
2.192357743742176979e+01
2.047632928668738472e+01
1.996608871586996514e+01
1.871078998892915379e+01
1.692259434369639948e+01
1.581803240049816850e+01
1.515662665862907588e+01
1.496292860521310075e+01
1.540405436512263115e+01
1.596573768496593715e+01
1.701509381952195454e+01
1.921292557250266597e+01
2.186351993450462672e+01
2.394127527905759223e+01
2.477685165898443387e+01
2.470265601115885801e+01
2.415630594828940403e+01
2.434439615025048909e+01
2.444197686850136364e+01
2.443823731461629833e+01
2.426775601492817813e+01
2.482018649040128366e+01
2.436987986450164456e+01
2.339165322501810351e+01
2.220456796268261002e+01
2.098230360176323117e+01
2.031936879028426546e+01
1.857185218990581532e+01
1.708247047515741812e+01
1.586522964808762559e+01
1.509052193675910125e+01
1.492832023834055377e+01
1.540891175032546556e+01
1.609118232992912212e+01
1.721568072828859286e+01
1.942248565036801722e+01
2.197058182537955062e+01
2.411787275955801846e+01
2.516680761369420338e+01
2.535667502221388503e+01
2.495234289674943895e+01
2.530268515115079353e+01
2.538602272542075511e+01
2.510756009060645155e+01
2.435982769766508582e+01
2.455021264675379911e+01
2.406136104500215112e+01
2.320496836616877445e+01
2.233737004617527333e+01
2.136602719880939816e+01
2.059372835048767669e+01
1.988194467062958637e+01
1.824544954118357154e+01
1.701810959238690657e+01
1.620555035758509277e+01
1.590409838875216053e+01
1.642452064677296519e+01
1.713765493821624730e+01
1.834413808907514820e+01
1.993348369422550093e+01
2.120792481068433588e+01
2.166274157193573657e+01
2.164892574875985076e+01
2.118124537108575822e+01
2.051674212242498285e+01
2.095494728016853969e+01
2.102599241156141829e+01
2.070034962821787161e+01
2.036033146541592842e+01
2.136014459753525685e+01
2.243041623512609917e+01
2.240091758884197048e+01
2.181598253378745866e+01
2.087449733656752571e+01
2.068513464459465823e+01
2.075612025205763089e+01
1.920674001709859269e+01
1.799992547935049814e+01
1.705149673953260248e+01
1.674583382153649325e+01
1.721005382042791609e+01
1.744956771600959655e+01
1.798699864323951658e+01
1.893475836728354267e+01
1.999343061611154937e+01
2.054065510005235495e+01
2.057021702319421408e+01
2.030964476002420227e+01
1.981587822906832486e+01
2.025253469719998378e+01
2.036444227571406529e+01
2.006712110063825705e+01
1.981351884418325682e+01
2.064229726871612414e+01
2.085180295793704275e+01
2.097477085277047593e+01
2.077927932529291510e+01
2.042549170742300646e+01
2.026263754592814692e+01
2.014073000892630461e+01
1.901717815626944841e+01
1.785291931879487848e+01
1.704911812697512374e+01
1.673745728252269771e+01
1.736628077825408667e+01
1.758873165429936947e+01
1.812156503375905814e+01
1.946618654304419849e+01
2.084036551349843691e+01
2.167820748784853890e+01
2.208161729603673251e+01
2.175643349420812456e+01
2.104755679132468771e+01
2.097313637834622924e+01
2.106784584970318264e+01
2.107813971328909730e+01
2.098041106692703650e+01
2.206711239741081343e+01
2.176337297039463792e+01
2.163951394722437627e+01
2.171195230760362094e+01
2.097549141238409831e+01
2.046746289641556515e+01
2.035728060730998124e+01
1.945944273346681541e+01
1.827625712613671993e+01
1.747153033479824558e+01
1.711266997644688814e+01
1.754883773712845496e+01
1.780869032657418316e+01
1.868641402211586922e+01
2.045546536420318873e+01
2.300380922823484653e+01
2.540543199289220055e+01
2.656452761504283089e+01
2.682402779475303589e+01
2.634959435283600726e+01
2.617175680406211313e+01
2.644886235254384133e+01
2.632699853994635220e+01
2.633054207274818381e+01
2.707817668468844019e+01
2.553909161811452222e+01
2.437397290589222365e+01
2.321350145227946626e+01
2.220487957533784495e+01
2.191965814037185467e+01
2.122854311832459473e+01
2.007804795070082093e+01
1.904391869781916569e+01
1.811633440374855297e+01
1.787728644871585004e+01
1.807726037491036664e+01
1.838601320704056974e+01
1.890457622410335503e+01
2.076653691501768151e+01
2.342252102517821655e+01
2.580836496229568766e+01
2.693756771478231471e+01
2.701663746449665027e+01
2.664106180895443643e+01
2.643818656571485093e+01
2.662844596940480457e+01
2.633994691069469596e+01
2.628774113551401825e+01
2.741782527637598577e+01
2.613848203822816174e+01
2.468598184172454424e+01
2.344911439577041534e+01
2.241355568086397554e+01
2.186578465359439960e+01
2.125496466878663782e+01
2.008467734235987123e+01
1.895780122858045758e+01
1.793544602184047321e+01
1.761491484582214184e+01
1.795600516672849878e+01
1.833495381910808320e+01
1.916219838051410562e+01
2.123140061497772280e+01
2.395777874875012259e+01
2.626036041497615159e+01
2.738312098905742076e+01
2.752935144581465821e+01
2.686853269028752322e+01
2.681658865519090185e+01
2.661969037822396800e+01
2.630921575336632046e+01
2.598871178743260302e+01
2.681358241062880765e+01
2.579992225925539273e+01
2.426890900724906786e+01
2.283843815215332995e+01
2.183845522760985602e+01
2.076972533962295486e+01
1.986859407386013032e+01
1.874144861916414939e+01
1.777797231003435741e+01
1.702520505975671838e+01
1.680894614457218950e+01
1.715850508225483750e+01
1.755379788934557084e+01
1.845821124463147456e+01
2.042824235153781487e+01
2.307820024824560079e+01
2.532985411418991006e+01
2.655864892122130527e+01
2.668376019653229037e+01
2.613015187597024891e+01
2.606687200475483834e+01
2.599712306651487737e+01
2.554979422104275599e+01
2.527148912373361611e+01
2.629472528928713615e+01
2.546769440362766090e+01
2.416260888439448706e+01
2.263729761982301625e+01
2.116596902587889062e+01
2.045321758098904041e+01
1.954332678957678837e+01
1.833316402599603734e+01
1.735780928500106413e+01
1.664295279076307921e+01
1.634424568519341392e+01
1.679685402572639319e+01
1.721318946310718090e+01
1.808824307344929494e+01
1.970046359366422450e+01
2.179431424782690030e+01
2.368097608164291401e+01
2.458902433450995417e+01
2.485000177659412657e+01
2.419218874074541858e+01
2.411429967874942903e+01
2.404211671494141100e+01
2.392050278759202442e+01
2.378368197907779091e+01
2.431033247567049216e+01
2.454000891449909005e+01
2.346545891111956195e+01
2.240875055891073586e+01
2.101240803043286931e+01
2.012035406192171294e+01
1.911846721420699069e+01
1.799112329082501560e+01
1.709817710667312340e+01
1.647917902878489116e+01
1.626519775183778194e+01
1.670521914375776262e+01
1.690119237063410651e+01
1.759120345426847720e+01
1.880141649362814249e+01
2.010369511373465201e+01
2.076605597280903837e+01
2.092994345683582225e+01
2.092032295572798262e+01
2.044568693867610421e+01
2.085078705266436927e+01
2.063601894322149732e+01
2.000219155118170633e+01
1.967154138280341513e+01
2.099324034157450214e+01
2.087081758702130330e+01
2.088354746533002881e+01
2.082926806489495419e+01
2.027648766213179599e+01
1.987404192785037438e+01
1.911195535716590754e+01
1.771158120189183549e+01
1.675529724159704159e+01
1.611695877641434649e+01
1.594156066640845282e+01
1.643252208771128409e+01
1.673989873060227396e+01
1.759110841716452356e+01
1.968414572741452417e+01
2.249118346748043606e+01
2.497467293365359708e+01
2.620238718255373556e+01
2.621126928001640266e+01
2.531650512388638674e+01
2.502628868590330313e+01
2.462985011955160530e+01
2.407895879114985860e+01
2.377147176497351566e+01
2.503984411293907542e+01
2.461177397850378767e+01
2.318246713933765690e+01
2.205696111505234569e+01
2.066714503222313937e+01
1.966356899045950257e+01
1.864117039219405925e+01
1.730489403778950219e+01
1.633733995198735300e+01
1.578580745833576415e+01
1.556872500446764818e+01
1.607661795495696921e+01
1.660002894315524813e+01
1.774357598639350542e+01
1.972174644465106397e+01
2.232552671866944394e+01
2.455144461854566629e+01
2.552040761232634480e+01
2.542360637785472122e+01
2.476475662939123978e+01
2.493105668226766625e+01
2.500470027293200204e+01
2.447282317335147894e+01
2.418993680314742534e+01
2.558804829650290458e+01
2.521974748106861597e+01
2.394163633653676015e+01
2.233664743895636917e+01
2.078140467726885632e+01
2.022985377054155620e+01
1.888006856668894073e+01
1.772768337743550404e+01
1.668082854502289081e+01
1.606294376514745181e+01
1.600572595254128672e+01
1.651510381519005222e+01
1.688636789349313005e+01
1.792477515164711122e+01
2.022092218319472323e+01
2.294632121273943781e+01
2.519045087352593626e+01
2.627642733430115030e+01
2.614699115769396442e+01
2.532335619999395249e+01
2.547967390818382682e+01
2.556919268242388554e+01
2.505973385854325386e+01
2.453561390516646767e+01
2.587660395654713597e+01
2.556404286369795642e+01
2.406245088733065884e+01
2.252185741824611753e+01
2.153584893460998373e+01
2.042038644885299092e+01
1.916076759042054789e+01
1.784612029550369527e+01
1.680400420675350404e+01
1.618767158933183836e+01
1.594882529319882813e+01
1.648613512515942503e+01
1.703925440953064907e+01
1.790960280907361479e+01
2.004901968138447543e+01
2.283485326014972117e+01
2.497286360046966536e+01
2.590287280458208130e+01
2.568759593115219531e+01
2.482071422911402436e+01
2.498809494092802552e+01
2.488825218417459340e+01
2.459237457945598493e+01
2.455368068935518622e+01
2.558674162425120713e+01
2.533528455139022384e+01
2.409496591811926791e+01
2.240300925955064315e+01
2.146792651528339491e+01
2.024970999608422417e+01
1.895436505531977289e+01
1.769915938995941929e+01
1.655196378830894588e+01
1.587394946012107511e+01
1.580621057499933890e+01
1.636120355203874510e+01
1.686282491770971603e+01
1.780639831160470976e+01
1.994817353534269699e+01
2.255902923625600565e+01
2.465013672970464498e+01
2.554185418456437162e+01
2.557703266518331731e+01
2.490815950455463224e+01
2.501073833786038136e+01
2.490867592554112875e+01
2.450070125051596648e+01
2.437160427569470045e+01
2.536663926468559183e+01
2.510327157097111339e+01
2.361499043326352520e+01
2.199259203687645226e+01
2.073272450426240354e+01
1.952452627135850705e+01
1.827334260470889760e+01
1.717814695025269600e+01
1.631679549363621362e+01
1.559734633474897159e+01
1.550278948756693964e+01
1.604764703072756760e+01
1.650228875142650509e+01
1.754246259795987939e+01
1.914744925852163604e+01
2.090499445624422137e+01
2.240162053521301999e+01
2.323811971572058610e+01
2.318216842758900142e+01
2.248808928195639467e+01
2.265257353986637057e+01
2.268900091072159242e+01
2.215609938410224089e+01
2.204676040971575546e+01
2.339796373843429578e+01
2.376246743155904895e+01
2.302477120927770926e+01
2.204017976639933352e+01
2.111750880296092348e+01
2.028239519441738992e+01
1.934165776685070526e+01
1.791975227533972870e+01
1.694704447776916467e+01
1.638970744008108937e+01
1.607664858012243769e+01
1.659520072006487723e+01
1.698429769039794479e+01
1.779102037050395424e+01
1.902888938527354057e+01
2.022088304812299242e+01
2.085573573731349128e+01
2.100158394123678818e+01
2.080610899949403603e+01
2.023375048390132491e+01
2.067580342923024617e+01
2.034583138132610003e+01
1.992014221143057284e+01
1.978475329210211697e+01
2.041316513467015170e+01
2.084434519810644559e+01
2.062852211204480923e+01
2.021107018339220929e+01
1.992410702311989823e+01
1.963354227587469936e+01
1.891477031742885018e+01
1.780557972170728931e+01
1.682412219163112965e+01
1.623405419011335127e+01
1.605289102312923788e+01
1.659831735360967642e+01
1.699762333231020506e+01
1.832803435494386335e+01
2.014508805910471878e+01
2.238477727386489491e+01
2.424618440654431950e+01
2.526490184397237115e+01
2.545124108536575491e+01
2.479006650604641138e+01
2.482352440961245676e+01
2.510430293278867353e+01
2.487635528397984075e+01
2.469858616695237075e+01
2.555725891837438368e+01
2.511810556708615394e+01
2.412434378569690452e+01
2.326567243375799521e+01
2.153226763870451421e+01
2.149442051425591060e+01
2.009434163437572352e+01
1.900686292103448949e+01
1.795157182991575695e+01
1.714389449872523130e+01
1.695777904432604188e+01
1.750263797127572829e+01
1.795936036001214120e+01
1.909505531931198163e+01
2.120609282666145745e+01
2.392200512636885534e+01
2.597315055926670269e+01
2.708391576486866370e+01
2.710977343200600842e+01
2.645585813849736923e+01
2.672612456928689895e+01
2.690468106159122286e+01
2.684865286410452256e+01
2.674461328497076451e+01
2.726675788922859311e+01
2.642090220690459290e+01
2.507246965258054416e+01
2.324975373253516864e+01
2.256811995847705177e+01
2.117970626688703817e+01
2.060506436282291887e+01
1.941434242521652820e+01
1.879069510281626876e+01
1.819155971199236177e+01
1.757470319146841220e+01
1.804805643823810968e+01
1.837546208376873480e+01
1.953541833098690006e+01
2.162786659190887661e+01
2.415911817648634852e+01
2.632995879906921033e+01
2.731973580469293950e+01
2.699664988551145939e+01
2.600741364989408311e+01
2.624792923173670545e+01
2.636415394923204403e+01
2.634405673537004944e+01
2.638548771940947901e+01
2.720360105084414926e+01
2.648920478589981542e+01
2.500698042276023614e+01
2.303978346834074387e+01
2.212835317355613540e+01
2.103924539699570317e+01
2.034584269690152780e+01
1.888545024096571368e+01
1.763505608273085556e+01
1.672827022883336312e+01
1.661048920120141759e+01
1.694912861046406860e+01
1.739896929835916950e+01
1.840429720798272584e+01
2.073142504482316895e+01
2.321995731253630879e+01
2.485475885714659583e+01
2.569545998225554584e+01
2.568492798725806381e+01
2.499901666067140127e+01
2.520307339109246669e+01
2.531227707898766610e+01
2.511871380007302079e+01
2.502080591398783582e+01
2.562157946825929855e+01
2.502820147303459919e+01
2.385422065469005659e+01
2.252333444633767101e+01
2.127142925317776090e+01
2.096557250084948976e+01
1.907644680313728358e+01
1.801126484027790298e+01
1.694499066533321141e+01
1.618446432096673604e+01
1.611205019212790290e+01
1.656836633442347306e+01
1.703440260292343922e+01
1.821774814281970833e+01
2.023463851948864800e+01
2.291143948859952317e+01
2.463490436489126623e+01
2.540717197640468328e+01
2.551561858230418167e+01
2.481613302576971236e+01
2.474883812028992836e+01
2.453729863301331093e+01
2.455268675276372647e+01
2.439306855397614981e+01
2.513988409547818392e+01
2.449400959963153568e+01
2.343612758734183288e+01
2.201951442928425706e+01
2.139844625393834221e+01
1.978596847312601170e+01
1.917923121823532995e+01
1.746672857517129174e+01
1.649901591687113012e+01
1.568291740597877926e+01
1.554471536976729595e+01
1.620859735596962281e+01
1.669140327806275792e+01
1.773473276752427807e+01
1.944807090363927671e+01
2.139455482710243572e+01
2.296511725463325959e+01
2.366009967560203009e+01
2.378115644959606101e+01
2.330100089762563442e+01
2.324032080649037724e+01
2.339990897656972990e+01
2.334713343594312107e+01
2.327178104671790848e+01
2.404954065768959026e+01
2.383008696092337431e+01
2.291426467999033534e+01
2.175539064504873821e+01
2.077901390406062632e+01
1.944756790701522675e+01
1.881787687029668632e+01
1.744643324125491901e+01
1.654821877636046068e+01
1.582818063699997069e+01
1.570284767373395418e+01
1.618265172141286357e+01
1.673203470050997410e+01
1.736966167018789164e+01
1.844843768875188417e+01
1.946383838873081729e+01
1.985291265510658576e+01
1.969817230121902085e+01
1.959008369933360783e+01
1.898866590388559317e+01
1.931229131676490596e+01
1.920254146167903997e+01
1.872922062017698153e+01
1.853455937201701786e+01
1.955148796264854738e+01
2.008522581135688867e+01
1.988124615889182323e+01
1.935565802309648831e+01
1.912322658545582854e+01
1.837716901695431204e+01
1.782625545467368866e+01
1.666847060579573991e+01
1.588012980731951274e+01
1.522407540318758024e+01
1.510381505622412135e+01
1.564214027721416400e+01
1.608373548691282195e+01
1.712673887020393693e+01
1.938468330857496014e+01
2.215606624183129014e+01
2.410024019072174184e+01
2.469589290888305655e+01
2.467685660411233428e+01
2.397740738406362482e+01
2.397398134306244799e+01
2.426598386722927003e+01
2.415064598219186820e+01
2.406174055526930289e+01
2.479886262844055622e+01
2.429182295393869850e+01
2.316360076356298947e+01
2.157086713237202247e+01
2.082472860571518325e+01
1.943701741449224940e+01
1.855651721961124778e+01
1.741715456456945077e+01
1.640274454613967947e+01
1.567864997108144109e+01
1.547200422297564515e+01
1.605857767043807272e+01
1.660321804097888432e+01
1.749758904834149575e+01
1.947102009732415340e+01
2.222216417822662038e+01
2.409114167844666810e+01
2.473638033475900855e+01
2.442945138479872824e+01
2.354462513262322076e+01
2.378063415488334442e+01
2.424808799930717740e+01
2.438447120296488535e+01
2.422112294882472128e+01
2.470851589091420664e+01
2.410276223701787046e+01
2.312487092847766235e+01
2.192357678072760407e+01
2.070758760018998501e+01
1.990073024594586926e+01
1.896581782279950801e+01
1.778176742045487657e+01
1.669911631382483108e+01
1.602292231198421035e+01
1.587192283577791585e+01
1.646101946710517794e+01
1.699515358187481695e+01
1.821526734489074428e+01
2.033813565942129387e+01
2.283694038792354775e+01
2.475156409893768128e+01
2.538946903760396623e+01
2.536053743064345412e+01
2.442397926711886313e+01
2.487184304302265048e+01
2.519564703816871187e+01
2.501782465365027619e+01
2.481295221869912737e+01
2.562580374986515963e+01
2.491887856310972182e+01
2.368837487963409671e+01
2.246359113612694713e+01
2.133252835092873667e+01
2.062518280304735185e+01
1.956857182052619137e+01
1.866836413218036128e+01
1.765205217214507627e+01
1.685953795515521492e+01
1.682338980945314688e+01
1.734590369966907986e+01
1.794739895700102750e+01
1.905649963741660358e+01
2.131243252998269710e+01
2.368102907576039584e+01
2.574422299433080497e+01
2.635772823691623401e+01
2.628547638597091662e+01
2.534749928304755073e+01
2.526526074933650179e+01
2.535864090521150160e+01
2.532850593874990608e+01
2.527253191750247296e+01
2.602701070048723153e+01
2.538370128639610712e+01
2.430141413497543823e+01
2.332016200517544746e+01
2.226724257849338429e+01
2.150231619677350992e+01
2.068139047241504613e+01
1.914161467551354434e+01
1.809386791771688507e+01
1.718930623030926697e+01
1.694157132322921910e+01
1.747765105515994932e+01
1.806082563374821248e+01
1.912047522451640802e+01
2.128422065076882674e+01
2.356053746617009637e+01
2.535997180884288227e+01
2.567630047506203539e+01
2.512752567201508924e+01
2.427046618754551233e+01
2.395758262026049579e+01
2.377668398593086607e+01
2.344954339133457566e+01
2.346685221447427949e+01
2.400348637568852439e+01
2.393716960743624256e+01
2.328831215362272644e+01
2.205353851153467559e+01
2.096734723578790138e+01
2.012628922805357945e+01
1.905344251382705423e+01
1.768843382681652443e+01
1.675794293222433495e+01
1.611752808719180763e+01
1.595884352352696745e+01
1.661460701886178626e+01
1.719675967270953265e+01
1.805024914875687259e+01
1.989585177528267224e+01
2.151915350892078749e+01
2.322443089621609857e+01
2.357243450763895609e+01
2.378200041589995095e+01
2.283046833953036270e+01
2.275937524114139521e+01
2.262669277174353155e+01
2.257423459224202134e+01
2.255419040402703956e+01
2.346905247022104390e+01
2.358383997915670705e+01
2.298770005509879510e+01
2.150548526245509251e+01
2.018744516291813085e+01
1.924558182603441381e+01
1.778840413603690607e+01
1.681822777625403376e+01
1.610406223503973067e+01
1.549103666227348164e+01
1.534870927536792351e+01
1.593604891989276418e+01
1.648505748039065821e+01
1.747001324073455564e+01
1.862282349576477358e+01
1.984862330251439033e+01
2.001583307568540704e+01
1.988479185246663761e+01
1.934849844527354179e+01
1.872577192417019276e+01
1.886827374328295903e+01
1.863086802641148410e+01
1.789501808553602302e+01
1.757198410582883241e+01
1.821643895506500854e+01
1.864760565079614807e+01
1.839286060576125337e+01
1.830857595562765994e+01
1.805287793498842319e+01
1.747103810436018279e+01
1.658985292322158855e+01
1.561635382244887182e+01
1.492388278453425521e+01
1.427513404348685810e+01
1.433528261317021979e+01
1.492167779796277749e+01
1.564241391597655273e+01
1.688025853377551755e+01
1.907959005510974393e+01
2.200909783301452904e+01
2.362579432156623227e+01
2.395213573092492254e+01
2.352151772515408013e+01
2.238107048576855007e+01
2.274734310028725304e+01
2.271705215504085729e+01
2.245553100487932596e+01
2.235512166725530747e+01
2.300659705078248862e+01
2.206706666331754363e+01
2.179662903281321462e+01
2.021551853646027652e+01
1.890075439853177031e+01
1.791564154548402144e+01
1.659497771821454748e+01
1.550408978552969863e+01
1.463871953401848280e+01
1.428514552749548194e+01
1.438328753726799114e+01
1.480884892523411267e+01
1.552241690150166065e+01
1.669343236269055453e+01
1.924196369756093716e+01
2.194501362127379807e+01
2.356964262080046169e+01
2.460190955672510071e+01
2.400375512459002181e+01
2.312755328786719033e+01
2.247084228397396899e+01
2.320691562367604277e+01
2.321292580487656920e+01
2.313006982855794647e+01
2.348457661789341344e+01
2.332339183041929687e+01
2.183405758875246150e+01
2.109056351777287475e+01
1.971791098870145831e+01
1.858003274510406655e+01
1.702576041592147860e+01
1.595004456097630730e+01
1.503438555773705509e+01
1.447888356247310249e+01
1.432626689262807673e+01
1.479448085208708896e+01
1.548747884423194776e+01
1.687428331108889168e+01
1.926983235491650959e+01
2.166932470702586855e+01
2.364054813293997981e+01
2.448799053199862641e+01
2.438570161533107239e+01
2.359589773609075181e+01
2.313267043857934624e+01
2.351550755274815785e+01
2.359042242970980752e+01
2.354647016839030371e+01
2.401952970124320430e+01
2.379230708788256266e+01
2.216415547335635949e+01
2.132710306005815681e+01
2.012137214718029554e+01
1.881868284146493053e+01
1.742932528772420753e+01
1.625019846354269148e+01
1.521207254439849699e+01
1.461668986129620684e+01
1.453057118862332153e+01
1.504567661276236912e+01
1.574198366256001336e+01
1.735117787332024619e+01
1.983109773080377991e+01
2.207237255507563845e+01
2.397057622698191182e+01
2.471687263387577715e+01
2.464031531711551537e+01
2.383737499711173413e+01
2.333747757003143874e+01
2.371961638382847681e+01
2.376505209626041903e+01
2.372620165491533228e+01
2.419725089641798732e+01
2.384546290380141187e+01
2.230264261015591387e+01
2.126050057855540487e+01
1.995482696296158309e+01
1.887556202903508407e+01
1.741205097971652549e+01
1.636051360359258311e+01
1.545687381871485222e+01
1.477182990411970920e+01
1.473755310028946752e+01
1.524065196728318305e+01
1.605256073269152495e+01
1.734543018531164549e+01
1.977383596091448226e+01
2.197303820055496004e+01
2.398858778494172128e+01
2.473077861669091604e+01
2.469048221024329592e+01
2.419911926037839933e+01
2.364914064405292038e+01
2.361749551870613573e+01
2.381258062799777164e+01
2.389530678025180066e+01
2.426077477193965848e+01
2.391797410384092970e+01
2.255906002936717414e+01
2.120379614287674386e+01
1.984594207113737241e+01
1.871836474561074937e+01
1.743194694423895896e+01
1.664268155839225827e+01
1.590085724223138897e+01
1.528460570747173719e+01
1.511685289177836466e+01
1.567074857297701485e+01
1.625140286985618943e+01
1.764038258844754736e+01
1.938431305770595969e+01
2.115140880044930682e+01
2.262396065006195300e+01
2.345035636348708152e+01
2.340019422259160109e+01
2.244335799576767343e+01
2.212943543768833266e+01
2.206406405293720141e+01
2.220809104094167097e+01
2.229823640754636926e+01
2.295748344605160440e+01
2.289949979497620802e+01
2.201314370066991799e+01
2.070567174672613220e+01
1.955743749113961627e+01
1.837060126565740603e+01
1.707166999268852337e+01
1.631387683798166321e+01
1.567928644708487340e+01
1.508583560114590583e+01
1.493883917776609138e+01
1.536796581753513991e+01
1.590586275887429402e+01
1.678044216337504579e+01
1.782984257867378020e+01
1.891351250736014578e+01
1.943105233977441060e+01
1.931411203594302606e+01
1.905538496587561426e+01
1.833283310732853977e+01
1.854299149049849404e+01
1.824793435920866713e+01
1.778325291045614520e+01
1.778398821481293979e+01
1.874862518523945099e+01
1.926992456534616593e+01
1.889191234507864436e+01
1.836134090494016746e+01
1.780281025537394868e+01
1.719429294259669305e+01
1.647302134074011093e+01
1.576089389371978378e+01
1.498259871857500691e+01
1.450057903392116110e+01
1.434075505136285322e+01
1.487734669476151872e+01
1.550216447347215798e+01
1.682293498412371591e+01
1.926809877696605255e+01
2.122337685186957401e+01
2.291389805505160382e+01
2.344235726715776025e+01
2.334242433846387499e+01
2.231607150428897768e+01
2.192400218303166071e+01
2.206515167412295497e+01
2.227652017992735267e+01
2.239735588415442535e+01
2.328078206216938639e+01
2.267914540016480274e+01
2.140380626882814141e+01
2.025750246675480426e+01
1.900890594071529449e+01
1.768207677712697290e+01
1.677468013082480525e+01
1.546736836578903862e+01
1.475002671779935959e+01
1.428499734642546137e+01
1.413480923092513564e+01
1.465763039057963546e+01
1.524521716321295450e+01
1.685821204120987460e+01
1.917782996627162362e+01
2.150729011686646430e+01
2.295559343891236637e+01
2.324382532437462245e+01
2.293952206119965709e+01
2.187168649276066290e+01
2.171205396971264889e+01
2.165480001438461599e+01
2.186045886880933864e+01
2.209798862621415694e+01
2.293945492887902660e+01
2.250219736169398743e+01
2.125957624645865707e+01
2.019923155800231385e+01
1.852924714723009458e+01
1.732052712689337426e+01
1.630134554263667113e+01
1.492754685293680517e+01
1.418174826091772900e+01
1.368804700240933059e+01
1.356222021040323611e+01
1.416340803362379930e+01
1.488545721905798658e+01
1.630114967008853810e+01
1.868161398588309297e+01
2.097498723495194639e+01
2.252621272541273356e+01
2.308094956063664682e+01
2.296942609560080584e+01
2.209249876099106302e+01
2.197714717608699431e+01
2.209537525050400930e+01
2.217494552803237440e+01
2.215236547935253952e+01
2.294644961137926131e+01
2.258590997018589874e+01
2.130334806523146796e+01
1.999196555862931035e+01
1.852079817062497824e+01
1.763615682105265492e+01
1.626189512664509351e+01
1.506801558132030650e+01
1.428616474329833075e+01
1.379385755464179120e+01
1.372196565737887042e+01
1.436739713111535366e+01
1.503640742973156463e+01
1.662473041889701264e+01
1.883874737122553356e+01
2.101855121947757965e+01
2.272377271738127291e+01
2.320478049582023772e+01
2.306227085684543709e+01
2.201794759334714158e+01
2.192462862684997660e+01
2.207680277692016446e+01
2.212488520524792435e+01
2.226620191399769411e+01
2.319441557528095998e+01
2.268402870808968785e+01
2.170388086357887403e+01
2.020411833107361232e+01
1.837372266885318339e+01
1.742309592037490518e+01
1.650118505002344804e+01
1.542321866272762954e+01
1.452697379327974581e+01
1.405688397016131397e+01
1.404167118129125669e+01
1.460172241301185991e+01
1.550747082519077757e+01
1.660490923029596644e+01
1.836712861824017651e+01
1.979562516048754617e+01
2.087959239723269178e+01
2.141680472004289371e+01
2.142322839604150531e+01
2.060754265866921386e+01
2.062343137853453356e+01
2.036054800671634268e+01
2.028628165255821969e+01
2.049956332026532735e+01
2.154880972544528106e+01
2.188164508382634921e+01
2.093072222250503245e+01
1.981097148134675834e+01
1.870158578225580115e+01
1.804855582105929557e+01
1.688696394265002709e+01
1.593536728116513324e+01
1.515294332044326175e+01
1.460194254866970986e+01
1.455270713959376216e+01
1.514197952417059767e+01
1.585958866553805535e+01
1.705219300992824216e+01
1.884223165765665797e+01
2.064529238350048956e+01
2.198134347647850007e+01
2.261659375523788285e+01
2.240034449926941207e+01
2.148391004641252522e+01
2.147276305243241268e+01
2.149852632155819165e+01
2.130391742035762803e+01
2.143092581542524755e+01
2.241935513700656557e+01
2.247637242152915960e+01
2.131409757111156011e+01
2.035366188459103753e+01
1.913376272036258285e+01
1.844800376057504110e+01
1.737696773047332854e+01
1.665349551149725826e+01
1.589779195745064300e+01
1.540778080812440365e+01
1.535998195466369687e+01
1.601188884093281573e+01
1.668229912525928071e+01
1.751044818562762728e+01
1.892418948722945160e+01
1.997717179206396310e+01
2.032498162575985035e+01
2.015929100017140030e+01
1.988642150322076674e+01
1.890971951175558274e+01
1.914246526265869974e+01
1.865514929030646130e+01
1.824782645264682657e+01
1.815800945860192073e+01
1.906798086754564991e+01
1.935585988300978855e+01
1.882351639314703817e+01
1.842850145942724893e+01
1.775064211689040405e+01
1.728233232079367809e+01
1.657288284831725989e+01
1.557296285587347384e+01
1.500341891049121124e+01
1.458891751573424855e+01
1.448534062700428926e+01
1.515163108660266822e+01
1.586672777068314311e+01
1.690677504444067836e+01
1.909000261379173580e+01
2.143895778405196850e+01
2.316408447017337835e+01
2.342738687536656528e+01
2.303376446561919977e+01
2.185701939626005341e+01
2.151624568762325040e+01
2.156749343082048753e+01
2.149111270967506115e+01
2.165816180614315556e+01
2.240498519988523185e+01
2.199057725607653779e+01
2.042695866151089135e+01
1.897110202878390695e+01
1.742390148836584629e+01
1.630672788178856436e+01
1.532163216473577982e+01
1.426905525810066777e+01
1.350575068889194874e+01
1.302301379221061417e+01
1.319816729873546102e+01
1.379533869000870894e+01
1.459001682432673874e+01
1.586932832441764774e+01
1.817093148670523917e+01
2.064967290558443125e+01
2.239925354705987459e+01
2.286084305621270829e+01
2.224436386846339886e+01
2.119200133979611422e+01
2.097245018631528524e+01
2.113200220090685733e+01
2.118004242714028251e+01
2.128965568891417348e+01
2.231379506787749278e+01
2.202213688694468630e+01
2.068234878017245748e+01
1.957009740182708413e+01
1.805045679351657029e+01
1.687824085431369525e+01
1.563573358283323955e+01
1.410272987342071360e+01
1.345874524531932437e+01
1.301039910445431502e+01
1.298947780388191653e+01
1.359861771635678451e+01
1.444601616997427129e+01
1.577709332866656489e+01
1.794681808872103801e+01
2.046180623818052169e+01
2.218185699807106204e+01
2.276529375714502379e+01
2.253799537769261718e+01
2.157639265862466615e+01
2.134085565276025420e+01
2.143168852018670378e+01
2.144625614123709312e+01
2.147179600782742170e+01
2.239182632933930250e+01
2.209940806583971806e+01
2.084034552518010841e+01
1.963503851840402348e+01
1.809266524710751867e+01
1.691758231155631265e+01
1.562856662520896656e+01
1.473102105279733820e+01
1.392876376644365344e+01
1.349222245751458971e+01
1.339405599097083588e+01
1.414275840746782009e+01
1.507549189222962305e+01
1.638076266547735926e+01
1.863874618519289328e+01
2.100482835825093986e+01
2.282638481315432344e+01
2.359280996972424660e+01
2.321005976839332874e+01
2.222695645130159647e+01
2.210813670418357191e+01
2.236272095647491653e+01
2.234990859472339864e+01
2.241642299935979210e+01
2.324867168962419939e+01
2.308520477004786997e+01
2.165776244008888796e+01
1.979773622324018945e+01
1.841050643646040186e+01
1.741454239868970788e+01
1.631173425767125096e+01
1.567670709253969008e+01
1.515403482898310727e+01
1.457550540178121068e+01
1.459578557054888570e+01
1.526539096571416643e+01
1.614967327460240654e+01
1.727941934637829036e+01
1.915647257849700935e+01
2.097709505154272236e+01
2.230641998743148946e+01
2.301308405457847783e+01
2.286210028888905299e+01
2.207267873281948667e+01
2.202151211650300056e+01
2.170448006804761576e+01
2.148376973697413206e+01
2.133431743778641732e+01
2.227086505082471746e+01
2.209432892148617711e+01
2.103896384363705963e+01
1.953385455423474681e+01
1.846865419220586446e+01
1.769656220996546026e+01
1.671850133461374099e+01
1.607407079602157296e+01
1.542377183170217947e+01
1.495305200744231477e+01
1.496219021484182754e+01
1.566773180397315457e+01
1.655084457197403225e+01
1.765940462827067137e+01
1.962327657879840004e+01
2.159774995063581926e+01
2.329771058972955089e+01
2.389318570085430338e+01
2.365564806032352152e+01
2.229278823210151828e+01
2.208711074890178239e+01
2.191685845338547622e+01
2.183543582457938470e+01
2.177108979966275015e+01
2.238489267676230554e+01
2.220693260381721146e+01
2.116005114378884500e+01
1.947798766351116129e+01
1.798297552848595871e+01
1.696534737778536694e+01
1.588766243415293289e+01
1.533813893698098418e+01
1.484109848053119585e+01
1.445242693458600058e+01
1.456028909762732759e+01
1.526774472522533976e+01
1.604417537851452025e+01
1.712383834446717046e+01
1.833120636699912964e+01
1.937977226058262659e+01
1.983032061396568579e+01
1.966737751638965648e+01
1.931555097727050097e+01
1.828584322217291103e+01
1.820546069530022493e+01
1.768539693776992294e+01
1.729844708246163520e+01
1.700442274485804717e+01
1.782546252504744544e+01
1.824716882550294628e+01
1.797221008482979698e+01
1.713206713997801600e+01
1.625123221730550682e+01
1.555057397204035574e+01
1.474237232561410771e+01
1.421908809623582570e+01
1.384610997630238316e+01
1.356754329151885408e+01
1.363135669473512301e+01
1.446370813007003697e+01
1.523412458918972767e+01
1.659058579808628409e+01
1.915912015399078427e+01
2.201681265534292820e+01
2.388824417874366901e+01
2.401515435060465009e+01
2.347695614089271032e+01
2.201064103442234554e+01
2.153464971845072640e+01
2.143323663635353071e+01
2.159511004206447282e+01
2.179238534519982196e+01
2.254180458485330618e+01
2.198816469251495676e+01
2.080460807437189530e+01
1.936089140117201524e+01
1.773540531747100601e+01
1.654917876984591274e+01
1.530651942808423804e+01
1.437158753174742642e+01
1.386141912030886125e+01
1.349744379673887451e+01
1.359335231522377008e+01
1.431772192850077197e+01
1.527835675132576121e+01
1.676496485483658816e+01
1.927875902920459694e+01
2.186825475244358330e+01
2.370752044988872953e+01
2.387518987107198498e+01
2.333635918382646324e+01
2.218978995600674509e+01
2.177546147928702780e+01
2.158125122921742545e+01
2.153386152254799768e+01
2.169211953085386213e+01
2.264167328299324922e+01
2.228958330751020256e+01
2.090400523002759670e+01
1.937065253933256059e+01
1.745181313726994432e+01
1.625094544948106190e+01
1.541360606736233407e+01
1.449271744382676275e+01
1.390808275956789863e+01
1.356548645097728034e+01
1.358798125000595647e+01
1.424436244853047207e+01
1.519844323518132434e+01
1.669909076804765391e+01
1.915947391967845803e+01
2.156044887925623854e+01
2.322223185036400750e+01
2.368066069002013307e+01
2.314806545591136810e+01
2.183479413536124270e+01
2.164937583279236222e+01
2.155357323920381418e+01
2.169624468808525819e+01
2.182580768259677129e+01
2.262078461059320489e+01
2.257072456099625413e+01
2.108382874005278751e+01
1.940968718127473025e+01
1.787311473434976605e+01
1.665459196407503839e+01
1.524574544767768458e+01
1.444571754995097912e+01
1.389702440983120901e+01
1.359973538107946212e+01
1.368897155083279138e+01
1.442772556266010930e+01
1.549313345062216030e+01
1.701482357157558312e+01
1.950073333884259696e+01
2.183232186414150178e+01
2.356020405340738577e+01
2.418411927117277216e+01
2.365797901550546456e+01
2.244643626651812340e+01
2.204782831808328680e+01
2.204728390624716283e+01
2.220951459258433047e+01
2.229652246827506801e+01
2.335212772058156361e+01
2.283652183274404024e+01
2.138261876965109209e+01
1.965367803357303700e+01
1.834596023023107847e+01
1.729008324933348106e+01
1.627717498420377140e+01
1.541978531319737833e+01
1.484595873892329188e+01
1.453423559158344069e+01
1.465105671164121404e+01
1.546231357784574101e+01
1.646130100076242186e+01
1.823395173122706225e+01
2.050592448445834748e+01
2.276511231363664223e+01
2.464681782727559423e+01
2.531327664642110520e+01
2.488942356199454764e+01
2.351624102368924341e+01
2.303492425457209336e+01
2.260788681693813373e+01
2.274831010598200365e+01
2.277461634026235515e+01
2.368278169730716698e+01
2.322353257639002422e+01
2.191401219002434431e+01
2.039783601357459730e+01
1.881581891088290348e+01
1.761958721326350741e+01
1.655666797131112133e+01
1.571182713359390348e+01
1.518433406366913552e+01
1.481506990824849090e+01
1.481249851970219034e+01
1.565607353783243205e+01
1.662127594487212079e+01
1.795520521142106674e+01
1.975025799199035248e+01
2.133406492400228061e+01
2.274297113746705890e+01
2.347691657000405385e+01
2.337718023308819681e+01
2.200883127868084799e+01
2.196559083849855654e+01
2.185191953781038166e+01
2.141917281457879341e+01
2.125029607751796235e+01
2.214314973414227694e+01
2.221208534718883598e+01
2.129745119630986494e+01
2.044047577672703042e+01
1.899378799712543398e+01
1.782864322051356964e+01
1.674018204591744663e+01
1.586256388430671471e+01
1.536670811817628213e+01
1.499196360939485828e+01
1.511596363339045546e+01
1.581514271198179777e+01
1.675175514190159021e+01
1.779706275149920103e+01
1.912202692202998122e+01
1.992393434465156332e+01
2.028387468213464473e+01
2.059813789991508770e+01
2.031216755357831616e+01
1.945803698339849319e+01
1.956875553056940831e+01
1.930536709907714865e+01
1.891637290739739541e+01
1.866249518110413064e+01
1.950101727612404900e+01
1.996540237362703962e+01
1.959649569425974747e+01
1.899103315939332504e+01
1.825303908676560738e+01
1.768624477815188811e+01
1.700290429915751389e+01
1.716455632184294444e+01
1.695574543378614507e+01
1.672044965435419783e+01
1.659781600478403973e+01
1.723525103099299827e+01
1.808696912061211037e+01
1.950999092225957909e+01
2.190347733283438814e+01
2.444067679636174972e+01
2.615282253266216017e+01
2.678072078316838400e+01
2.648161148530556375e+01
2.493577964726894791e+01
2.451936815461393948e+01
2.481060774546999070e+01
2.482812128405779006e+01
2.500873320963121671e+01
2.586402947379246342e+01
2.468465346244138203e+01
2.329323621634879871e+01
2.210220520631357033e+01
2.018766077102134204e+01
1.917497815891492152e+01
1.862712461901560346e+01
1.749828977333513791e+01
1.702096081854358189e+01
1.660158892496614058e+01
1.672007505980233333e+01
1.751894091365642581e+01
1.837054146953864375e+01
1.978211682519558678e+01
2.227330847563448657e+01
2.469591338557988891e+01
2.634813359911793640e+01
2.687700521164816791e+01
2.659127768573253547e+01
2.535701893674960417e+01
2.511180233928461902e+01
2.502299757130012736e+01
2.518532696446170149e+01
2.512009718702876881e+01
2.536212482575316685e+01
2.457986276049413021e+01
2.310312385776652278e+01
2.125619126933473879e+01
1.979084489975259586e+01
1.861786307009230867e+01
1.780738228525744660e+01
1.670151384643351733e+01
1.608338994816890022e+01
1.576996460267167421e+01
1.588397455332298946e+01
1.668145572496700169e+01
1.772838748511132323e+01
1.939035945919873427e+01
2.153916326831030048e+01
2.373058393591151471e+01
2.523177733486426888e+01
2.574776564099762055e+01
2.539485829133564465e+01
2.412680686184286571e+01
2.382026624333803611e+01
2.363536807837784437e+01
2.355103134619844951e+01
2.368400958354771291e+01
2.410734393098326223e+01
2.341350465942669246e+01
2.213202028243907904e+01
2.058708243295405182e+01
1.913513722071591516e+01
1.810846350246796987e+01
1.716106592294498512e+01
1.614429239807975947e+01
1.558438847444163500e+01
1.517722548241994218e+01
1.531929958803271319e+01
1.611692038751307976e+01
1.721739314871413740e+01
1.888545250561817568e+01
2.102151457869252837e+01
2.342941966601921777e+01
2.509715032523441280e+01
2.544491984669057416e+01
2.508433737067033320e+01
2.394303157292944206e+01
2.347797144520723478e+01
2.312263743735277544e+01
2.286573213702572716e+01
2.276582304539913792e+01
2.327106165361791312e+01
2.331898631959029800e+01
2.209079823837206291e+01
2.044258199228793060e+01
1.889439398132950387e+01
1.758908845798162446e+01
1.646914400886509355e+01
1.528900278638065302e+01
1.469330623849448259e+01
1.450280645359439724e+01
1.455331296452890477e+01
1.537258444886428066e+01
1.642313444289597868e+01
1.774282824197395669e+01
1.990542277319288189e+01
2.178914242205756580e+01
2.303765018835845169e+01
2.337559674457386905e+01
2.295172116777706606e+01
2.163611292203241732e+01
2.143101840700728999e+01
2.134272927107776141e+01
2.121266995895456020e+01
2.111223309660584135e+01
2.196345885064292958e+01
2.234206088338556384e+01
2.133361170283555452e+01
1.997025362814687099e+01
1.863446045718119137e+01
1.742654230840771135e+01
1.620506943260297561e+01
1.513591616956531460e+01
1.463573621077942555e+01
1.431685878836111492e+01
1.428690183960678084e+01
1.516561066693448190e+01
1.608411914964452905e+01
1.724808223455458744e+01
1.875916310837245859e+01
1.975334451154992976e+01
2.009005303652523011e+01
1.981148449251294963e+01
1.951542325920468102e+01
1.849393133160495850e+01
1.825444097737210924e+01
1.775229701488787271e+01
1.754064870443061253e+01
1.741342419937265262e+01
1.801927187511588357e+01
1.884240345912968806e+01
1.856228645922223919e+01
1.801937918016728801e+01
1.732462525573036416e+01
1.655479024755663175e+01
1.571592067464047560e+01
1.490849086443193983e+01
1.439627246258777227e+01
1.403552343639577416e+01
1.433740233039949352e+01
1.522583050844696650e+01
1.635028913388809357e+01
1.790794237909862119e+01
2.071790155633049579e+01
2.346465340477350381e+01
2.527038063518646638e+01
2.550708444565350064e+01
2.484150526484634369e+01
2.337114520199585499e+01
2.323764887685388558e+01
2.330356269950070569e+01
2.316502001774602348e+01
2.301627823024418618e+01
2.390276469064279041e+01
2.362801354693802480e+01
2.207712613648578781e+01
2.064674070450621812e+01
1.902924402900030287e+01
1.773166026340230417e+01
1.646755053304879723e+01
1.534006980060907743e+01
1.470098819734370998e+01
1.437740035135999150e+01
1.454573809407698093e+01
1.546301490288941238e+01
1.654232435680015456e+01
1.819362212609851781e+01
2.081640282439017753e+01
2.347040522054361844e+01
2.509044927772682243e+01
2.544407623506484484e+01
2.493568639925135599e+01
2.371417243068830061e+01
2.347224025546402970e+01
2.360925449977832002e+01
2.349258458356669266e+01
2.342017207701650250e+01
2.403505276102946198e+01
2.400351640396467445e+01
2.290273648373496940e+01
2.130002324210247622e+01
1.966223183378731676e+01
1.838450966851845791e+01
1.711820827527743916e+01
1.605156303442187848e+01
1.535175679954584638e+01
1.492575865429511595e+01
1.513195688933273964e+01
1.600545583972389707e+01
1.710374291121259560e+01
1.859054116799645584e+01
2.100218357181487860e+01
2.361761374395492652e+01
2.522105301834891833e+01
2.559087942004704175e+01
2.504345396185068040e+01
2.388803034839857631e+01
2.354563963305816543e+01
2.349113464767723158e+01
2.338702758973749596e+01
2.324051384924594998e+01
2.380017090745666408e+01
2.381561950135732886e+01
2.254711624403786630e+01
2.090962827228733190e+01
1.916362880549467107e+01
1.767282289031678388e+01
1.647869796432480527e+01
1.548435637343501092e+01
1.483589518632162907e+01
1.447512681642404786e+01
1.462856253309886156e+01
1.550749774606085296e+01
1.664513397727518296e+01
1.828271675409957098e+01
2.065769932921890017e+01
2.304725925838306821e+01
2.463664440259244870e+01
2.457245261927050706e+01
2.417683269821147363e+01
2.290386075331705484e+01
2.251025115087059092e+01
2.244160515631481800e+01
2.229998123272112664e+01
2.196025444114901148e+01
2.274642071487243200e+01
2.299090071249071698e+01
2.201265774692337374e+01
2.060531278461509430e+01
1.905341524297556433e+01
1.769395595512990127e+01
1.656441745001498234e+01
1.539183991985885669e+01
1.457793760140341099e+01
1.424084717440431369e+01
1.431707435827126851e+01
1.522070569075564350e+01
1.634756416116321986e+01
1.798486831663790042e+01
2.050258256138652868e+01
2.283738307217782904e+01
2.439717062842167294e+01
2.508579969162394718e+01
2.458098581028918872e+01
2.337887213920951979e+01
2.314706629810164173e+01
2.290121700328746002e+01
2.273890924163057292e+01
2.259766508413244068e+01
2.315884587695671470e+01
2.343493902338424206e+01
2.235166551659060374e+01
2.088449732764278721e+01
1.926396806555998609e+01
1.795099360821749457e+01
1.672693711220224699e+01
1.552702056043619194e+01
1.483138718781902021e+01
1.449088310118222545e+01
1.464001795083887636e+01
1.544912739566063209e+01
1.669340245194393546e+01
1.807028926072163344e+01
2.001918259821995250e+01
2.167196215716290908e+01
2.292454475907919331e+01
2.363405793511142861e+01
2.339783147456668289e+01
2.202731177289487974e+01
2.178603285506029152e+01
2.160108568364219295e+01
2.144731532320628276e+01
2.110855793190245677e+01
2.177665039423823501e+01
2.240293654475550156e+01
2.173656726547537232e+01
2.077412297174252132e+01
1.936192350180683874e+01
1.815893627640837948e+01
1.702007509111644268e+01
1.587714396514166992e+01
1.516812474281881506e+01
1.487418059961937544e+01
1.498662280327937246e+01
1.571197237835277427e+01
1.657051477315684096e+01
1.769173462797724738e+01
1.924337370909215394e+01
2.031512824954251784e+01
2.063252441264638648e+01
2.053218987596495282e+01
2.013218959182723111e+01
1.902499919518709959e+01
1.906923973953138685e+01
1.859228882849665609e+01
1.814341339167157585e+01
1.786030024280979589e+01
1.819657030412751908e+01
1.878294718033572508e+01
1.869849745547799102e+01
1.800311399062316653e+01
1.716102871108256167e+01
1.627598376897713806e+01
1.522664139980677156e+01
1.450229592814711488e+01
1.394862957187773311e+01
1.360527612579637413e+01
1.367062793653021480e+01
1.451514014941649222e+01
1.551553771814551297e+01
1.710114990873410790e+01
1.980703294604237286e+01
2.255729714275410203e+01
2.414295385252527737e+01
2.443209759459393737e+01
2.394850706638411353e+01
2.260046646891439437e+01
2.221853306273221662e+01
2.218277474973250563e+01
2.187757611824130777e+01
2.170262687017678971e+01
2.231647020498941458e+01
2.248617411411735389e+01
2.143855918370096347e+01
2.012601722491770317e+01
1.846474609226468999e+01
1.712840218192081210e+01
1.577443020393359774e+01
1.475696796086472951e+01
1.411104000424040095e+01
1.363155293955949432e+01
1.362665255268446352e+01
1.446671171199495731e+01
1.541555251332110998e+01
1.692754215919656247e+01
1.877615254847229309e+01
1.998064543104383617e+01
2.035282029481707866e+01
1.971134064845629297e+01
1.888701840607818738e+01
1.782840472304547319e+01
1.740534758933119974e+01
1.692128925506829873e+01
1.658483006956282679e+01
1.639919767214360036e+01
1.726431394649402762e+01
1.812119889853036980e+01
1.801470177241861492e+01
1.750902986659942684e+01
1.660389701342117874e+01
1.559611293052146230e+01
1.452082343471982462e+01
1.350281525876520838e+01
1.284567350139024278e+01
1.247541974255963559e+01
1.264393941337625726e+01
1.340503930577699521e+01
1.441513308362481816e+01
1.595956547395760694e+01
1.883313325046677278e+01
2.155092917515180417e+01
2.354202682887929043e+01
2.418138392668950232e+01
2.364691918553347350e+01
2.208036754785059230e+01
2.171226881574160217e+01
2.158545176396937393e+01
2.165249095356140074e+01
2.158970579750846852e+01
2.219610258263864466e+01
2.225768939876244801e+01
2.097696418927000650e+01
1.961737051464849557e+01
1.793847720650347455e+01
1.649688586088185360e+01
1.505989577773389776e+01
1.392897733519705739e+01
1.319342833796251391e+01
1.274625958755455990e+01
1.273404680164815517e+01
1.356598870229850640e+01
1.463075891398201556e+01
1.637798355346109247e+01
1.915254293801037377e+01
2.174547385303221958e+01
2.362710263254455612e+01
2.426420407455753292e+01
2.410957274086828406e+01
2.275183092564067167e+01
2.202796140377331469e+01
2.211060980757716266e+01
2.198599349041567308e+01
2.178513068179973189e+01
2.231437844753283173e+01
2.225683241231346443e+01
2.104415568902894407e+01
1.987461240244093474e+01
1.816676040315667962e+01
1.673965506392087477e+01
1.532112439159969952e+01
1.415408848270083553e+01
1.329654752781275739e+01
1.289445968307129142e+01
1.313544245864179416e+01
1.398835170750343870e+01
1.510771661232616303e+01
1.685348272942490411e+01
1.968786032109728268e+01
2.230289068551238785e+01
2.404291887139800821e+01
2.471888798971814794e+01
2.440442863364692272e+01
2.315587811994421230e+01
2.272515998550473881e+01
2.245812702844211373e+01
2.235872457038914618e+01
2.203167020901484108e+01
2.257010470367828603e+01
2.264570223891153233e+01
2.147086549568728486e+01
2.019937498391276876e+01
1.863238073824340191e+01
1.716446488525830105e+01
1.569176150191930752e+01
1.444986109761740067e+01
1.370476360788769377e+01
1.325748241000205851e+01
1.333140321897239211e+01
1.422345394415302700e+01
1.522122280189581112e+01
1.673249063644882639e+01
1.901406194012400519e+01
2.112138714683081275e+01
2.286583196743665880e+01
2.368194576581061028e+01
2.357684596886531025e+01
2.209756085641582857e+01
2.174648115451854480e+01
2.137848351682965387e+01
2.115789608133115607e+01
2.103204997405536858e+01
2.155348397932674231e+01
2.195737779994000505e+01
2.087229030628146731e+01
1.962243856003975040e+01
1.797995213479023491e+01
1.651846235788739392e+01
