1.581604934206382040e+01
1.610590329841470592e+01
1.644432536433277647e+01
1.765547788046053057e+01
1.956050149576235242e+01
2.184093163176019914e+01
2.355550792829456697e+01
2.441332625019764535e+01
2.448087246296168829e+01
2.424277390358054873e+01
2.419901313394439413e+01
2.424162790150592528e+01
2.427056044886448660e+01
2.377208237919519718e+01
2.348872410776763786e+01
2.359205283002986064e+01
2.270892465473787425e+01
2.198665187020150569e+01
2.185275427339573895e+01
2.158054416759778604e+01
2.054935474891016867e+01
1.972390706147663053e+01
1.877191044933835684e+01
1.791382778782872620e+01
1.709634331730377710e+01
1.715948512965794137e+01
1.737296950890514680e+01
1.837773084354410358e+01
1.974457289611233435e+01
2.145011502120578939e+01
2.295791288970643151e+01
2.374355875893968104e+01
2.401390556638075324e+01
2.329637161602673956e+01
2.341621997999084570e+01
2.348798293343666899e+01
2.327278641080423682e+01
2.319139900815487820e+01
2.314320460303660099e+01
2.324481101065648403e+01
2.289058902309917443e+01
2.273754630239691110e+01
2.263664928697443912e+01
2.246917022460463897e+01
2.219135688226815617e+01
2.139068155153274731e+01
2.039694586881336491e+01
1.929822613844688917e+01
1.891146975508734585e+01
1.904683568206849387e+01
1.876226002522595238e+01
1.918200015641127365e+01
2.011109164251826797e+01
2.088030890494085767e+01
2.115603274715986970e+01
2.118085727272616481e+01
2.090127114164125999e+01
2.057737575454614287e+01
2.092118579905558562e+01
2.070029278312902932e+01
2.038834894571830958e+01
1.982068050436644313e+01
2.002468494760101692e+01
2.110136380200549766e+01
2.124229241195435947e+01
2.175175254227240274e+01
2.143440863355721149e+01
2.105727248554824982e+01
2.046870600067600776e+01
1.975224783558226704e+01
1.901459709666332998e+01
1.847371767177907387e+01
1.804371925360453943e+01
1.795494757353526438e+01
1.781679268951054951e+01
1.845446442708185231e+01
2.014801581973710398e+01
2.218297462686934196e+01
2.386893316612669480e+01
2.460762489854420565e+01
2.459960269781739584e+01
2.413513527226418631e+01
2.408584116446056811e+01
2.408657268702408771e+01
2.360008976537619318e+01
2.340531707674907835e+01
2.336787580703037648e+01
2.381380221331475866e+01
2.295696657277459352e+01
2.205457893207578479e+01
2.206927896584979010e+01
2.150162457939390137e+01
2.069746686973809346e+01
1.948206295748970973e+01
1.872913958425817782e+01
1.815286177033643611e+01
1.778046767608430301e+01
1.802715741072480427e+01
1.811615826862948353e+01
1.890826909383694598e+01
2.075200097741119976e+01
2.292074881174266565e+01
2.475190658836409696e+01
2.522350960923554553e+01
2.504272940380990065e+01
2.406601775754801054e+01
2.432974818396655436e+01
2.444540835399137180e+01
2.419915462778749671e+01
2.404322505349749406e+01
2.402189166809893806e+01
2.400517366121683338e+01
2.286735436648836739e+01
2.241072964584416027e+01
2.212051480461196107e+01
2.205149202951232112e+01
2.149724500994718213e+01
2.022637831729893065e+01
1.940146145001330069e+01
1.869271540170603885e+01
1.834990960090138046e+01
1.850213238776407110e+01
1.833439578800929226e+01
1.912594399291056746e+01
2.090811861224266011e+01
2.307253144938382405e+01
2.499383105495889623e+01
2.583185990647069374e+01
2.555349286469501635e+01
2.500099139225905986e+01
2.527131436395940511e+01
2.540026871579148349e+01
2.554870057948092210e+01
2.474372121661713564e+01
2.450408991910803280e+01
2.511345795320002949e+01
2.423693996733482692e+01
2.350572572966160934e+01
2.278375115121933092e+01
2.245443350233227164e+01
2.169545874832128618e+01
2.030718424994151405e+01
1.957448695512190895e+01
1.883778486582736278e+01
1.843983939326949084e+01
1.866765516380835521e+01
1.856857672187319253e+01
1.922575779595709022e+01
2.095427421297076975e+01
2.317575086709137366e+01
2.458169607959447234e+01
2.525977400800255168e+01
2.520288530294042317e+01
2.459127130993922350e+01
2.465822807332045841e+01
2.465987866108627458e+01
2.421360359481662172e+01
2.398175069620229394e+01
2.397423211856738945e+01
2.459201552827273218e+01
2.347450596536857503e+01
2.281669997555503215e+01
2.271087445535288296e+01
2.247856676956828181e+01
2.173354876736513930e+01
2.042746004282531658e+01
1.956807344550580297e+01
1.895222194456004772e+01
1.863927636229234253e+01
1.874036919782894728e+01
1.881992242310505148e+01
1.955369321089193946e+01
2.132875897569605073e+01
2.358241258557533371e+01
2.511804208647608050e+01
2.603248233982289506e+01
2.606950694979575545e+01
2.591583926256020121e+01
2.584475091158097015e+01
2.577931756166620048e+01
2.504906168252932730e+01
2.409701785854186440e+01
2.394089104093706055e+01
2.394680989794083814e+01
2.283836793762006323e+01
2.178996739388899329e+01
2.140849079737085958e+01
2.093203509525816131e+01
1.987572044364479851e+01
1.870947521416642090e+01
1.811829367557304948e+01
1.766868495803039352e+01
1.736573387004959201e+01
1.751130747259884402e+01
1.763680215003083873e+01
1.852158624282758126e+01
2.000151669020307921e+01
2.157708746070439076e+01
2.295736293320874566e+01
2.361452883414731829e+01
2.314236267412954717e+01
2.249980528663966695e+01
2.242914372247212995e+01
2.194401535142593929e+01
2.110753659461171594e+01
2.032346952184660438e+01
2.077889588896386286e+01
2.170087138823768314e+01
2.144191392839376320e+01
2.125518743572478542e+01
2.077769689075490689e+01
2.023555927587500491e+01
1.914743840503575001e+01
1.800506418225393901e+01
1.746523344994761118e+01
1.697563799679972263e+01
1.682528022063376127e+01
1.696304654986851546e+01
1.703867097717687429e+01
1.772326909744733925e+01
1.899415575417740953e+01
2.022570483907873395e+01
2.075958694658027781e+01
2.039263720861119467e+01
1.964841428472110607e+01
1.905095251152589952e+01
1.920289857642297804e+01
1.868998577502139469e+01
1.778862109264672497e+01
1.737210855324217107e+01
1.777546974654689294e+01
1.873359224076438068e+01
1.955787651292187235e+01
1.985390533258921764e+01
1.996954986643391194e+01
1.981923659253364889e+01
1.905369231547240716e+01
1.784579506759319045e+01
1.723566422539499499e+01
1.667572173884468256e+01
1.640948228052211633e+01
1.660961906403958821e+01
1.685990408612424218e+01
1.776888732669421955e+01
1.992353211389623624e+01
2.252275523048647088e+01
2.454650650653827171e+01
2.531918435495822806e+01
2.470547900103543526e+01
2.394867338902846399e+01
2.379955116608877930e+01
2.343272322326771473e+01
2.267964816776222037e+01
2.204628948902918495e+01
2.208809975068723119e+01
2.254481019902344485e+01
2.148532953781652921e+01
2.077128082238564133e+01
2.052920378155107883e+01
1.980143923025771358e+01
1.847618399699663883e+01
1.729739979192984123e+01
1.661362709529378634e+01
1.633618068347230690e+01
1.608324277654220680e+01
1.637948806053957540e+01
1.664546908759722399e+01
1.770394191103215675e+01
1.981026313539992856e+01
2.250536375583124737e+01
2.438671301744450659e+01
2.520493248107670681e+01
2.459828760942318837e+01
2.375274656709012433e+01
2.348841252300008975e+01
2.303508418425409943e+01
2.250883037163202260e+01
2.205847835343324093e+01
2.220567444524032652e+01
2.261352088956099138e+01
2.176014190910195722e+01
2.140776902307136709e+01
2.097668256543772358e+01
2.061964427221063545e+01
1.941815394857395916e+01
1.839803008471536572e+01
1.696603025955506183e+01
1.647228193435880428e+01
1.624331981476837328e+01
1.683199743217998545e+01
1.690510236156025314e+01
1.748808013378040016e+01
1.977888643779299471e+01
2.237176959772302354e+01
2.440405800118459467e+01
2.549443509557119114e+01
2.512779891789957176e+01
2.405626869601909235e+01
2.349616064813764638e+01
2.305724931428587254e+01
2.246946565242403793e+01
2.194669047484886804e+01
2.209151394105563426e+01
2.248605592277658971e+01
2.181841067803841838e+01
2.151936257898424643e+01
2.125129896153389453e+01
2.086289386124898115e+01
1.978694170630022242e+01
1.807078691854444585e+01
1.738667331592943199e+01
1.671998880708202861e+01
1.647072398071500388e+01
1.662115206903298770e+01
1.694904034410555127e+01
1.824832552005252140e+01
2.021096759953260502e+01
2.248476993348337061e+01
2.454964225210507323e+01
2.507986496155412226e+01
2.464448593477024474e+01
2.355097267733358990e+01
2.303052616188816515e+01
2.235869961869031286e+01
2.157119809404212063e+01
2.126114079981849514e+01
2.142052885072403257e+01
2.202166026870278870e+01
2.129110929815582764e+01
2.072179353011340908e+01
2.016535858752477850e+01
1.988993682954727404e+01
1.899982746631697239e+01
1.738815685872246064e+01
1.671147838888800763e+01
1.622622549633713973e+01
1.627639387125001491e+01
1.654771233300753863e+01
1.684584899536517000e+01
1.816953761207573592e+01
2.014490793003368552e+01
2.271586348112516163e+01
2.458900310461369187e+01
2.515357584763611953e+01
2.439993756569857553e+01
2.338454707020800782e+01
2.318158756153067657e+01
2.265912931302525024e+01
2.179880020875817692e+01
2.137936075176718731e+01
2.156300629343641972e+01
2.175685556296163981e+01
2.130432225163245974e+01
2.110465909334580914e+01
2.072581463994057671e+01
1.969049577131751860e+01
1.885879140076523441e+01
1.736289839365531407e+01
1.669477346862447931e+01
1.625605756230933352e+01
1.598585080175914008e+01
1.643358750369438681e+01
1.670621131403150272e+01
1.790821646191584904e+01
1.953002763190316315e+01
2.146418597410889362e+01
2.311993810993294218e+01
2.376367210549771869e+01
2.342614465952210168e+01
2.276602850240142217e+01
2.250896821170910300e+01
2.202880982843483082e+01
2.125280404043284577e+01
2.063011412475180606e+01
2.095571881784988477e+01
2.153773325737921951e+01
2.133426025305083229e+01
2.097347891733960523e+01
2.034580516631445235e+01
2.023275047648237290e+01
1.923384871652590533e+01
1.787074179986747779e+01
1.692790774490754657e+01
1.618775842811573540e+01
1.603191243251519538e+01
1.639049840184870277e+01
1.665284282479957056e+01
1.748506533624012249e+01
1.884788140621395414e+01
2.030430092084436922e+01
2.058681663240169968e+01
2.082588727542102447e+01
2.056265845075818532e+01
1.971952774548540077e+01
1.966242519695333257e+01
1.930538989354248613e+01
1.880404365841203784e+01
1.829895120073325998e+01
1.855463651379873014e+01
1.917442333567536394e+01
1.939770760419692053e+01
1.981328830242642525e+01
1.918527663815014961e+01
2.016757445668438820e+01
1.968772455509886754e+01
1.828472586735307459e+01
1.721561736223295824e+01
1.647219811965434033e+01
1.624835008816781112e+01
1.650104087749324222e+01
1.692621853771911589e+01
1.816835130657707609e+01
2.062606285433924214e+01
2.353941854461051975e+01
2.569744704546653580e+01
2.634453996431810197e+01
2.619434322143061067e+01
2.524501922535913678e+01
2.501950567369084766e+01
2.476434639142777527e+01
2.446923924179446885e+01
2.362408699232974740e+01
2.390280467104875939e+01
2.349574326823086068e+01
2.189646778557717610e+01
2.106107235661523092e+01
2.123343735951509004e+01
2.075094125730597128e+01
1.993734972706111108e+01
1.849497108033716586e+01
1.732293567366001596e+01
1.656492725539872879e+01
1.630283220517461373e+01
1.668126955976579140e+01
1.707504587697595611e+01
1.834080533019982084e+01
2.044702099082934765e+01
2.316460826145464580e+01
2.493473576324586816e+01
2.559977686456337764e+01
2.551361430605974689e+01
2.452752995294296312e+01
2.388682611207290307e+01
2.330411121490410764e+01
2.270250632160071547e+01
2.230055530156602828e+01
2.237513523872402388e+01
2.240979018494661190e+01
2.144333608463621133e+01
2.085869160035545988e+01
2.082686251418695633e+01
1.994539492095031008e+01
1.874929738535519874e+01
1.743312280730395258e+01
1.652464903448870359e+01
1.594880546660257536e+01
1.576015275358459355e+01
1.609692079596318948e+01
1.650038460390912931e+01
1.755793701459520761e+01
1.968757793328857275e+01
2.223626975064182432e+01
2.383760029585531726e+01
2.424555473589287047e+01
2.393261142564258748e+01
2.300462349057074007e+01
2.268012224867080562e+01
2.192203006117388497e+01
2.096959076066614003e+01
2.033439432245711487e+01
2.057981017875547991e+01
2.089552849158847891e+01
2.041303294492654530e+01
1.989381709044798541e+01
1.976418023527408963e+01
1.916478629876400319e+01
1.808295961991697709e+01
1.669518393950349022e+01
1.577092787350429326e+01
1.523392099032171032e+01
1.515111112280598960e+01
1.554356490531960588e+01
1.603876390889227466e+01
1.737244977076632324e+01
1.981649351521569713e+01
2.267510493354973633e+01
2.469066192941138738e+01
2.556332631391968846e+01
2.533409869542756709e+01
2.441167107423383698e+01
2.403746302848140104e+01
2.365836435426981055e+01
2.319683210335347212e+01
2.284229060666776689e+01
2.265845456783183920e+01
2.262383993860741072e+01
2.180277838135666002e+01
2.125975332476982871e+01
2.105319488636501646e+01
2.037335347684230413e+01
1.958118900721924049e+01
1.806667602431426189e+01
1.689782370001398704e+01
1.616623349687241529e+01
1.585611446746091602e+01
1.622956670490972186e+01
1.673981860096397511e+01
1.802545454454605789e+01
2.032961614418724849e+01
2.319621463376262582e+01
2.521815229850544426e+01
2.601259089210995157e+01
2.567734890009876736e+01
2.451361404496418928e+01
2.423272035368733412e+01
2.378115110221856199e+01
2.338917583992954619e+01
2.298789575376418881e+01
2.277376049412593773e+01
2.250266761017991968e+01
2.149392862314450880e+01
2.088140311746497346e+01
2.059883599414678557e+01
2.021140432810753396e+01
1.937807098645571102e+01
1.811302829948770210e+01
1.703216208085349237e+01
1.624441633733484025e+01
1.586033985486997544e+01
1.629218646436960682e+01
1.667369880805764382e+01
1.781660936112704618e+01
1.960697248442362195e+01
2.169448185587030054e+01
2.328812279137344632e+01
2.385241778117294942e+01
2.380827645607247689e+01
2.294080515220323235e+01
2.257159596154496484e+01
2.220428628677479566e+01
2.173270266323731192e+01
2.140300086108290856e+01
2.143649564288959652e+01
2.149879219631112193e+01
2.118080013683663410e+01
2.063709780173045871e+01
2.048511049239524340e+01
2.025734550580093796e+01
1.940950588247648767e+01
1.844850372651700710e+01
1.744278500273191668e+01
1.658576511947510568e+01
1.629888376734897548e+01
1.648797427878590938e+01
1.677624881301068172e+01
1.778293329032859305e+01
1.908904035692675549e+01
2.028626739536356283e+01
2.107525613686490118e+01
2.103378937201747334e+01
2.050546190785665601e+01
1.990455774104591313e+01
1.989732586134080705e+01
1.941145128543801235e+01
1.889593986220322464e+01
1.852439601789599877e+01
1.877452551218980759e+01
1.911551256465142856e+01
1.919638782547786704e+01
1.927354350853570608e+01
1.970728805152320007e+01
1.977888317528519124e+01
1.943011295069990751e+01
1.844803479972596350e+01
1.745997412037447560e+01
1.671866146025259070e+01
1.638150859439828722e+01
1.650731704520793031e+01
1.690372344338664590e+01
1.792219044026704111e+01
2.014321589454364414e+01
2.305674927777919692e+01
2.491142048264093489e+01
2.546712842137626254e+01
2.535728043761359274e+01
2.481804521267016383e+01
2.421883402513858385e+01
2.405169673645466588e+01
2.366461317136480957e+01
2.333974033000097492e+01
2.359305524721817093e+01
2.334386346331999462e+01
2.182242577459198074e+01
2.105523921097564966e+01
2.073602782579069626e+01
2.043441298001236461e+01
1.974578420267581436e+01
1.905064609388211494e+01
1.793522271292893322e+01
1.711610027964668035e+01
1.669654250670140172e+01
1.706575822853113067e+01
1.717829881781307577e+01
1.838711908360470915e+01
2.056267007323555163e+01
2.305907639633849016e+01
2.470911644574022858e+01
2.596822444186732426e+01
2.568625435150459069e+01
2.477123733771676228e+01
2.461573829545377379e+01
2.452595313622152062e+01
2.421439905552745131e+01
2.387777872350061870e+01
2.380952450030292766e+01
2.340161405414954388e+01
2.217982653121127967e+01
2.127573572423781556e+01
2.094822557156074083e+01
2.078756123007387657e+01
2.031542368046097380e+01
1.911284233786726006e+01
1.832443655311323383e+01
1.728958710639206231e+01
1.678908206138789083e+01
1.691882444095702098e+01
1.735928766035160109e+01
1.827021553243503504e+01
2.058671684985433359e+01
2.305004672612799510e+01
2.516347029901720944e+01
2.612213820857205704e+01
2.590111528940794727e+01
2.507014630858840931e+01
2.499574880969228730e+01
2.477783068500018260e+01
2.427971366880777282e+01
2.371965394763080681e+01
2.357684240783582652e+01
2.355519947445022666e+01
2.216596876484917189e+01
2.113980828873453177e+01
2.113416831663336026e+01
2.108204313412477759e+01
2.035955393935883961e+01
1.933275691397298957e+01
1.841130068807363784e+01
1.774748059708960568e+01
1.719127044059750276e+01
1.724565333774991061e+01
1.762784962957868373e+01
1.877915709100719255e+01
2.078815763694817420e+01
2.309373706339728827e+01
2.551065762390512859e+01
2.604707806509530954e+01
2.602187300944456538e+01
2.469723992035342874e+01
2.464034822933160029e+01
2.447604168554124726e+01
2.416392675388147993e+01
2.365208701099161459e+01
2.361174492761785970e+01
2.388653137489473366e+01
2.258956237744186168e+01
2.200082752367346117e+01
2.162550246398381404e+01
2.137083672460974881e+01
2.042078036780768358e+01
1.911421669458670891e+01
1.845057738605590458e+01
1.790809986636839213e+01
1.750443403822739086e+01
1.793568867487805107e+01
1.825133922917280316e+01
1.937173674478806262e+01
2.074562522603676840e+01
2.207098104794268778e+01
2.300829643984036821e+01
2.327542858096238021e+01
2.298831777699058065e+01
2.316577896030177897e+01
2.309573711579855626e+01
2.278657620284062801e+01
2.224647833411776077e+01
2.169553103171449493e+01
2.205016758508677555e+01
2.259858319518811953e+01
2.164758692490022796e+01
2.136893572706216915e+01
2.128636865642292619e+01
2.105457377372442807e+01
2.091288018468253185e+01
2.008103804966645711e+01
1.903145028403098138e+01
1.819935455780469624e+01
1.759794874357896077e+01
1.782529003140152923e+01
1.802179406728876643e+01
1.904491275087491076e+01
2.078855436366066201e+01
2.311476570870561176e+01
2.495203267100516342e+01
2.586002321981348118e+01
2.597387950791034328e+01
2.492996657001928540e+01
2.493770188601344628e+01
2.494959050077564910e+01
2.446964131769477646e+01
2.373650193343166848e+01
2.395646507899722621e+01
2.388991658981205646e+01
2.175559623097021955e+01
2.068647854113030604e+01
2.032136394288764336e+01
1.987292479989002913e+01
1.934137314118301987e+01
1.862986106266973607e+01
1.798733389260872784e+01
1.738822145789718832e+01
1.685002953172315188e+01
1.681984083150541665e+01
1.708013805382812222e+01
1.780104968929506271e+01
1.917003650502700651e+01
2.033655351812700829e+01
2.090783460065171795e+01
2.084441672989560601e+01
2.057031124027982827e+01
1.983117852682151394e+01
2.021068070270882089e+01
1.964653012515677233e+01
1.890910006631771267e+01
1.830173696446201603e+01
1.891499076868597484e+01
1.959311755320259252e+01
1.961620352823022984e+01
1.940069484991389359e+01
1.940954505902252336e+01
1.935567770982976654e+01
1.901903543536569074e+01
1.815911793851760336e+01
1.732094093109451194e+01
1.675853151022162280e+01
1.641784751724030755e+01
1.671229548065361925e+01
1.708137193617421801e+01
1.831176732241501526e+01
2.064564409187051552e+01
2.370719609635994374e+01
2.595115990660495697e+01
2.665940157660786269e+01
2.665142110192151748e+01
2.492122261135109795e+01
2.467331953647905962e+01
2.489221677121667753e+01
2.471609513016058557e+01
2.438988312285962934e+01
2.441783183351999043e+01
2.361937884111623021e+01
2.274816242015723589e+01
2.175513905672960746e+01
2.128485178206175021e+01
2.082654169367422625e+01
2.017061113002987582e+01
1.910809959399350433e+01
1.815312041706499713e+01
1.734288474819627979e+01
1.689617404254234501e+01
1.723489262862487692e+01
1.747557217661377038e+01
1.861189772651567864e+01
2.071268324362650759e+01
2.351187491738344448e+01
2.589954382761525054e+01
2.681742356680657480e+01
2.659703173364518136e+01
2.586838597034267906e+01
2.585813275764463270e+01
2.579662412174525699e+01
2.536180024390627707e+01
2.474409489056526468e+01
2.473163264781480208e+01
2.400279068207660771e+01
2.294463931050832173e+01
2.211437234457929790e+01
2.153583619795595894e+01
2.128230569291450180e+01
2.056474064897491871e+01
1.947191947679686663e+01
1.845853150776440543e+01
1.795355084430941872e+01
1.751093211508446856e+01
1.770712613830520255e+01
1.809659992733999800e+01
1.913046536409702725e+01
2.131400639614098935e+01
2.410591237384346996e+01
2.633047303006215145e+01
2.743719567403620374e+01
2.728646406402625857e+01
2.647158329461058557e+01
2.641329888826612660e+01
2.649449728062914389e+01
2.609116544433873131e+01
2.552822760746303388e+01
2.547608799109667999e+01
2.468468025663226229e+01
2.357214593088782451e+01
2.257284135354519350e+01
2.200091924585303360e+01
2.180099958460742826e+01
2.101971665673205081e+01
2.014568691112812715e+01
1.917613251981959621e+01
1.847801244947892840e+01
1.809472040741271925e+01
1.844198720144778747e+01
1.874283963841839906e+01
1.976244603206112771e+01
2.198446489249463909e+01
2.444431983641903017e+01
2.659368014524902435e+01
2.740732047246299885e+01
2.754477238524729543e+01
2.679230778951882996e+01
2.679822131032451082e+01
2.664214943883661491e+01
2.604687377944232551e+01
2.504279923099361227e+01
2.501473998500973650e+01
2.464322791501222554e+01
2.345160632408674317e+01
2.221975947402050977e+01
2.190539584631591197e+01
2.193283973168283651e+01
2.128366750019877074e+01
2.027287003990790026e+01
1.941269430271200491e+01
1.854288763023715347e+01
1.817371838065593792e+01
1.852190966761740754e+01
1.873936896972543664e+01
1.969879938408367437e+01
2.186988981965167511e+01
2.462997584613303204e+01
2.666596319160135664e+01
2.733232270267409802e+01
2.730424820361366045e+01
2.659720104684922859e+01
2.700828720103063674e+01
2.714385954489067743e+01
2.661654254012228193e+01
2.582518789329716569e+01
2.555952278924111454e+01
2.502720510065186232e+01
2.395832180329552585e+01
2.309663481502715499e+01
2.320147181353758725e+01
2.218975305055343483e+01
2.194646088985320986e+01
2.104482359867089158e+01
2.002727781863947598e+01
1.920865028539889607e+01
1.892127664656032948e+01
1.906176632645383506e+01
1.925366152911147566e+01
2.013284973695370539e+01
2.184472180658845275e+01
2.367467235833097661e+01
2.495057812003810227e+01
2.566748798746415616e+01
2.587887768794929855e+01
2.544752368327662495e+01
2.589360061847663630e+01
2.617200963811995962e+01
2.527067763834611469e+01
2.439537826921316821e+01
2.489401802113766493e+01
2.506706168560396009e+01
2.387839525501716054e+01
2.318316161764838412e+01
2.257331212359565953e+01
2.271783558975165462e+01
2.166857928992145688e+01
2.026912997369010228e+01
1.957652252166800011e+01
1.897852926701828835e+01
1.849938586127884932e+01
1.875934430922086449e+01
1.882953435194698599e+01
1.944775881365072223e+01
2.069198130357854382e+01
2.177682402531299743e+01
2.245392619687887148e+01
2.245364301043015232e+01
2.212194541877312659e+01
2.170776497006733763e+01
2.245078771338840440e+01
2.183500584682364831e+01
2.072723380546386807e+01
2.003131996129578951e+01
2.044015331331711849e+01
2.148318248645692208e+01
2.160038596479653705e+01
2.205006172681427401e+01
2.215250862438170643e+01
2.269466065741271876e+01
2.191427862480249544e+01
2.007127183375107649e+01
1.946317124667721643e+01
1.901548027269839380e+01
1.882118674062715513e+01
1.884287530142108480e+01
1.899185932649730546e+01
1.999699865412411981e+01
2.217216116294300932e+01
2.431222393052596331e+01
2.607377721561407213e+01
8.607107509384729127e+00
5.744627544144911724e+00
8.320765723531497571e+00
1.488860665373811010e+01
2.026079037938810856e+01
2.187489147026551706e+01
2.217564461235009432e+01
2.289828900741960638e+01
2.213493692028117721e+01
2.248021369227052801e+01
2.258772735653171537e+01
2.205494863827921037e+01
2.192508440948587634e+01
2.150457118281210356e+01
1.990647492792342632e+01
1.868725157280129068e+01
1.807000883370221800e+01
1.764581531139214476e+01
1.800793178924957161e+01
1.843311995104717127e+01
1.919339112694476412e+01
2.144114810273629246e+01
2.460179511994248358e+01
2.125327510892054406e+01
3.127002820794560378e+01
3.152872440138026988e+01
2.883327420756666726e+01
2.683300270058955661e+01
2.592077144116503362e+01
2.602907818592549205e+01
2.565973878260697916e+01
2.557309460530549217e+01
2.583781928517281301e+01
2.401614408615521512e+01
2.263284559453386180e+01
2.240778118950336406e+01
2.252225574915599893e+01
2.082947719002336129e+01
1.975121729524301628e+01
1.870141722552047625e+01
1.794582035790682184e+01
1.752445779549592331e+01
1.799091877186136657e+01
1.823835304122305345e+01
1.914911172570013420e+01
2.135642924810252907e+01
2.446670018963306603e+01
2.199548624115875484e+01
2.965704738431307419e+01
3.152743038168918233e+01
2.904932785058472078e+01
2.691604103206585563e+01
2.561963972971973647e+01
2.539165409794975048e+01
2.537578451350119835e+01
2.562598088009082176e+01
2.623490434112154901e+01
2.475079084846053235e+01
2.357231694100584818e+01
2.392218622622158719e+01
2.434619294628298647e+01
2.308449301413211430e+01
1.857175464481393945e+01
1.736079543181865148e+01
1.714020097469004256e+01
1.718047757081987115e+01
1.788944893575836659e+01
1.837027041429390906e+01
1.974586006277178996e+01
2.122734810055076338e+01
2.333343355042234890e+01
2.248272530955519599e+01
2.804656429406363216e+01
3.023697025508706915e+01
2.927504431334827473e+01
2.710576129048748228e+01
2.565993939548758362e+01
2.489837171131067350e+01
2.449653930480518582e+01
2.487389656447228603e+01
2.482641890835405718e+01
2.352239606532061345e+01
2.262589317086671414e+01
2.211755528456001230e+01
2.176719543670947488e+01
1.913032483446640697e+01
1.945061245058106181e+01
1.831688566882575131e+01
1.746052823929980136e+01
1.687361907102551584e+01
1.719551794387773924e+01
1.775771151686539184e+01
1.880847329051661276e+01
2.123251772189916764e+01
2.441753504601114599e+01
2.359567093035571617e+01
2.713161390983304955e+01
2.929253982205402806e+01
2.899615704413514550e+01
2.735983839522784322e+01
2.528239633960512123e+01
2.430573138986806470e+01
2.405334444182609133e+01
2.418448049043827197e+01
2.458874943190340190e+01
2.386496677089041540e+01
2.312637114775193226e+01
2.221108385065102908e+01
2.175010552793667529e+01
1.935272063557700761e+01
1.907231569352975598e+01
1.818102047243766606e+01
1.752376324670380470e+01
1.727723362481275871e+01
1.742889738623677331e+01
1.791268848083317167e+01
1.858915098696853008e+01
2.056395810267106583e+01
2.314801580593066177e+01
2.234862469436731658e+01
2.464866050067450232e+01
2.716114274849357102e+01
2.594759771751136057e+01
2.538924966616148282e+01
2.393207484573422406e+01
2.300168689054449445e+01
2.271535967809838397e+01
2.298406300824490600e+01
2.309524077589541591e+01
2.278534979358408563e+01
2.205154555202516775e+01
2.158723791516245427e+01
2.107882592550932088e+01
1.908410893396752428e+01
1.859745847057231316e+01
1.795328237116809689e+01
1.727434505074149129e+01
1.699750601188101129e+01
1.721676313004908465e+01
1.755018981710932380e+01
1.824019891996078613e+01
1.963758566679960538e+01
2.111734733175495293e+01
1.993152857715096005e+01
2.090224826198528518e+01
2.219382327929120535e+01
2.148941177791803270e+01
2.149681940613949749e+01
2.020434909018226222e+01
1.904424741203977334e+01
1.856503204155088227e+01
1.996407703547524903e+01
2.016448066314132603e+01
2.076335307565906874e+01
2.055308063483119341e+01
2.086456773918280305e+01
2.091431821314640160e+01
1.950802663657288605e+01
1.856394282345818780e+01
1.780282581076580684e+01
1.711299963070474206e+01
1.694937755079368458e+01
1.727585614897452260e+01
1.768744825634403384e+01
1.883926544655977153e+01
2.114952111586272565e+01
2.431115721148738729e+01
2.524657292773153117e+01
2.669756958031593541e+01
2.789424472318691528e+01
2.752482319319252468e+01
2.715910901950179834e+01
2.631829280313873909e+01
2.519038153414370385e+01
2.476837678682919375e+01
2.464778605021094648e+01
2.482176908313624253e+01
2.354002889684916511e+01
2.279790413062753984e+01
2.236479518986396187e+01
2.222431018894200960e+01
2.088125312978081993e+01
1.957442613553988053e+01
1.864878520062060474e+01
1.787883229358017445e+01
1.751966788337693970e+01
1.786959170776105665e+01
1.830100692796979445e+01
1.942206338701291557e+01
2.176905138318018729e+01
2.478049133592375597e+01
2.598390581541098854e+01
2.723907050466806723e+01
2.821328374512224713e+01
2.867516136990304432e+01
2.865419319449126334e+01
2.788808283519712461e+01
2.640082477608738643e+01
2.548697573258471394e+01
2.546665995322262788e+01
2.572306264755134819e+01
2.457492311745248514e+01
2.393526598164275754e+01
2.354187327323901968e+01
2.352664109669335701e+01
2.230838344194329537e+01
2.061410608448556658e+01
1.952673768140885358e+01
1.882759412600404403e+01
1.844835583797672740e+01
1.878633964851245608e+01
1.900070945213554907e+01
2.008570223940731125e+01
2.221906627343168594e+01
2.503397476114816556e+01
2.636476350804415958e+01
2.751737943188816615e+01
2.809103676444663122e+01
2.855810977862491740e+01
2.885462536131112543e+01
2.828764265467910377e+01
2.747072161880303653e+01
2.651487042652641435e+01
2.637644961455919557e+01
2.614020310070649344e+01
2.508619177552238000e+01
2.423656530291976452e+01
2.379768244223237872e+01
2.337321563219695264e+01
2.194078627019282024e+01
2.017412055136950144e+01
1.909687881238962248e+01
1.848356721606516828e+01
1.818507828756987266e+01
1.854919146863636570e+01
1.898608512657651204e+01
2.005969698671068357e+01
2.235092510987597336e+01
2.516071657014292740e+01
2.668825126817302618e+01
2.766927595025225273e+01
2.804143542330940519e+01
2.837905475558202895e+01
2.908823891033240017e+01
2.875664463493620104e+01
2.768812247021385886e+01
2.662130294023820554e+01
2.651110452107948845e+01
2.631838625345228522e+01
2.475841305524837921e+01
2.328747853944956958e+01
2.270938879503095720e+01
2.202055680059687859e+01
2.090006093631683370e+01
1.972132347683775677e+01
1.870827388114431855e+01
1.806567774761106193e+01
1.768620541927627698e+01
1.817001891658045665e+01
1.856399875568676094e+01
1.961080586836403583e+01
2.165193633430223485e+01
2.433236748432718244e+01
2.573664437402126381e+01
2.635466104162654233e+01
2.689014296402483950e+01
2.748718718132809613e+01
2.839751620552860700e+01
2.809072588457684816e+01
2.702078844994239049e+01
2.604723746367859505e+01
2.623135764246088897e+01
2.599031121268920330e+01
2.479396210212621199e+01
2.393044189013392398e+01
2.345577265642972620e+01
2.363065128550286076e+01
2.229321301282750767e+01
2.073441030995948253e+01
1.959857047217481707e+01
1.898210283542364607e+01
1.858363275162237827e+01
1.885806345298086129e+01
1.913044201783671738e+01
2.023157691535786995e+01
2.201707873263202231e+01
2.395402888752608561e+01
2.488550846483902035e+01
2.562481322672998374e+01
2.559013398532052008e+01
2.541047714584947670e+01
2.634779938889140638e+01
2.611820812285003157e+01
2.506915913713694977e+01
2.400744336127242207e+01
2.433503179120053517e+01
2.427755136076594056e+01
2.354626463598198072e+01
2.303821237627305152e+01
2.288120411794265863e+01
2.292470824949625197e+01
2.177559279526254699e+01
2.074861598193602319e+01
1.955678155925217254e+01
1.880775506026460775e+01
1.862247910154630048e+01
1.891361363858587197e+01
1.909910189202647501e+01
1.988686195711831672e+01
2.095626432947429763e+01
2.199064283464624125e+01
2.224354267360150317e+01
2.162236712948891082e+01
2.075927748364620129e+01
2.068576396546273699e+01
2.179536539497111036e+01
2.175684861354510247e+01
2.103282127004284519e+01
2.035337271044013008e+01
2.083896274753735511e+01
2.155176499408326052e+01
2.138159757056829591e+01
2.137186824557966958e+01
2.185852278141578608e+01
2.213770631699476965e+01
2.185247405708832602e+01
1.969194261591366768e+01
1.868598846168957905e+01
1.786430996097169199e+01
1.770554328146743828e+01
1.817796818685593507e+01
1.850854703024775816e+01
1.924207177482210795e+01
2.130801133776600409e+01
2.407152820812634531e+01
2.618620229191538584e+01
2.682543653069706124e+01
2.662922895250535404e+01
2.629248086208136925e+01
2.695567496144415998e+01
2.747882096835834531e+01
2.712120827168088510e+01
2.648696742146959338e+01
2.692928979179171023e+01
2.614387011351161405e+01
2.474224901917057196e+01
2.324441347934545377e+01
2.273207500052065200e+01
2.241099924281210320e+01
2.113477647038780205e+01
1.957379072106649076e+01
1.859872212872032904e+01
1.791491206514227130e+01
1.745560437355234740e+01
1.758298833294688279e+01
1.778384133345961260e+01
1.861866364431955034e+01
2.094176432022402778e+01
2.367576126205419840e+01
2.542053231784147016e+01
2.640136928040120168e+01
2.639852633502581014e+01
2.588162031903202731e+01
2.667670642822966798e+01
2.683336369647258479e+01
2.634752403368451823e+01
2.563512972755709285e+01
2.589131458541081088e+01
2.525377691516009904e+01
2.410689111940298446e+01
2.326899132959037431e+01
2.271940043151348476e+01
2.253300171377976824e+01
2.166141829129318097e+01
1.988968197777986191e+01
1.868630786481854500e+01
1.780925964927173411e+01
1.739919426890353904e+01
1.788637402081875294e+01
1.804193273727534219e+01
1.908192513169019833e+01
2.132426091514120614e+01
2.405929669575822416e+01
2.608189013989521143e+01
2.724481323306319425e+01
2.691288646126272965e+01
2.665747993582963460e+01
2.718692281922941945e+01
2.736045252620004575e+01
2.687384415831968454e+01
2.611894507534116983e+01
2.622500723102070452e+01
2.552950746230992607e+01
2.431563966605579452e+01
2.339641384420966119e+01
2.287368199962477178e+01
2.250794155966144672e+01
2.168843565238188731e+01
2.005172055896210637e+01
1.874684459981821405e+01
1.785923924591573808e+01
1.746498909967429114e+01
1.779495461376390253e+01
1.802842656361184126e+01
1.927777694460038660e+01
2.142541694101311123e+01
2.444973492013233596e+01
2.651166481247588180e+01
2.717723782086535422e+01
2.703434595166787346e+01
2.636564098115907839e+01
2.704613009097706211e+01
2.717010457601625717e+01
2.661278786337512159e+01
2.592109777404767357e+01
2.619370198192326527e+01
2.575099794331885406e+01
2.461496664113386501e+01
2.358352861636326381e+01
2.303140754018039971e+01
2.301322535611202014e+01
2.221072568089013899e+01
2.051480967511194820e+01
1.919953899913211259e+01
1.819152892346295047e+01
1.780545584649188129e+01
1.787438361885920912e+01
1.812074497876391632e+01
1.912996955308646108e+01
2.134545334931491922e+01
2.394798594976255757e+01
2.570731442230685815e+01
2.622427760998248658e+01
2.601161421126938222e+01
2.541801596285718290e+01
2.598115226489008123e+01
2.619019141708637477e+01
2.565228828680875850e+01
2.509988914824544537e+01
2.547937158355582099e+01
2.517210437551833735e+01
2.425485818300251850e+01
2.311155571045755508e+01
2.238531441828915192e+01
2.201306388782290924e+01
2.103259466952622248e+01
1.970866546984318290e+01
1.850195202911965708e+01
1.758847136188235893e+01
1.714427022002106327e+01
1.761316361860867374e+01
1.773661804831354871e+01
1.897952415083715749e+01
2.055602141506818725e+01
2.296571644875519169e+01
2.469233587878581204e+01
2.514648018684087205e+01
2.499372566358347569e+01
2.429777813703267597e+01
2.476137556852032517e+01
2.493307388216206633e+01
2.472945576538575452e+01
2.437765930945526449e+01
2.478359768103245386e+01
2.454866157221128020e+01
2.369609514556521290e+01
2.273121729193330154e+01
2.202407809189971388e+01
2.145823738933551184e+01
2.032826818632614163e+01
1.887501250586974777e+01
1.769879546112339241e+01
1.656301874610412739e+01
1.623680653376978356e+01
1.729303416242346714e+01
1.761087545722861236e+01
1.833271236676977622e+01
1.975163288195306421e+01
2.085550256081829446e+01
2.172445516800176435e+01
2.117513577387331125e+01
2.075620242310448305e+01
2.023064265979013499e+01
2.086257948093162184e+01
2.079283135305729857e+01
2.036341490999915038e+01
1.967775404025826091e+01
2.026959720967125378e+01
2.065628730074974584e+01
2.054953877765081316e+01
2.056248621954507172e+01
2.064424059204097261e+01
2.070141941249902473e+01
1.981732256884404109e+01
1.853690404251288726e+01
1.733911721562641972e+01
1.657096605845412540e+01
1.650424392929887318e+01
1.672388044861532563e+01
1.728814080117268048e+01
1.856731979375782515e+01
2.065998304451774104e+01
2.405695341123306719e+01
2.640242559123754518e+01
2.753091137351326978e+01
2.709508871675056341e+01
2.635005934898877200e+01
2.646124674389033515e+01
2.697884796359804938e+01
2.682388251068138274e+01
2.630850304589813859e+01
2.671106104549190974e+01
2.621299773167454461e+01
2.519985032226282229e+01
2.377189851395858966e+01
2.314473116794239616e+01
2.282459815662094371e+01
2.160545477188744101e+01
1.997009780075170582e+01
1.850592789077954947e+01
1.759815040239038098e+01
1.738266107026268159e+01
1.759335142924689777e+01
1.812091704769668965e+01
1.932903566623649994e+01
2.136764885327368901e+01
2.434261829102847230e+01
2.653871793722950656e+01
2.737618713069851495e+01
2.712532330795186652e+01
2.652787572660945159e+01
2.664831643373835846e+01
2.698241795033660395e+01
2.672290781044413066e+01
2.608558607947108143e+01
2.669365950540437993e+01
2.627127288776291891e+01
2.514879654653508112e+01
2.412787132296328707e+01
2.280426817143012741e+01
2.224011148862713938e+01
2.107233987842829137e+01
1.992976170466223707e+01
1.864239954885329453e+01
1.779081289045620906e+01
1.735373116110714165e+01
1.762147975734917793e+01
1.804178620976898273e+01
1.926849393862815418e+01
2.151016165814093384e+01
2.439382721798711628e+01
2.644032721528980900e+01
2.736923580387976784e+01
2.699775610766849709e+01
2.639609759354875607e+01
2.647979424451648356e+01
2.662607253689743558e+01
2.635489362356137377e+01
2.596787141198555915e+01
2.638483907745482426e+01
2.586270513646794100e+01
2.476879610816666144e+01
2.341372646455565132e+01
2.305971460187575772e+01
2.258705297598134365e+01
2.162418435154287977e+01
1.973209783781606674e+01
1.849913748791160018e+01
1.737707880953529482e+01
1.726697503858079941e+01
1.740838058221694240e+01
1.778732490227827867e+01
1.925022250070997742e+01
2.129946761206175410e+01
2.386074269192194208e+01
2.609827356750201588e+01
2.791913217980899020e+01
2.738833073661230344e+01
2.596928698896799403e+01
2.535696183358874478e+01
2.587468431796765245e+01
2.580130355859613545e+01
2.588759545984927968e+01
2.646761375884467782e+01
2.582395384996878818e+01
2.478312747203134947e+01
2.321121626996336218e+01
2.245342383035974976e+01
2.170703351624895561e+01
2.054579447218920052e+01
1.890454943477942251e+01
1.752672722419571016e+01
1.693607807417722100e+01
1.666595463011939415e+01
1.709542903913878931e+01
1.750277718279430417e+01
1.854388269047284510e+01
2.061724308801267824e+01
2.362445656725316923e+01
2.561582411621553135e+01
2.612304006854555638e+01
2.637451559417791458e+01
2.528307360991438912e+01
2.603116347847258538e+01
2.607605448549042748e+01
2.573459297706128623e+01
2.497789151526900042e+01
2.579338010241818324e+01
2.569504285856479342e+01
2.429676058807154604e+01
2.307175687793445817e+01
2.225507046954691859e+01
2.170895300826511587e+01
2.034322605536390327e+01
1.898420417746628175e+01
1.758856129829412396e+01
1.672217833358115513e+01
1.661383527364220569e+01
1.690005324604881665e+01
1.731028098548279814e+01
1.836948653734409476e+01
2.030039705431417829e+01
2.246668315465156951e+01
2.416941453487559599e+01
2.491191458943103498e+01
2.479872726990086207e+01
2.404667163114097406e+01
2.453146806948745606e+01
2.469607988339402738e+01
2.460202673662529094e+01
2.457466721718006042e+01
2.493888513062993084e+01
2.522100039087455770e+01
2.418287477584504686e+01
2.294691000843134177e+01
2.230867930097234719e+01
2.163850519937775374e+01
2.038915443708535591e+01
1.901185932805053369e+01
1.771004714653476597e+01
1.704615159709906891e+01
1.677603557596400918e+01
1.707607322026899510e+01
1.753109739394390587e+01
1.848876811630584527e+01
1.967966483855060744e+01
2.114718113613658801e+01
2.187008405033436631e+01
2.160006055905630262e+01
2.123970211297037380e+01
2.060281733574661089e+01
2.134767364742121742e+01
2.137173472401630292e+01
2.084300789182485758e+01
2.057020804496695732e+01
2.112233566691031328e+01
2.164678173813200956e+01
2.174069294103896866e+01
2.147764398100379424e+01
2.109009571532584815e+01
2.124098811500809703e+01
2.024990286167591336e+01
1.875075973280884867e+01
1.753215674446998662e+01
1.677613830190661304e+01
1.658613150005937698e+01
1.702509204569488332e+01
1.724261314368597908e+01
1.855874336218387910e+01
2.069428911886877742e+01
2.358356569881876297e+01
2.606419659970516989e+01
2.672427486961204224e+01
2.654194390071510412e+01
2.582086837163016568e+01
2.602800931769158765e+01
2.610292664066340862e+01
2.587881042364356432e+01
2.573977817052705319e+01
2.599290372077981459e+01
2.554571799457049863e+01
2.444421643689389256e+01
2.275285418290459560e+01
2.293765648320559691e+01
2.147262739641028162e+01
2.007721923048163859e+01
1.867221191079273979e+01
1.752856916658494413e+01
1.671469892472570251e+01
1.636016582823100407e+01
1.677180004279358272e+01
1.723146671233064708e+01
1.825099866150399563e+01
2.058154525116648870e+01
2.334721636076629991e+01
2.557719449962526426e+01
2.621727416506132258e+01
2.592418737338140744e+01
2.499713705973929478e+01
2.516301841705727327e+01
2.535692624673698248e+01
2.480620336914338608e+01
2.469395671067138309e+01
2.540482516731422180e+01
2.513296024026324460e+01
2.426984350217465902e+01
2.340069327509292663e+01
2.162213472486000398e+01
2.068896105915876049e+01
1.944023606134685167e+01
1.794536010047642449e+01
1.672307126394266419e+01
1.597252752121707609e+01
1.574395019979427168e+01
1.619370569589296593e+01
1.657160112377761152e+01
1.762696943135683370e+01
1.976001945075763544e+01
2.256750754610314047e+01
2.462293066461894142e+01
2.540706758671997179e+01
2.522049839954087247e+01
2.422657770806696931e+01
2.441768746365468701e+01
2.447633132594402383e+01
2.434299094363003135e+01
2.406858306279250215e+01
2.471257756956840268e+01
2.449155995987119283e+01
2.347644521033599929e+01
2.195975833810683397e+01
2.052067112055793174e+01
2.004967221367768104e+01
1.877229407738817457e+01
1.690343523939821324e+01
1.575628504094823867e+01
1.508089980014156595e+01
1.490016913729514592e+01
1.537885027302437813e+01
1.595902393931229568e+01
1.704387872001768400e+01
1.929343204482193030e+01
2.196899984672969097e+01
2.402243441146856284e+01
2.482059042649910197e+01
2.470946639953660195e+01
2.412576019931997706e+01
2.428056523857367210e+01
2.433466170064589207e+01
2.429497442547434716e+01
2.410605980414571192e+01
2.467316019273699723e+01
2.427135100522717437e+01
2.336393527345302701e+01
2.223798796316122761e+01
2.103929803500641071e+01
2.040036280626167198e+01
1.863851943785421739e+01
1.708953404633913564e+01
1.581828788426600063e+01
1.501866593028708685e+01
1.486284779309030668e+01
1.537627185056071788e+01
1.607874792635164241e+01
1.723527240722144072e+01
1.948973538500796465e+01
2.207109140142703652e+01
2.419783132525595803e+01
2.521088992452606448e+01
2.537030240038738427e+01
2.493852352371170866e+01
2.524040094006977952e+01
2.528028116248545487e+01
2.496887997752613941e+01
2.420362841155007416e+01
2.440702777691711489e+01
2.395243739768425328e+01
2.315894381212474329e+01
2.235802878118677839e+01
2.142564553311327558e+01
2.067168693308656202e+01
1.998255981028333039e+01
1.831086413478744035e+01
1.702818229486650381e+01
1.617562856821037798e+01
1.585657108218531341e+01
1.638066044816413935e+01
1.711298954017744833e+01
1.833357288915871663e+01
1.997354269468800325e+01
2.134342963930467008e+01
2.183755348611975933e+01
2.177123162068402351e+01
2.121613271829683356e+01
2.046202947182748133e+01
2.091874895903113440e+01
2.096367357399873654e+01
2.059047604231333395e+01
2.023137122185442749e+01
2.128564287165814051e+01
2.230964558569513301e+01
2.232452090845708170e+01
2.180553004277618356e+01
2.090532181523964539e+01
2.075156576268093644e+01
2.085748147675583297e+01
1.931241354606081728e+01
1.805806457286884736e+01
1.705920512344189532e+01
1.671754883500268818e+01
1.716256872239362608e+01
1.742290358470001266e+01
1.798131379456967593e+01
1.899430360339670187e+01
2.015831720186637455e+01
2.075145485564867442e+01
2.072708760628184166e+01
2.037175644842272249e+01
1.977861347789123414e+01
2.021687990411771096e+01
2.030927974589209128e+01
1.997070556342009695e+01
1.969845873209211717e+01
2.058737256303359686e+01
2.074778123729090495e+01
2.086939263139206346e+01
2.072734805508092037e+01
2.042219878326600124e+01
2.030544367006093154e+01
2.021901061965017021e+01
1.911288684913775171e+01
1.791424765484625681e+01
1.706696468890223528e+01
1.671811545762966489e+01
1.732142521140450242e+01
1.755641160862495553e+01
1.810281691933942838e+01
1.948077022793744106e+01
2.093040998012281051e+01
2.182846764855077737e+01
2.221696692473809875e+01
2.183269091871752821e+01
2.104310175181798215e+01
2.094410665349036904e+01
2.101345681367823559e+01
2.098678869222238674e+01
2.086232662115667225e+01
2.196085087135511316e+01
2.167025278514552511e+01
2.155110666046001455e+01
2.166572939662371766e+01
2.097840397306298854e+01
2.050824759172690648e+01
2.043189991304729602e+01
1.956329085848843263e+01
1.835847978616720511e+01
1.751173315505855399e+01
1.710891409456122148e+01
1.751157105081354359e+01
1.777358814353228311e+01
1.865249432108787175e+01
2.041348063856337802e+01
2.295477352861600195e+01
2.537352114224850652e+01
2.658922407307758817e+01
2.688024630013985927e+01
2.639470077756128674e+01
2.614867082758013339e+01
2.637983786767690830e+01
2.623962926842773768e+01
2.617154717783026641e+01
2.678490688846348178e+01
2.542834868569127238e+01
2.433148464636369113e+01
2.320959153401155106e+01
2.223757240047203609e+01
2.198281999109717688e+01
2.132603048917849264e+01
2.020201735531172105e+01
1.915669940430528939e+01
1.818720195115016480e+01
1.789499696986139909e+01
1.804833865047068286e+01
1.834965041621944692e+01
1.887077721909982841e+01
2.071916896644014727e+01
2.336040845180676229e+01
2.575812630955776683e+01
2.694167120192892995e+01
2.706231780469940063e+01
2.668849084454505771e+01
2.643122368258474708e+01
2.657184022235407284e+01
2.625863128037273952e+01
2.614010927705874821e+01
2.713539338753491137e+01
2.600813680076381473e+01
2.463400757597115032e+01
2.344163955893774087e+01
2.244186952651587319e+01
2.192219993595799110e+01
2.134364500378330476e+01
2.020107171369083332e+01
1.906879194335878580e+01
1.801033128799792848e+01
1.764201279345235918e+01
1.794036298162999543e+01
1.830261640326681416e+01
1.912569001339669228e+01
2.117280824901407144e+01
2.387793606783439770e+01
2.619054431335626276e+01
2.736442662485475097e+01
2.756146233267443080e+01
2.691498561628687725e+01
2.682142112503545661e+01
2.657639261810767195e+01
2.623565935997720544e+01
2.585605447299650805e+01
2.657091539894673460e+01
2.565856380786287971e+01
2.419824342538161588e+01
2.280927799907537334e+01
2.184276105450405936e+01
2.079628923336742474e+01
1.991050197003231048e+01
1.879568287478598521e+01
1.784196738400107662e+01
1.707753468593104884e+01
1.683386431001807182e+01
1.716015125143438524e+01
1.753394660380839909e+01
1.844100602874379291e+01
2.041669157457527461e+01
2.306020236545897717e+01
2.530565095304912049e+01
2.655014467944099010e+01
2.670701768284833832e+01
2.616404599586699220e+01
2.608242918402126165e+01
2.596765861189500058e+01
2.548155413950560444e+01
2.515171690596416099e+01
2.608627816334369598e+01
2.532046217992891712e+01
2.408142929361171269e+01
2.259895692874228601e+01
2.114833942200367645e+01
2.046669583773565648e+01
1.957089338929217703e+01
1.836733105811378053e+01
1.740274668078135889e+01
1.668508790019141230e+01
1.636840289159103534e+01
1.680782187287093521e+01
1.720242087012661258e+01
1.808258213854182728e+01
1.972750808542006240e+01
2.185441952554567990e+01
2.373611325944845518e+01
2.462087336074964838e+01
2.487384845667836686e+01
2.420173305572592781e+01
2.414223122784274977e+01
2.402760808184629582e+01
2.385455584480570224e+01
2.367525058702515395e+01
2.417252680331684189e+01
2.440150567596083420e+01
2.336565539700547234e+01
2.236069181350767821e+01
2.098937198733758791e+01
2.012186518639263255e+01
1.913040454021184544e+01
1.800802361144344843e+01
1.712874545253628611e+01
1.651472959293359111e+01
1.629062254711671187e+01
1.672130150636778367e+01
1.689909410360514741e+01
1.759654189988377126e+01
1.886184559334975930e+01
2.024494321800068874e+01
2.093544451809874474e+01
2.103739237037186882e+01
2.095427760334575851e+01
2.041398159635734189e+01
2.089031900371270822e+01
2.064419891571543531e+01
1.993085735029378469e+01
1.955895369705555353e+01
2.097260401774744309e+01
2.076373302937753351e+01
2.074304373515385436e+01
2.073471766841283426e+01
2.022751970426129731e+01
1.986116604457474821e+01
1.911737651944927308e+01
1.771616393707978787e+01
1.676940236359091330e+01
1.613959978526242978e+01
1.596291762300995742e+01
1.645196758836774364e+01
1.674242374811065659e+01
1.759185580372014002e+01
1.968803776656795179e+01
2.248467662982610449e+01
2.496172576364664053e+01
2.620731660727283696e+01
2.624978655358681934e+01
2.535926555968995899e+01
2.504373878746915238e+01
2.462914977903245273e+01
2.404232440161896989e+01
2.367926132797490268e+01
2.487511716749548540e+01
2.447082457840328473e+01
2.308081794956090960e+01
2.198862067287922883e+01
2.062323549405044076e+01
1.964321595438467227e+01
1.863105685079661455e+01
1.729451174750158415e+01
1.633400086073710611e+01
1.579577171726112184e+01
1.558495519336366719e+01
1.609984140317988377e+01
1.660786880118486764e+01
1.774535965851888974e+01
1.973585831598390428e+01
2.234537673992083029e+01
2.456725731459106399e+01
2.553863229762308151e+01
2.545409154956423237e+01
2.479640922706771278e+01
2.495202104367379903e+01
2.500856899260962862e+01
2.444729085032900784e+01
2.411197003557016316e+01
2.541613784831210410e+01
2.506972271368735150e+01
2.384579719123499331e+01
2.227077650829154720e+01
2.074026847285136910e+01
2.021430722184071271e+01
1.887632561485570548e+01
1.773193482883760907e+01
1.668868554914082480e+01
1.607823985192776561e+01
1.602445903244521475e+01
1.653391056416480964e+01
1.689723613937909619e+01
1.793003107448359046e+01
2.022002201899666218e+01
2.294432714786259453e+01
2.518638950443313007e+01
2.627971214162626268e+01
2.617475765092859064e+01
2.536294187691641255e+01
2.550150944885342597e+01
2.557399976813576359e+01
2.504403417198446746e+01
2.447217846668606001e+01
2.571146135589887649e+01
2.540988648336266920e+01
2.396077348634035786e+01
2.245820901784438561e+01
2.150801782786786731e+01
2.040602092894846464e+01
1.916414996975616702e+01
1.785467887691898525e+01
1.681549709765261724e+01
1.620432912906192158e+01
1.596739482422777989e+01
1.650572461322423834e+01
1.705160788931274496e+01
1.792311274396626430e+01
2.007073824399521911e+01
2.285353884343864550e+01
2.498583209389919091e+01
2.591304045393363964e+01
2.570986611900955054e+01
2.484928221417015948e+01
2.501445041178827822e+01
2.489839417658518173e+01
2.457944720398010574e+01
2.450193343676630775e+01
2.544637189201627692e+01
2.518443769958239642e+01
2.399043871615673140e+01
2.233345089160043173e+01
2.143270037338785272e+01
2.023241237869624953e+01
1.895179577661014392e+01
1.770241631354991441e+01
1.655551509348235228e+01
1.588142866195428482e+01
1.582110592598444043e+01
1.638256536223365600e+01
1.687944512619375459e+01
1.782741795893123538e+01
1.998567869019086274e+01
2.260672054172991352e+01
2.468367944718906770e+01
2.555966044661466086e+01
2.559639728546377313e+01
2.493570556480478473e+01
2.503679976273835806e+01
2.492294456455911345e+01
2.449350406697066163e+01
2.432864066346245124e+01
2.524701159325032407e+01
2.495966586358690265e+01
2.350027198705732445e+01
2.191304040938416975e+01
2.067906953720619612e+01
1.949582533912559867e+01
1.825515384774006833e+01
1.716278710332164437e+01
1.631134134106503453e+01
1.559682172416182944e+01
1.551245116853057482e+01
1.607169092173281655e+01
1.652404365750100013e+01
1.757498569399720978e+01
1.923006357319632187e+01
2.104192345816798237e+01
2.251942124233863041e+01
2.329725323804600023e+01
2.319725655435293632e+01
2.247260016661175541e+01
2.268042267380700849e+01
2.271293783963074731e+01
2.214745753988531618e+01
2.200891387636695740e+01
2.332897392848814277e+01
2.363349610095135134e+01
2.290440085062725473e+01
2.195853123459749057e+01
2.106728107938478090e+01
2.026308615096579402e+01
1.934520268696373790e+01
1.793077293382179249e+01
1.696133025867177935e+01
1.640584995345912489e+01
1.609213443086627038e+01
1.661110828034735221e+01
1.700141940507474558e+01
1.781506327491539565e+01
1.910655355588288273e+01
2.037969486282806741e+01
2.102416539288799058e+01
2.110107479626978488e+01
2.082495337327216589e+01
2.018713875158776005e+01
2.069542517407148807e+01
2.037204547125083209e+01
1.991598201091666809e+01
1.975997898012841958e+01
2.041416526776856344e+01
2.074388360286926769e+01
2.048106529447728974e+01
2.008129025267347600e+01
1.983598835220704615e+01
1.959300419239887248e+01
1.890181680946143672e+01
1.780983721042986190e+01
1.683316511304601804e+01
1.624532717507127799e+01
1.606724554618810075e+01
1.661402953525519166e+01
1.701290736594597419e+01
1.833102866644911089e+01
2.015508292520051370e+01
2.241823322597618784e+01
2.430009131370835007e+01
2.531992092824942731e+01
2.550113958730419839e+01
2.483791652765685853e+01
2.484372030418152377e+01
2.511782525489468298e+01
2.488303673525308213e+01
2.466895507582395908e+01
2.543923725272605196e+01
2.501810424559979396e+01
2.403285342172591754e+01
2.319964129985473633e+01
2.148150097194377750e+01
2.147191414099741635e+01
2.010330499383541181e+01
1.904742003102986558e+01
1.799519690407245065e+01
1.718002046472580346e+01
1.698181321878739070e+01
1.750848427366580395e+01
1.796628003578074839e+01
1.908516398778573731e+01
2.117084149513081215e+01
2.387882542625021287e+01
2.596791620226780495e+01
2.711554495993027203e+01
2.716908928491822195e+01
2.653676174771392837e+01
2.675586736503447938e+01
2.691957710891315969e+01
2.686033451524831150e+01
2.671903976147264714e+01
2.712667802933195915e+01
2.631465310615769582e+01
2.499200937524236821e+01
2.318305001927545561e+01
2.253413109573948248e+01
2.115357821776318659e+01
2.061927224974384032e+01
1.946295217754403239e+01
1.885563222779813941e+01
1.825369014367093001e+01
1.761087426383170751e+01
1.805352469570726015e+01
1.838025884469428917e+01
1.952166498539536477e+01
2.158762171999408253e+01
2.411790861788274398e+01
2.631452850879590599e+01
2.734371666299574954e+01
2.705005289364735788e+01
2.607492168556074930e+01
2.628672111438066850e+01
2.638465793829671568e+01
2.635510069930252186e+01
2.636479589614107866e+01
2.708567235395940287e+01
2.638451649290790257e+01
2.492616040069442818e+01
2.297183058774792741e+01
2.208232756938527430e+01
2.101170318160605888e+01
2.034812869559585380e+01
1.890943323644820495e+01
1.766346825816567900e+01
1.675108450302223062e+01
1.664415237768026046e+01
1.697760782994067696e+01
1.742202143817521431e+01
1.842700249532319745e+01
2.074750872952938607e+01
2.324510439097373649e+01
2.489457434800494084e+01
2.572953392103454107e+01
2.572288360246930239e+01
2.504060633070113440e+01
2.524348944086400337e+01
2.533789641916882118e+01
2.512875905759271689e+01
2.500357716925929807e+01
2.555147205491885387e+01
2.493155220635980029e+01
2.376204696811005235e+01
2.245006782372172793e+01
2.121013455579642937e+01
2.093059078290777464e+01
1.904957561111002207e+01
1.800283057133940545e+01
1.695148142993283358e+01
1.619279056639837222e+01
1.613793622710710451e+01
1.660355496168300959e+01
1.706555397105246996e+01
1.825062015692616413e+01
2.028318870946523234e+01
2.296020531863942793e+01
2.468732218448054638e+01
2.544756446881927658e+01
2.555155372576344774e+01
2.485223914902815068e+01
2.478936266435890090e+01
2.456667959295245751e+01
2.456361198779167054e+01
2.437810703015954061e+01
2.508697907932161542e+01
2.440738012043029670e+01
2.334364943901062261e+01
2.193555150524881370e+01
2.133841617442412542e+01
1.972067871937886707e+01
1.916308371061407456e+01
1.744266038320362000e+01
1.649057089415097366e+01
1.567803967249965602e+01
1.556149237625287718e+01
1.624607355478468307e+01
1.673047631811473934e+01
1.778452574027255295e+01
1.954020149380767535e+01
2.152954414885338608e+01
2.308328889259020045e+01
2.372100071907974694e+01
2.380554753094613929e+01
2.330239255939649468e+01
2.327191174870827695e+01
2.343303365465429522e+01
2.335667195436838028e+01
2.325611626625282469e+01
2.401751577038426433e+01
2.375574536565434869e+01
2.282142675986225555e+01
2.166807405239678630e+01
2.070631860050918505e+01
1.938120679870506180e+01
1.878587701181031377e+01
1.742687081709211583e+01
1.653953941121094573e+01
1.582571873441338361e+01
1.571632936621520216e+01
1.621587130831748169e+01
1.677016629944312598e+01
1.742714285851415568e+01
1.857777482683642489e+01
1.968745890758703965e+01
2.007713090268077494e+01
1.979963013668796634e+01
1.959239150921409589e+01
1.889851303152651951e+01
1.931993884897594427e+01
1.924246611326956113e+01
1.872555922608563606e+01
1.850090511945531446e+01
1.958343717366441794e+01
2.002506719652120992e+01
1.976078637369150925e+01
1.921659786218104671e+01
1.901756435957234714e+01
1.828943256099595516e+01
1.776766512587692404e+01
1.662555289078815690e+01
1.585016319475784208e+01
1.520486647136870317e+01
1.510778695306990116e+01
1.567831144227373485e+01
1.612795200207829538e+01
1.717990438050455282e+01
1.944711804168371572e+01
2.221824300299479660e+01
2.417418251897668569e+01
2.477628354214860806e+01
2.474398140406078639e+01
2.402655895358228832e+01
2.400036287433601601e+01
2.428914700918070224e+01
2.416762869984398421e+01
2.404672122198805795e+01
2.473975325590692620e+01
2.425184966437040046e+01
2.309908675023064362e+01
2.149012957310467797e+01
2.074892026181355931e+01
1.936922709218530869e+01
1.850913379435224115e+01
1.739239482729863795e+01
1.638630801838509754e+01
1.566878169523136854e+01
1.547489126580669527e+01
1.608090956515444603e+01
1.663704319066038195e+01
1.754432160714220146e+01
1.954082042853010037e+01
2.229332034526968442e+01
2.417014469425833312e+01
2.481814336149534839e+01
2.449859140978415795e+01
2.358723353147222568e+01
2.380913819168511125e+01
2.427124373998818285e+01
2.440239100908202019e+01
2.421322069593024295e+01
2.465988881609589356e+01
2.406043710383988810e+01
2.306663621797416397e+01
2.185927516521374514e+01
2.063276461451939170e+01
1.984419801316434828e+01
1.892524404378849923e+01
1.776459832934243721e+01
1.669090277265747702e+01
1.602016665983098065e+01
1.587518305380379857e+01
1.647270061690025145e+01
1.701871497414671808e+01
1.824049243201799797e+01
2.037085485771263649e+01
2.288638906229085279e+01
2.481075647585087296e+01
2.546574652732861566e+01
2.543927474435676217e+01
2.449418005708420765e+01
2.491087012222031305e+01
2.522246429247787347e+01
2.504121770249797052e+01
2.481282141768111771e+01
2.557021389863155036e+01
2.487901734255014219e+01
2.364374435767841121e+01
2.241522169011562227e+01
2.127691231634342728e+01
2.057894946968193395e+01
1.954002950666449578e+01
1.867089292004164136e+01
1.766738929124193902e+01
1.687611728841318381e+01
1.683126172775463658e+01
1.734174855827508210e+01
1.795035422458972363e+01
1.905794799870167111e+01
2.130152098517447001e+01
2.369200461641581157e+01
2.577011146134061903e+01
2.642350511100266885e+01
2.637235240984844253e+01
2.544080671239167302e+01
2.532053549016319849e+01
2.539216670700480449e+01
2.535488181984419853e+01
2.527927039866598236e+01
2.597505091562740276e+01
2.534498973497272445e+01
2.426983563902697938e+01
2.329176643836571259e+01
2.223514166263631253e+01
2.147118885874409600e+01
2.067383572347878484e+01
1.915544196992244608e+01
1.811967807782752615e+01
1.721459178069611085e+01
1.695379495312390716e+01
1.747477100644524839e+01
1.806163362028529917e+01
1.912350981728609511e+01
2.128426088568291874e+01
2.358321789356416076e+01
2.540244217240912405e+01
2.574268498695907326e+01
2.519805892753266008e+01
2.433219314533290856e+01
2.400970319473058368e+01
2.381704174001636432e+01
2.347008104740744727e+01
2.347010425183742299e+01
2.398240824623499279e+01
2.389467379023107796e+01
2.324280466162458936e+01
2.200196916031893934e+01
2.091159233741472079e+01
2.007461276840545494e+01
1.900297473645787960e+01
1.766174031422442425e+01
1.674989126125997529e+01
1.612141253778358063e+01
1.596749371221293856e+01
1.662810868386669938e+01
1.721681524832465371e+01
1.809199663486437970e+01
1.997518177512519344e+01
2.164665847307662006e+01
2.333961135136665277e+01
2.365304077945705075e+01
2.383574669280663372e+01
2.285325561393030114e+01
2.279863305102962201e+01
2.266909767893281824e+01
2.259559438455803360e+01
2.255692859474712719e+01
2.345779441923713193e+01
2.354375002703714159e+01
2.293751985457648956e+01
2.144842591607283566e+01
2.012128718685481488e+01
1.918275106913502626e+01
1.770871699829570289e+01
1.676750137848261346e+01
1.607728416320349041e+01
1.548018623953890582e+01
1.535338776069538724e+01
1.595762365209176892e+01
1.651598653237976322e+01
1.752866750642432336e+01
1.875287967763142660e+01
2.005910195060440770e+01
2.022638791877569275e+01
2.001119563830755865e+01
1.936436416207315858e+01
1.864391833200345872e+01
1.885650260607846107e+01
1.867596089400352355e+01
1.790649356923596969e+01
1.756465196596458256e+01
1.826355368026814929e+01
1.858965923914358243e+01
1.825272435379806879e+01
1.818762777864747093e+01
1.794532822260489979e+01
1.737897881553516655e+01
1.648796262876977892e+01
1.553405337863548219e+01
1.486598898258215051e+01
1.423856895732838090e+01
1.433190083500097245e+01
1.495166598799091240e+01
1.568497779071587495e+01
1.694346595947808964e+01
1.916698693964342226e+01
2.208434901401811956e+01
2.372156467910185285e+01
2.404852685603150775e+01
2.359743159295940274e+01
2.242128779871038446e+01
2.278336317336919237e+01
2.275105633017664530e+01
2.247976661399326304e+01
2.235214227996377900e+01
2.298058412578713217e+01
2.205358301193822612e+01
2.174278537371635878e+01
2.014321238868810227e+01
1.881857972227641085e+01
1.783223269362079222e+01
1.649902474669571362e+01
1.542008519200414796e+01
1.457205803641408970e+01
1.424351763929740500e+01
1.437227391142328869e+01
1.483386629171864612e+01
1.556540716982211947e+01
1.676317204580123388e+01
1.933017117180975220e+01
2.203743192073845947e+01
2.366540299429401983e+01
2.469090324415156701e+01
2.408801293874673988e+01
2.318862654034332493e+01
2.251518463414883797e+01
2.323783497835678702e+01
2.323879339533398891e+01
2.313259195533391122e+01
2.345514991210201217e+01
2.331362877863275429e+01
2.179652421884784275e+01
2.104596840280692405e+01
1.966274196712439704e+01
1.851391669112938132e+01
1.695027440198260393e+01
1.587946122268906812e+01
1.497540553255608664e+01
1.443664411072492193e+01
1.430955259793999979e+01
1.481259000877323295e+01
1.552733889442195903e+01
1.693854422144523397e+01
1.936948313071411576e+01
2.178642788856548052e+01
2.374327944986203676e+01
2.458101598909075847e+01
2.447427704486478106e+01
2.367162020580949289e+01
2.319100859067886944e+01
2.355553650252062070e+01
2.361871788754393364e+01
2.355360842417094958e+01
2.399138209446598680e+01
2.378012869719981026e+01
2.214232889183110231e+01
2.129133632661098829e+01
2.008237260165171989e+01
1.876532089063818276e+01
1.737497113225445489e+01
1.619195366113872225e+01
1.515920624650694037e+01
1.457504897625848450e+01
1.450913117649239581e+01
1.505238250639880526e+01
1.577239495808916026e+01
1.739708836288012961e+01
1.990490976216164398e+01
2.217977482844938564e+01
2.407549081435883309e+01
2.481475888307301858e+01
2.473321659638243730e+01
2.392100158961965661e+01
2.340334337976847578e+01
2.376583629641417872e+01
2.379684309035295442e+01
2.373820141195316324e+01
2.417543289837559684e+01
2.383091389703862362e+01
2.228797538209315832e+01
2.122821582778020399e+01
1.991628805894259813e+01
1.883215518506565544e+01
1.736513506684821095e+01
1.631160187926063898e+01
1.541316755199224531e+01
1.473305375007754847e+01
1.471244426791334270e+01
1.523823441719693861e+01
1.607245473247218115e+01
1.739455936326801577e+01
1.985611984411801956e+01
2.208969061465904815e+01
2.410200915958899870e+01
2.483397725946847601e+01
2.478557092171397613e+01
2.429075201648885241e+01
2.372364213439190195e+01
2.367150414427457505e+01
2.384760102367733126e+01
2.391124648039684075e+01
2.424631103074072414e+01
2.390305296009919545e+01
2.255263498973131675e+01
2.117680861063766429e+01
1.981065823856450692e+01
1.867731722273338235e+01
1.739326084222702917e+01
1.660365855066294927e+01
1.586681010950723447e+01
1.525334104793172685e+01
1.508966477379376414e+01
1.565555158555337734e+01
1.626122794074439071e+01
1.767595579287996443e+01
1.948842194776476333e+01
2.131094916721059462e+01
2.278719366669497504e+01
2.356779753328789795e+01
2.348511236804290192e+01
2.248877709068746000e+01
2.218695527930699996e+01
2.210942195723297132e+01
2.223739673151971630e+01
2.231289678035825119e+01
2.296790600316514386e+01
2.287998869183374140e+01
2.199034107623396039e+01
2.066899964381045507e+01
1.951845074719679118e+01
1.832828948600896268e+01
1.703002045188813796e+01
1.626903368587244358e+01
1.564207413692359339e+01
1.505422500402693053e+01
1.491251378539857342e+01
1.535728818944470042e+01
1.591948270215494787e+01
1.684188786598317478e+01
1.800505158218655311e+01
1.917021749207824044e+01
1.968800818077976800e+01
1.945864257135380626e+01
1.910053355760042848e+01
1.826694477155174212e+01
1.855121017869187128e+01
1.826698269070281810e+01
1.778797870113177382e+01
1.778654813026324888e+01
1.881905878557014589e+01
1.923673059205351876e+01
1.878258063044148329e+01
1.825093965200273161e+01
1.770571052343029450e+01
1.712549181327072745e+01
1.642187370953832826e+01
1.570434190225236648e+01
1.493335131667367577e+01
1.446387354556618909e+01
1.431497033806758168e+01
1.487440306642369947e+01
1.551599175230127692e+01
1.686223671130970914e+01
1.933841845371651047e+01
2.134721581668297574e+01
2.306479059767852391e+01
2.358957014154524501e+01
2.345667138834199861e+01
2.238958274793799319e+01
2.197933736120296899e+01
2.211222983700369582e+01
2.230317613323637715e+01
2.240486720450682512e+01
2.326346076021823706e+01
2.269088730778762653e+01
2.139248099827849003e+01
2.021528150119948108e+01
1.895797000475271687e+01
1.762627829703044569e+01
1.672850182783914263e+01
1.540827964422309293e+01
1.469853629181999111e+01
1.424561380046758607e+01
1.410869410789993772e+01
1.465647679066533371e+01
1.526268455877779928e+01
1.689487478013068866e+01
1.924998225964264975e+01
2.161448929461863599e+01
2.310346181679160082e+01
2.339384806197272226e+01
2.305630942297495523e+01
2.194036270307693570e+01
2.176820954817782905e+01
2.170242910602320663e+01
2.188933233703287939e+01
2.210884722391725532e+01
2.293260410569445540e+01
2.250899788655599920e+01
2.124766894167582976e+01
2.016181080065136300e+01
1.846914032241198456e+01
1.726537354351013320e+01
1.624809193799848117e+01
1.486518211632588304e+01
1.412355219138087215e+01
1.364306361110773302e+01
1.353705604267349827e+01
1.417050429404646295e+01
1.491232033874272211e+01
1.636096327189383359e+01
1.878377151117286203e+01
2.110869343075179927e+01
2.268269099779518783e+01
2.323137110401189886e+01
2.309174602380723584e+01
2.217585264303642845e+01
2.204050005509584764e+01
2.214812653803754472e+01
2.221130086872160803e+01
2.216923661885036623e+01
2.294404617100586563e+01
2.259144414016071778e+01
2.129589994574979528e+01
1.995587604605254484e+01
1.846985335743681844e+01
1.759180580001152805e+01
1.621227879667694083e+01
1.501934020323666452e+01
1.423357525673960566e+01
1.374939782266708121e+01
1.369295414029347313e+01
1.436240551020713774e+01
1.505565297551242843e+01
1.666901761429633311e+01
1.893122184479505066e+01
2.115045944127291477e+01
2.287536486341542741e+01
2.335783758959274081e+01
2.319200545160075677e+01
2.210757015224897160e+01
2.199312474892586522e+01
2.213269581558498089e+01
2.216451439460924533e+01
2.228701076205904030e+01
2.319215844225729839e+01
2.268920456464561397e+01
2.170938032757610969e+01
2.018409761597099461e+01
1.832696911347709090e+01
1.737585243253248990e+01
1.646359140607074778e+01
1.538877934387419089e+01
1.448362197278281727e+01
1.401541963053856144e+01
1.400827469349735743e+01
1.458430442482741718e+01
1.550908811986317737e+01
1.664714650490989456e+01
1.848220549206996211e+01
1.998609195064705446e+01
2.108607723596257699e+01
2.157984581084196662e+01
2.153352008302774578e+01
2.065599798727441438e+01
2.068088800433908503e+01
2.040841476463248938e+01
2.031434626178169722e+01
2.051622718558625635e+01
2.157334163709106889e+01
2.188324881313572234e+01
2.090976246287353746e+01
1.977889745810047017e+01
1.867182422621586468e+01
1.801630590572220925e+01
1.686001481572089133e+01
1.591505185427899782e+01
1.512479847348751605e+01
1.456689164660355651e+01
1.451409799221863572e+01
1.510565206367495961e+01
1.584263623518173070e+01
1.706438349755732631e+01
1.890794032839222893e+01
2.077691707935709786e+01
2.215194174222429524e+01
2.278424046304247241e+01
2.253964848697237500e+01
2.157713760242940992e+01
2.154252992207353046e+01
2.155571331898253007e+01
2.134554849818427158e+01
2.145625617060047574e+01
2.243440271354672078e+01
2.248758818037846297e+01
2.131234116215676977e+01
2.034280826973139256e+01
1.912282087969059319e+01
1.842764810923116769e+01
1.736489554073294173e+01
1.664934307769246757e+01
1.588477424173309061e+01
1.538245063609956809e+01
1.531608353785900611e+01
1.594677431500933729e+01
1.663127502489196274e+01
1.749244395560515031e+01
1.896864892520643409e+01
2.012603189249230695e+01
2.053892281567356548e+01
2.033745641458465769e+01
1.999281429328996751e+01
1.892170587740504928e+01
1.918276357410281108e+01
1.869561904445073353e+01
1.827200121456504789e+01
1.817597356088915106e+01
1.914090477323762940e+01
1.935771121348588508e+01
1.873548397198201698e+01
1.833332375259619340e+01
1.767052314247894884e+01
1.722236501435208922e+01
1.653680156321801675e+01
1.554248630434437395e+01
1.498045845589802560e+01
1.456172237142287074e+01
1.445432977028398014e+01
1.511788694586997472e+01
1.584116362199808847e+01
1.690176019385187089e+01
1.910253787673181591e+01
2.148452274173822474e+01
2.326626593930680897e+01
2.358710658056138953e+01
2.320380729737920689e+01
2.198981680828797636e+01
2.160565184646351966e+01
2.163036320370870413e+01
2.153832333703647706e+01
2.168464679987798505e+01
2.241180265696342389e+01
2.201287724446043725e+01
2.041315183655135712e+01
1.891730584961822359e+01
1.734151723021942004e+01
1.622187261837263250e+01
1.525054713845665333e+01
1.421061692054782810e+01
1.346331226438400819e+01
1.298579987011881975e+01
1.318176458933064055e+01
1.380493514173025105e+01
1.461087466896475107e+01
1.590901460130077361e+01
1.823999177603236177e+01
2.074104095573171591e+01
2.252128859473620892e+01
2.301508575931702438e+01
2.239701773116235017e+01
2.130489076851906205e+01
2.105898140770714377e+01
2.119646791022029575e+01
2.122891738634003644e+01
2.131878573504502583e+01
2.232467957133488667e+01
2.204198573825548735e+01
2.068358702679216776e+01
1.954793193333619072e+01
1.800522228125772273e+01
1.681753729802634467e+01
1.557641830069196587e+01
1.404473436070437309e+01
1.341665417344504085e+01
1.297449572309149879e+01
1.297058399281178254e+01
1.360885648242398105e+01
1.447148982985471477e+01
1.582242085068521575e+01
1.803234769987780339e+01
2.056797172451461364e+01
2.230941742199694744e+01
2.291367667371936534e+01
2.269224970257200624e+01
2.170722278966647423e+01
2.144035336610568265e+01
2.150551003199306166e+01
2.150160206163748100e+01
2.150722513529283830e+01
2.240604443610041940e+01
2.211869392527382416e+01
2.084780957864696660e+01
1.962156191489695090e+01
1.805715167915168351e+01
1.686532453943689447e+01
1.557389774542496319e+01
1.469755158493443048e+01
1.389436901053868745e+01
1.345943007960524440e+01
1.336837813034645350e+01
1.412835493005501597e+01
1.507344790594677342e+01
1.639751896627043593e+01
1.868383676994742615e+01
2.108428889498855341e+01
2.293128495462302752e+01
2.373106301755500880e+01
2.337266937779429554e+01
2.238405449413798465e+01
2.222721537285226390e+01
2.245143687522715936e+01
2.241654237943270545e+01
2.246096058796750228e+01
2.325476595357492826e+01
2.310674703650713369e+01
2.168938279791333201e+01
1.980295715482280627e+01
1.839650693364949063e+01
1.738519777564034996e+01
1.628537501976576607e+01
1.566138700125415006e+01
1.513591505574920504e+01
1.454990909867553128e+01
1.455639849160261434e+01
1.520770135442103133e+01
1.609858696926589872e+01
1.724969303018325206e+01
1.916772258794897255e+01
2.105535258844040669e+01
2.242867762528904763e+01
2.315110063973899557e+01
2.301240376911685459e+01
2.221963930603382309e+01
2.214527289105456020e+01
2.179748757609606358e+01
2.155254416463494138e+01
2.138061953484975675e+01
2.230117085477889916e+01
2.211024364685716392e+01
2.105099904885826945e+01
1.952785036190166679e+01
1.845601152688287883e+01
1.767772917354242423e+01
1.670634935410148714e+01
1.606642896257210040e+01
1.541057007848754523e+01
1.493362835511966935e+01
1.492198143959405776e+01
1.559862440781465587e+01
1.647901870566132132e+01
1.760394713547336210e+01
1.959391631662516176e+01
2.162681078512504484e+01
2.337707913135666260e+01
2.402156268441079590e+01
2.381358390355130794e+01
2.245132645783539260e+01
2.221893972547966456e+01
2.201894805608324646e+01
2.191242100319004393e+01
2.182533806782023689e+01
2.242044233252303087e+01
2.222756974910262429e+01
2.117624302958846627e+01
1.947107583422327082e+01
1.795170546395460676e+01
1.692245555224320697e+01
1.584394768947565524e+01
1.530903302232752417e+01
1.482157860015786355e+01
1.443362799950747721e+01
1.452985508328782593e+01
1.521995138632087929e+01
1.599269532491637769e+01
1.709338148014849423e+01
1.837385014010643758e+01
1.952361073927659163e+01
2.002876779128977347e+01
1.981640347447057238e+01
1.940477979447929613e+01
1.828950340917862150e+01
1.826400331603453608e+01
1.773551429641285537e+01
1.734687892997165548e+01
1.704277141124919837e+01
1.793252675001354390e+01
1.825539365753984100e+01
1.789729086406945058e+01
1.702393216952375354e+01
1.613060591742413052e+01
1.544743163822825416e+01
1.465166027537102167e+01
1.415397270771002525e+01
1.380873358986468524e+01
1.354455914466490363e+01
1.361276017311559094e+01
1.444775616628167825e+01
1.521526559669037582e+01
1.657282787136929159e+01
1.913169278726892841e+01
2.198540299901500106e+01
2.391165430061375119e+01
2.412622116613370338e+01
2.363404624940784871e+01
2.217019610560328857e+01
2.166385640468938334e+01
2.153792600320170436e+01
2.167475842052395762e+01
2.183898575554331600e+01
2.255226661773484054e+01
2.202905440883393595e+01
2.083914102630062359e+01
1.935919107984836174e+01
1.770269348445603796e+01
1.649310754128766732e+01
1.524049826339031277e+01
1.431123415865526383e+01
1.382012757308636353e+01
1.347129734866999229e+01
1.357448246207836640e+01
1.430374417062272840e+01
1.526090477824460123e+01
1.674554441680432859e+01
1.925851340640652154e+01
2.185357462636010339e+01
2.372654233481386044e+01
2.396963099247362194e+01
2.347798750443505966e+01
2.234930829639996830e+01
2.191369103044948474e+01
2.169478832553354763e+01
2.162112471260502033e+01
2.174585487186394772e+01
2.265678600067033344e+01
2.232823535261291426e+01
2.094252999715133967e+01
1.937747960717985762e+01
1.741595330097669958e+01
1.619030343576726594e+01
1.535300665087394201e+01
1.443705054074801630e+01
1.386532827362262843e+01
1.353733769348686877e+01
1.356738211230594082e+01
1.423135314760418346e+01
1.518647897158511029e+01
1.668965195045453598e+01
1.915811721386464939e+01
2.156948270141262824e+01
2.325169356031131684e+01
2.376387963869648701e+01
2.327471240252814866e+01
2.197388903736203147e+01
2.178455479689736052e+01
2.167034619873609103e+01
2.178970325724709056e+01
2.188791318301579025e+01
2.264503947088280711e+01
2.260704701941711647e+01
2.112799362481047538e+01
1.942721403456582152e+01
1.786665990892466027e+01
1.661728995503524686e+01
1.518677531377895207e+01
1.438985535174490238e+01
1.385279099166103478e+01
1.356899335242365900e+01
1.366489240089711643e+01
1.440564394840173001e+01
1.546795880325530526e+01
1.699141731617642748e+01
1.948262451114942451e+01
2.182881677741788451e+01
2.357357715331134784e+01
2.424911156019082981e+01
2.377900561113472122e+01
2.259983999562562573e+01
2.219292901673865614e+01
2.217484889967027328e+01
2.231359331409211677e+01
2.236873673765112258e+01
2.337318598586265139e+01
2.287194842599907929e+01
2.143508241540722992e+01
1.968783238537619340e+01
1.836672640533040735e+01
1.728708595243256951e+01
1.626406941381546289e+01
1.539708730086546851e+01
1.481746643696727972e+01
1.450611007782143957e+01
1.461247602247025412e+01
1.539765202698769286e+01
1.638723037748633260e+01
1.813985460848117626e+01
2.041980798931103536e+01
2.270892076906518753e+01
2.461804201524497415e+01
2.535176801568063709e+01
2.500912125896454796e+01
2.369987828549584918e+01
2.320059846434891071e+01
2.275188267511991214e+01
2.286551155929365109e+01
2.285879971414437151e+01
2.370975999491973596e+01
2.326052746180866748e+01
2.198012460603158402e+01
2.046341606344798336e+01
1.886513770972267423e+01
1.763863075993842955e+01
1.655960619809598100e+01
1.570255712759222000e+01
1.516455309310465260e+01
1.478994799060381382e+01
1.477406634399808816e+01
1.558729578983460762e+01
1.654256425403857023e+01
1.787845674892496817e+01
1.971838468780176257e+01
2.135937142527153654e+01
2.277924212305585527e+01
2.352494840161744349e+01
2.346293737074423902e+01
2.211698171595215356e+01
2.210391480016352261e+01
2.198717874238411341e+01
2.152968273902047258e+01
2.133222879483222201e+01
2.220293763020802302e+01
2.224665005863961653e+01
2.133699299902431079e+01
2.049846396449533970e+01
1.905028762609013171e+01
1.786142944499676943e+01
1.675491913691720214e+01
1.586251304032412790e+01
1.535337361644898557e+01
1.497005456654465938e+01
1.507710851558009324e+01
1.574263157099727373e+01
1.666427709003044555e+01
1.772008926986496036e+01
1.911722183046315138e+01
2.001764493749593044e+01
2.039929974655232314e+01
2.067774889894286616e+01
2.035952404370269875e+01
1.946456143581426801e+01
1.964666690040013819e+01
1.940137983904220320e+01
1.900128360106501546e+01
1.873445531299309508e+01
1.960410980501248446e+01
1.999921528316716390e+01
1.958165838329986741e+01
1.897893649928139936e+01
1.825608891383278731e+01
1.770211790241889105e+01
1.702372448139941241e+01
1.719813863942091459e+01
1.697346660365384707e+01
1.671271338440343257e+01
1.654362582370606916e+01
1.710879657847830515e+01
1.792520042224883525e+01
1.931348472615843193e+01
2.166689997392667522e+01
2.422549988048232805e+01
2.602605491576319352e+01
2.678318582874598164e+01
2.658830289336666297e+01
2.514388214007769662e+01
2.470953585999602353e+01
2.498829569858811794e+01
2.498688552863612244e+01
2.511162948234521863e+01
2.585562812326173443e+01
2.474483200044165088e+01
2.340058494902967823e+01
2.222483246662203982e+01
2.030495544893886617e+01
1.927142204306811379e+01
1.870595191977896832e+01
1.757150655667124894e+01
1.705228584750978271e+01
1.659995938358832035e+01
1.667501639115830514e+01
1.739583027463154252e+01
1.820232102806078345e+01
1.957562460710323649e+01
2.201764385328170093e+01
2.445865242029680431e+01
2.619485138523252132e+01
2.684870097155431168e+01
2.667184719785726799e+01
2.555057795320038494e+01
2.531027928568725827e+01
2.521232234226895486e+01
2.535370234447877991e+01
2.523714901322290416e+01
2.537992724858595039e+01
2.464110759390799643e+01
2.319575438515511223e+01
2.134183743668148381e+01
1.987985912594107063e+01
1.868797050114659442e+01
1.785769218987628904e+01
1.673922423917338165e+01
1.609710922206150840e+01
1.576497901840235549e+01
1.585485516964242692e+01
1.660377232582297680e+01
1.760439384031997889e+01
1.922325490446187501e+01
2.134873977410930834e+01
2.355869034006549967e+01
2.511506182561343081e+01
2.571042990994552824e+01
2.543825550457004070e+01
2.424809117825376603e+01
2.398474172841564567e+01
2.380061483275304468e+01
2.369794705966302573e+01
2.379339637770829796e+01
2.415821675126142409e+01
2.347818642627692043e+01
2.219564544526015482e+01
2.064288096313943299e+01
1.918798901997458728e+01
1.815219828261899693e+01
1.718637358359017497e+01
1.615757464388007136e+01
1.558709115383976496e+01
1.516835768107675086e+01
1.529831172464774092e+01
1.606863847752686780e+01
1.712859031560628154e+01
1.875439816364147561e+01
2.087517855451382331e+01
2.327864999349639064e+01
2.497949325033613022e+01
2.539438796043952706e+01
2.510501745081886327e+01
2.403570650211389648e+01
2.362347856806081126e+01
2.327731709645335911e+01
2.300534888758082985e+01
2.287127000502049867e+01
2.333654111738478676e+01
2.338931026593472140e+01
2.215513109648078682e+01
2.049439420689701663e+01
1.893512703102810590e+01
1.761207773333170579e+01
1.646814070713008249e+01
1.526746533584771726e+01
1.467115615520381589e+01
1.448457632460552702e+01
1.453778042381354396e+01
1.535561932453646250e+01
1.638156149573931231e+01
1.768283614150700345e+01
1.985592493994708718e+01
2.175546834862053558e+01
2.301039852385197548e+01
2.334702022927680076e+01
2.294243246389877910e+01
2.163514719377525353e+01
2.152035527313482888e+01
2.146013258703650450e+01
2.132422326667501622e+01
2.119754766023423187e+01
2.204308672682073222e+01
2.241560205400013217e+01
2.138075833383653901e+01
2.000496609548677540e+01
1.866272332399381639e+01
1.744337873098308123e+01
1.619761493855616408e+01
1.511064355820498939e+01
1.461060623912908341e+01
1.429475364601286458e+01
1.427135928049841773e+01
1.515324023832667422e+01
1.605763927102843525e+01
1.721621495456692941e+01
1.878271403540472306e+01
1.984592054723308507e+01
2.019156397806257530e+01
1.983771486297290920e+01
1.948357673591473116e+01
1.839522130227659247e+01
1.827184970188197966e+01
1.780860038297508652e+01
1.759394461262979448e+01
1.744889589601763547e+01
1.812303979846585733e+01
1.892516150431336186e+01
1.854582080021647172e+01
1.797586833943820395e+01
1.728355342597081545e+01
1.652618744750276036e+01
1.568392811517306740e+01
1.487116037214040354e+01
1.436238795600434415e+01
1.400647208716099712e+01
1.431769945236609587e+01
1.520500468213404943e+01
1.630724079478557442e+01
1.782621342506330464e+01
2.056684464545707058e+01
2.327810216886940253e+01
2.511569761340167517e+01
2.543508763660339511e+01
2.484808990695669095e+01
2.343713239736782938e+01
2.332215060489978953e+01
2.341528021867915754e+01
2.329965973424884851e+01
2.313825187955816887e+01
2.394403654120875657e+01
2.370648079633228278e+01
2.216901565307923505e+01
2.071650610040500240e+01
1.908138162158459039e+01
1.776208403883570952e+01
1.647552774528442754e+01
1.532751238416719808e+01
1.467910354920482519e+01
1.435414692656874713e+01
1.452370116406815193e+01
1.543265456901982091e+01
1.649281309697985876e+01
1.810608441630101240e+01
2.067145521601113956e+01
2.328858093652684147e+01
2.493295932520929270e+01
2.535597729398383393e+01
2.492492758121046137e+01
2.377250952183451460e+01
2.355492350895464071e+01
2.371809429195747398e+01
2.362612808842547452e+01
2.354919404248783721e+01
2.409093627172287455e+01
2.407661513554638688e+01
2.301261737830597198e+01
2.140013663974145075e+01
1.974933996645358647e+01
1.845004089805000547e+01
1.716145834343637233e+01
1.607441012207837971e+01
1.535489170770151013e+01
1.491565232340121305e+01
1.510827127511224788e+01
1.595661119971450148e+01
1.702991106507079166e+01
1.848458335097445016e+01
2.085136709807859745e+01
2.342733486180225455e+01
2.504886058162330187e+01
2.548443576305250247e+01
2.501540164435015612e+01
2.393245838617968602e+01
2.362193420718656611e+01
2.359390574218700110e+01
2.351295137700472537e+01
2.336648355444014769e+01
2.387125167520401803e+01
2.388896464110785800e+01
2.264185663254390235e+01
2.099660502750254309e+01
1.923009642628122151e+01
1.771164329024222894e+01
1.649672704240770571e+01
1.548486785777332919e+01
1.482469607847120230e+01
1.445850898823315234e+01
1.460808974544143091e+01
1.547738068689987401e+01
1.659460261357182631e+01
1.820245835214412011e+01
2.054547007620848476e+01
2.290153801438606962e+01
2.449052735484650256e+01
2.447373950326520742e+01
2.413176907429985718e+01
2.290330277927737512e+01
2.256183693537439439e+01
2.252357280256564565e+01
2.240356155616350975e+01
2.206189855702227476e+01
2.282683629594271935e+01
2.306450418523192525e+01
2.209044493894233696e+01
2.068185998860453978e+01
1.911826385530279637e+01
1.773851341791637637e+01
1.658938844484461939e+01
1.539338451757812543e+01
1.456266610632561509e+01
1.422099315089334226e+01
1.429776206836761610e+01
1.519954134311395322e+01
1.631212590319820421e+01
1.792489137326918325e+01
2.040977528271696784e+01
2.271025982216952599e+01
2.425428329263755600e+01
2.497271015508247771e+01
2.452464496969143681e+01
2.337955880546276433e+01
2.319282654757510542e+01
2.298100438685428770e+01
2.284281502260582997e+01
2.270723079939796207e+01
2.324611931172202617e+01
2.351089222221854413e+01
2.243729189158639414e+01
2.097192559651415067e+01
1.934165661938221703e+01
1.801062365102418994e+01
1.676463646605409963e+01
1.554064349825655889e+01
1.482770264508563152e+01
1.447760556840606583e+01
1.462040661890692483e+01
1.542028841059097566e+01
1.664292786837792804e+01
1.800507547618954263e+01
1.996299759446604938e+01
2.162595822613334207e+01
2.285738048320829208e+01
2.355232777743404426e+01
2.333589661474269406e+01
2.197990198747817558e+01
2.180438269518544558e+01
2.165718733123995321e+01
2.152620353794004870e+01
2.119035580503718208e+01
2.186582479197643991e+01
2.247731301300897044e+01
2.180197017764132283e+01
2.085206725178753828e+01
1.944257710214632340e+01
1.822915226754542672e+01
1.707450877861478489e+01
1.591021826449930998e+01
1.517973691938052738e+01
1.487108654681572695e+01
1.496875937835933179e+01
1.567776364929908617e+01
1.652176444902399055e+01
1.763946520869900070e+01
1.923196804291667306e+01
2.035615581423090958e+01
2.067754847166066767e+01
2.052471264706639431e+01
2.007698231410127221e+01
1.890376541494270413e+01
1.904411911065932728e+01
1.861145734402315455e+01
1.817371373378021815e+01
1.788984373749214285e+01
1.828681166513296930e+01
1.885234187711696663e+01
1.868361925905338339e+01
1.797198475225088998e+01
1.713061397937833874e+01
1.625860325188310185e+01
1.519789796069920484e+01
1.447556369854656744e+01
1.392071224647742511e+01
1.357602980291451011e+01
1.365108680674793185e+01
1.451437265480347527e+01
1.550431784258736201e+01
1.707164068875082918e+01
1.973509305128477109e+01
2.243039974160049255e+01
2.401194022448808596e+01
2.433368951318422546e+01
2.388756693430962486e+01
2.257172094914433558e+01
2.221743200148087638e+01
2.221802323219850450e+01
2.194505547838732440e+01
2.178625051494488218e+01
2.238147735555268980e+01
2.256634974043747022e+01
2.152663242605744287e+01
2.018475649918612547e+01
1.850599849701636046e+01
1.715275521256717894e+01
1.577519226106884886e+01
1.474442068197167188e+01
1.409003660333812213e+01
1.360476614144188545e+01
1.360606887048232672e+01
1.446294640994432967e+01
1.540914518156381341e+01
1.691294172343509317e+01
1.879054767183617969e+01
2.002598996160976697e+01
2.040989454843895246e+01
1.973005814086015164e+01
1.884634800076071315e+01
1.769898445716833635e+01
1.734832856686583114e+01
1.690678821497683515e+01
1.659249926844880463e+01
1.640155765916276209e+01
1.734135989757491103e+01
1.818829126957564668e+01
1.799308654412914166e+01
1.746441283727664029e+01
1.655241604793592813e+01
1.555172994324194136e+01
1.446913586204921920e+01
1.344246925768317347e+01
1.278529777730025607e+01
1.242184949763970536e+01
1.261798309341793534e+01
1.342354457942924029e+01
1.444421440639480458e+01
1.598556873578056958e+01
1.882504445627350975e+01
2.147996466573487950e+01
2.343521864582128345e+01
2.409259892157240301e+01
2.358590491425389502e+01
2.205580813241521909e+01
2.169019057424603503e+01
2.159019094285517326e+01
2.168763600398505531e+01
2.164372334238554885e+01
2.224037002676907449e+01
2.233835440462390309e+01
2.107679542682219065e+01
1.967391775382656505e+01
1.796639962858204242e+01
1.649994704962155723e+01
1.503955312671644151e+01
1.389038047950041843e+01
1.314584334085119721e+01
1.269839900295780666e+01
1.270428378167851946e+01
1.357078554809892879e+01
1.464929584399030027e+01
1.638848969761575702e+01
1.913555999705363675e+01
2.167663061716012862e+01
2.351900496738499768e+01
2.416500667437356853e+01
2.404100754170435650e+01
2.273598152630463431e+01
2.201067952570464570e+01
2.211241997256512093e+01
2.201767147211337416e+01
2.183718504807989902e+01
2.235996494293605963e+01
2.233087733331994684e+01
2.114020758072182460e+01
1.994729620967335038e+01
1.821489124740871901e+01
1.676295454678027497e+01
1.532178118351509788e+01
1.413171990229245090e+01
1.325721647209414655e+01
1.285067921530555068e+01
1.310108589636163856e+01
1.397461801436318929e+01
1.510611783060170943e+01
1.684399857921090060e+01
1.964234161786999522e+01
2.220869778842282827e+01
2.391726948120057372e+01
2.460342476017358848e+01
2.432520999972954101e+01
2.313831726158462843e+01
2.271325908439847296e+01
2.245999876603115908e+01
2.238659143344677460e+01
2.208172134774181927e+01
2.261460898203495518e+01
2.271440680031148318e+01
2.157342361996551006e+01
2.028981834148174102e+01
1.870980661198752060e+01
1.721682699681300122e+01
1.571905907285560744e+01
1.444855521899687290e+01
1.368268698303253572e+01
1.322373060920969046e+01
1.329776112156656076e+01
1.419993576294372595e+01
1.521365416312233165e+01
1.673547582065904393e+01
1.902969356442312687e+01
2.111395593409089599e+01
2.280447189305717615e+01
2.359474227560775361e+01
2.350128368902692344e+01
2.205086333181920821e+01
2.172649800284164456e+01
2.137431557298021900e+01
2.117290536372055954e+01
2.106586245986075667e+01
2.159981992553450780e+01
2.202068174004345380e+01
2.094598811924419479e+01
1.968618274201524443e+01
1.802492024581551178e+01
1.654449352982265609e+01
