1.583374288141876377e+03
1.610653123007594331e+03
1.642838286410637693e+03
1.762341699136300576e+03
1.951343751714953669e+03
2.178283415884340684e+03
2.349082539225148594e+03
2.435082300100912562e+03
2.442806397675359676e+03
2.420575889421019383e+03
2.417765402466461182e+03
2.424056098465998275e+03
2.429212500640883263e+03
2.381021399584650680e+03
2.354064259564496751e+03
2.365639533599478455e+03
2.278285461575449062e+03
2.206749260232786128e+03
2.194084170032326256e+03
2.167276227504927192e+03
2.063949946343141164e+03
1.980978825801458015e+03
1.884407288748118845e+03
1.796858838531225047e+03
1.712822352467794417e+03
1.717111824892967888e+03
1.736613708436096886e+03
1.835215723740849171e+03
1.969753010247455450e+03
2.138626846388057402e+03
2.288417693696277638e+03
2.367003094636125297e+03
2.394916222072295568e+03
2.324436403045124734e+03
2.337894196710562028e+03
2.347042054783638832e+03
2.327812463093549468e+03
2.321812054595303835e+03
2.318608553081603986e+03
2.330023718889722204e+03
2.296140731217993107e+03
2.281976149422433991e+03
2.272801762060792498e+03
2.256864568668338052e+03
2.229682257290766302e+03
2.149585668930604243e+03
2.048917158929483776e+03
1.937183183115923384e+03
1.896485729987039804e+03
1.907876747443930526e+03
1.877049859675070365e+03
1.916710586096334964e+03
2.006850806584798420e+03
2.081061725528481475e+03
2.106549790781872616e+03
2.108280279875874385e+03
2.080829781392556015e+03
2.049699405757553450e+03
2.085542194292056593e+03
2.065096166901283596e+03
2.035937962303928543e+03
1.981015361946128223e+03
2.003271247224201943e+03
2.112802244201152462e+03
2.128972487452395399e+03
2.181776145104036004e+03
2.150722698987857257e+03
2.113559235107617496e+03
2.055216896237704987e+03
1.983982934175252012e+03
1.909497831047409363e+03
1.854144609799436239e+03
1.809306051248392578e+03
1.798286487247509740e+03
1.782326272420493751e+03
1.844170802315713672e+03
2.011514548376629136e+03
2.213079707217904797e+03
2.380088768192683347e+03
2.453319045302454015e+03
2.452910691461484021e+03
2.407580487751565215e+03
2.404018433333797475e+03
2.405865649937424678e+03
2.359352963001910666e+03
2.342030859544725445e+03
2.339942686442379909e+03
2.385858319498559922e+03
2.301275374645700595e+03
2.211944686870536316e+03
2.214365227371823494e+03
2.157922300725599598e+03
2.077809578684905773e+03
1.956454019076270924e+03
1.880589857767250123e+03
1.821901794473761584e+03
1.783088099524044083e+03
1.805958382445384359e+03
1.812910694561481250e+03
1.890219385790061551e+03
2.072629273042338355e+03
2.287527580559981743e+03
2.468992233748790568e+03
2.515069991887577999e+03
2.497038736128298297e+03
2.400034778831554831e+03
2.427802774644224883e+03
2.441294113752295743e+03
2.418899237341011485e+03
2.405768681989553897e+03
2.405398081638890744e+03
2.404709068558473064e+03
2.291797474751285336e+03
2.247175498049490216e+03
2.219129942225508330e+03
2.213035165269179743e+03
2.158290882846760269e+03
2.031454832133116270e+03
1.948492107372422424e+03
1.876583300243899203e+03
1.840826894506908502e+03
1.854212417458266145e+03
1.835258532795677411e+03
1.912409340771135930e+03
2.088556784099740980e+03
2.302877613991195631e+03
2.493462539617582934e+03
2.576154500057155019e+03
2.548236750304260113e+03
2.493507933440150282e+03
2.521855126372116501e+03
2.536696008749570865e+03
2.554069237126586813e+03
2.475762425395850187e+03
2.453686041134549214e+03
2.516207531151619605e+03
2.429525426606095607e+03
2.357193345084411703e+03
2.285431546491674453e+03
2.253123875334845707e+03
2.177889818862456650e+03
2.039306593933797558e+03
1.965858400088246526e+03
1.891250394356357447e+03
1.850092903426040039e+03
1.871277648034869344e+03
1.859181770647391431e+03
1.922738525014992547e+03
2.093405956870908085e+03
2.313255273889358250e+03
2.451861974998994810e+03
2.518347997619371654e+03
2.512486432966796656e+03
2.451546181862488083e+03
2.459193749935493997e+03
2.460959582833983404e+03
2.418698895392358281e+03
2.398119835186049841e+03
2.399448135220947734e+03
2.463071163414746479e+03
2.352099435626185823e+03
2.287227546468697710e+03
2.277494303021741871e+03
2.255011951569664234e+03
2.181366874717799419e+03
2.051140008698839210e+03
1.965147087820760362e+03
1.902884700207519245e+03
1.870414461313051561e+03
1.879020131585642730e+03
1.885005399401889008e+03
1.956217027836992202e+03
2.131495320939377507e+03
2.354599645206016703e+03
2.506005392711959757e+03
2.596047574893560977e+03
2.599597951528193789e+03
2.584562363284891944e+03
2.578089837915253611e+03
2.572997630562923405e+03
2.501956954080968899e+03
2.408992852602608309e+03
2.395335267702440433e+03
2.397566467370927967e+03
2.287386335260004671e+03
2.182935250981039644e+03
2.145369948101722002e+03
2.098150903611145623e+03
1.993156082744812920e+03
1.877153227642942056e+03
1.818397770415056357e+03
1.773137693657057753e+03
1.741895190120553480e+03
1.755148741372449422e+03
1.765998296533703524e+03
1.852508920808559651e+03
1.998023528473454235e+03
2.152866653957108610e+03
2.288435822661818293e+03
2.352397929827681310e+03
2.304505947805871983e+03
2.240326950996024152e+03
2.233566876109865916e+03
2.186103906726341847e+03
2.104189453670240255e+03
2.027950573653858328e+03
2.076013168949033115e+03
2.170746666792055748e+03
2.146471097800068037e+03
2.128822162437743827e+03
2.081600067434089851e+03
2.027692144184246217e+03
1.919378503342822796e+03
1.805832315503924747e+03
1.752429008134937476e+03
1.703352210657847991e+03
1.687686423144492892e+03
1.700272068642252179e+03
1.706228107294339225e+03
1.772806268887809892e+03
1.897372710128765448e+03
2.017420711592111275e+03
2.067671177532115053e+03
2.028524195354556014e+03
1.953078327733587457e+03
1.893358551175288085e+03
1.908903676331071210e+03
1.858429462727714508e+03
1.769750196827157424e+03
1.730069018557235950e+03
1.772730700420696621e+03
1.871157357919774768e+03
1.956265381378044140e+03
1.987583534867204207e+03
2.000218057112792621e+03
1.985825308931783638e+03
1.909958143521817874e+03
1.789797629147136831e+03
1.729478304859630043e+03
1.673407440967529283e+03
1.646268083021983784e+03
1.665278179421311506e+03
1.689029333726868799e+03
1.778513621905648506e+03
1.992464713742102731e+03
2.250447280077510641e+03
2.450608739524109296e+03
2.525564147048823997e+03
2.462683258849674530e+03
2.386614641432215194e+03
2.371935425237251820e+03
2.336036140201513717e+03
2.262034122028641832e+03
2.200504878070713858e+03
2.206820202213757511e+03
2.254645488878105425e+03
2.150343404029513749e+03
2.079922405563843768e+03
2.056529508942779557e+03
1.983779058898456697e+03
1.851396659421252707e+03
1.734091059803430426e+03
1.666517749376973370e+03
1.639114572247553497e+03
1.613485947680914705e+03
1.642284517755904290e+03
1.667725331495941191e+03
1.772247936479896680e+03
1.981414670297285284e+03
2.249177170698424561e+03
2.435140585193763854e+03
2.514685114839900052e+03
2.452176835221212059e+03
2.366951962213791376e+03
2.340490835231003530e+03
2.295778294172240749e+03
2.244470299649207391e+03
2.201263800728791011e+03
2.218174239281564951e+03
2.261329519159689880e+03
2.177855096617952768e+03
2.143944370476217500e+03
2.101796779328750745e+03
2.066435353009753726e+03
1.946319845597852691e+03
1.845026805633681533e+03
1.701899617544145258e+03
1.652879323648753825e+03
1.629782376929506654e+03
1.688225891370477484e+03
1.694225432246486889e+03
1.750758790834390993e+03
1.978525366923283400e+03
2.236182048998206483e+03
2.437441708958125218e+03
2.544515950816365603e+03
2.505896771220802293e+03
2.397680040282306436e+03
2.341213049092551501e+03
2.297692250790018988e+03
2.240067694855544232e+03
2.189456534918898342e+03
2.206085758176118816e+03
2.248032558228834205e+03
2.183309484579075161e+03
2.154970381539997106e+03
2.129350695129892756e+03
2.090984385896491858e+03
1.983251648982023880e+03
1.812047005019142489e+03
1.744159387307906172e+03
1.677839584811277746e+03
1.652704986276586396e+03
1.667226628715040533e+03
1.699141711240313043e+03
1.827688808231820531e+03
2.022438604846794988e+03
2.247946695085090141e+03
2.452500408115350638e+03
2.503290165864697883e+03
2.457711664682307855e+03
2.347101631226604241e+03
2.294287312375347938e+03
2.227088081373666682e+03
2.149202118252424043e+03
2.119831491966888279e+03
2.137830702466756065e+03
2.200650838789238605e+03
2.129635634066427883e+03
2.074110671252612974e+03
2.019512406624435926e+03
1.992684844833148190e+03
1.903717016061471440e+03
1.742809368781584226e+03
1.675838759800488788e+03
1.627896288586672654e+03
1.633181131593526061e+03
1.659934484389511908e+03
1.688975228640723344e+03
1.820190989110533792e+03
2.016266722264123246e+03
2.271658010967699738e+03
2.457162317688685107e+03
2.511353000984405298e+03
2.433691102704192417e+03
2.330801319666164545e+03
2.309753089231192462e+03
2.257310893862726971e+03
2.171751175776656510e+03
2.131296622307079360e+03
2.151522884702868851e+03
2.173511856769167480e+03
2.130676839178281170e+03
2.112557290829825888e+03
2.075876942962116118e+03
1.972491981974700593e+03
1.889477246363988570e+03
1.740010162354398517e+03
1.673955713581841337e+03
1.630718352553846671e+03
1.603884270808726569e+03
1.648527179162839957e+03
1.675061245323135381e+03
1.794202086417635655e+03
1.954570390480430433e+03
2.145815555192886677e+03
2.309609443817895681e+03
2.371994789418546134e+03
2.336116793663977660e+03
2.268849019478279843e+03
2.242297907172234318e+03
2.193970656667546336e+03
2.116515470440950139e+03
2.055446873248025440e+03
2.089842009707759644e+03
2.150814795136465364e+03
2.133255345773338831e+03
2.099103201751619963e+03
2.037705070425697158e+03
2.027160673336772788e+03
1.927408766351218446e+03
1.791136174275984558e+03
1.697356027296546245e+03
1.623797626298863634e+03
1.608516465460588961e+03
1.644353959783380105e+03
1.669924469073486080e+03
1.752053161006758046e+03
1.886383846822126088e+03
2.029284543255130757e+03
2.054740936790808973e+03
2.076519423310673574e+03
2.048122089139030322e+03
1.962518438545613435e+03
1.956040951530043458e+03
1.920061497325807295e+03
1.870005728337546998e+03
1.820412241273915015e+03
1.847456328165264495e+03
1.912015943595156386e+03
1.937629835973631543e+03
1.981917467028267993e+03
1.920440766939423156e+03
2.020774078284349798e+03
1.973428961031779863e+03
1.833111675181308783e+03
1.726555954762422516e+03
1.652615975409464227e+03
1.630558308200260626e+03
1.655850507023453474e+03
1.698073951141820544e+03
1.821890958616556873e+03
2.067045551473758678e+03
2.357121127170703403e+03
2.571106849376005812e+03
2.633758868746627741e+03
2.616441910207765886e+03
2.519629351990819487e+03
2.495972211360971414e+03
2.470021301364951796e+03
2.440493780916325250e+03
2.356399292573262755e+03
2.385545606407654304e+03
2.346549302476010325e+03
2.188724085744528111e+03
2.107512366116504836e+03
2.126158167082238378e+03
2.079295193466972250e+03
1.998455138862558670e+03
1.854126931193457267e+03
1.737119817097209307e+03
1.661684182181135156e+03
1.635847857117520789e+03
1.673853675154110306e+03
1.712968978460789231e+03
1.839150467285823652e+03
2.048979614553848933e+03
2.319445220048779447e+03
2.494525300070151843e+03
2.558973192940704848e+03
2.548195061771377823e+03
2.447520754196640610e+03
2.381835693568072656e+03
2.322748047865844910e+03
2.262449519125320876e+03
2.222596199803557283e+03
2.231304533299179639e+03
2.236711383740404472e+03
2.142367751594581932e+03
2.086366758322657006e+03
2.084776483637233923e+03
1.997583258981424933e+03
1.878305952295514089e+03
1.746756324984680532e+03
1.656282755992934653e+03
1.599222015513495535e+03
1.580822271331353249e+03
1.614710882542575973e+03
1.654852920148295198e+03
1.760152744095182697e+03
1.972441679726752454e+03
2.226124985032045970e+03
2.384283649796223472e+03
2.422842123992300913e+03
2.389386716630238880e+03
2.294652945107010055e+03
2.260612504339930638e+03
2.183692592760350180e+03
2.087900417542501600e+03
2.024421295746928536e+03
2.050089204241616244e+03
2.083698435488571249e+03
2.037964838502210569e+03
1.988555774404666863e+03
1.977483380219835908e+03
1.918736189368620444e+03
1.810953595024297329e+03
1.672173725168381225e+03
1.580067161081580707e+03
1.526927007582949500e+03
1.519259739331045694e+03
1.558840105846563119e+03
1.608375233591497818e+03
1.741598851558554088e+03
1.985803637116147911e+03
2.271037165648225709e+03
2.471141963692919035e+03
2.556515989462354355e+03
2.531436261053270300e+03
2.437141202227494432e+03
2.398046683638466220e+03
2.359103384057209041e+03
2.312437043593687122e+03
2.276826219948092785e+03
2.259059793923900088e+03
2.257319907295345729e+03
2.177594842387653898e+03
2.125870085295802710e+03
2.107343142607112441e+03
2.040680829593362205e+03
1.962205643257274687e+03
1.810566086072980397e+03
1.693700609226931192e+03
1.620883633482994810e+03
1.590329694441239326e+03
1.628013883307264450e+03
1.679093755573053159e+03
1.807437748141708425e+03
2.037610836670094159e+03
2.323835079848443002e+03
2.524720435296719643e+03
2.602344907946694093e+03
2.566557692606649198e+03
2.447875481373621369e+03
2.417989475083806155e+03
2.371604535225562358e+03
2.331832809609552442e+03
2.291459417781514730e+03
2.270275960775263684e+03
2.244523322634881424e+03
2.145778131995084550e+03
2.087066944541641988e+03
2.061081636505879942e+03
2.023952373397444944e+03
1.941628828632754903e+03
1.815168068585453511e+03
1.707105873419020099e+03
1.628595690718442711e+03
1.590552046342629637e+03
1.634162525678200154e+03
1.672316202613556015e+03
1.786246362694035270e+03
1.964533327974946587e+03
2.172311567653385282e+03
2.330186400241508181e+03
2.384861030816521179e+03
2.378631108815870903e+03
2.289747722081658594e+03
2.250963590307141658e+03
2.212910828568486522e+03
2.165103476318988214e+03
2.131940830829528295e+03
2.135440053470415933e+03
2.143013981352679821e+03
2.113671864124069998e+03
2.061916102975183549e+03
2.049181010720477389e+03
2.028331157732657630e+03
1.944737597821500913e+03
1.849077632443176981e+03
1.748582581716154436e+03
1.663053713397177262e+03
1.634745322840248718e+03
1.653941460319452972e+03
1.682755458141012696e+03
1.783095489167201777e+03
1.912529221914770460e+03
2.030465426608752750e+03
2.107283053079563615e+03
2.100929045593215051e+03
2.046196631372910815e+03
1.984344422839387562e+03
1.982018693812404535e+03
1.932011629014460595e+03
1.879707570987585086e+03
1.842313786168597062e+03
1.867346070910957678e+03
1.902528456074296628e+03
1.913328339510930618e+03
1.923990891950278183e+03
1.970332621427912272e+03
1.979902996843615028e+03
1.946751363797366821e+03
1.849199258513325731e+03
1.750525787168937313e+03
1.676591355140302539e+03
1.643268227902730132e+03
1.656080130500766927e+03
1.695916366568345893e+03
1.797807465214378908e+03
2.019909622145298727e+03
2.311104547258262301e+03
2.495431159802924867e+03
2.549054057276754975e+03
2.536173000315334775e+03
2.480311752826992688e+03
2.418219900762777343e+03
2.399905604231139023e+03
2.360217443046966764e+03
2.327267806787229347e+03
2.352313980013665969e+03
2.327578031597165591e+03
2.177093725608744990e+03
2.102705672299284743e+03
2.073325974959451742e+03
2.045377560712729519e+03
1.978223213013622171e+03
1.909843880927872078e+03
1.798348505753563813e+03
1.716540696240414036e+03
1.674962838449086121e+03
1.712288807179080322e+03
1.723522964309884401e+03
1.844552809152468399e+03
2.062040941952372123e+03
2.311432134619179578e+03
2.475299283294742963e+03
2.599881666738347576e+03
2.569620298161933533e+03
2.476134193147647238e+03
2.458451420546924055e+03
2.447872343694355550e+03
2.415654015853883266e+03
2.381426059603905287e+03
2.374134525757681786e+03
2.333210669839744241e+03
2.212460758860839178e+03
2.124202969222766114e+03
2.093970074403170656e+03
2.080346446991722587e+03
2.035073581671472994e+03
1.915924163938868332e+03
1.837469756124120522e+03
1.733850391147791470e+03
1.684041704340066872e+03
1.697342712096193964e+03
1.741558906223162012e+03
1.832553015923447219e+03
2.064333965979930326e+03
2.310591476977838738e+03
2.521103388502728194e+03
2.615791438420608301e+03
2.591657768519858109e+03
2.506617344600707384e+03
2.497001582213416896e+03
2.473407673320169124e+03
2.422289970878379791e+03
2.365578451550811224e+03
2.350769670206138017e+03
2.348405113974136839e+03
2.210565486931454416e+03
2.109785979270407552e+03
2.111885400438428405e+03
2.109295092955089785e+03
2.039037842467093924e+03
1.937707378141368281e+03
1.846172161015818574e+03
1.779937326367462219e+03
1.724510265472762057e+03
1.730140175132911736e+03
1.768636162838476366e+03
1.883712391245006074e+03
2.084534077592822541e+03
2.314887149142223734e+03
2.556182269999559139e+03
2.608491972841667575e+03
2.604144537831806247e+03
2.469323095509462746e+03
2.461467191477493543e+03
2.443222204618052729e+03
2.410757243558400660e+03
2.358873877733734389e+03
2.354250827048674637e+03
2.381677854691847187e+03
2.252880470915560636e+03
2.195751718645859000e+03
2.160594811166585259e+03
2.137756078145123411e+03
2.044600106140449270e+03
1.915210460618679463e+03
1.849844536398319633e+03
1.796022800197278229e+03
1.756031336527120629e+03
1.799648254939592789e+03
1.831515747474235468e+03
1.943512427295243697e+03
2.080138154765623767e+03
2.211301780909400350e+03
2.303642905412570144e+03
2.328792287033555112e+03
2.298510927783840543e+03
2.315100626956746964e+03
2.306021010633615788e+03
2.273139175279288338e+03
2.217722318361879388e+03
2.161902637727794172e+03
2.196860151181756009e+03
2.251894518035839155e+03
2.157598119235819922e+03
2.131596450326599552e+03
2.125715860600975702e+03
2.105371581254260036e+03
2.093887366871865197e+03
2.012400731405826946e+03
1.908301762308480193e+03
1.825343732365479582e+03
1.765324223709133548e+03
1.788430009544890481e+03
1.808306643449317107e+03
1.910828449803434296e+03
2.084987256327128307e+03
2.317177835032176517e+03
2.500260303094306892e+03
2.590050117349977427e+03
2.599749655406365946e+03
2.493653686824148281e+03
2.492288337364082054e+03
2.491574372077586759e+03
2.441980063661190343e+03
2.367538725461075501e+03
2.388683120239044456e+03
2.381817625475419845e+03
2.167953360821354636e+03
2.062195955434185180e+03
2.027623870551461323e+03
1.985159264475681994e+03
1.934558286671160886e+03
1.865435674871423998e+03
1.802539425653316812e+03
1.743232761957893672e+03
1.689568559175418159e+03
1.686710880922006254e+03
1.713021687957594850e+03
1.785148041701298325e+03
1.921455376496206782e+03
2.036627126099798716e+03
2.091960416976626675e+03
2.083971001990924833e+03
2.054903403155894011e+03
1.979694223164771984e+03
2.016039760561041021e+03
1.957596916222357777e+03
1.882277597335731571e+03
1.820514924724854154e+03
1.881312745295084369e+03
1.949806037533449626e+03
1.952656318384354790e+03
1.932557119436917446e+03
1.935509002982201764e+03
1.932595281263777679e+03
1.901637737684778131e+03
1.817703273831237084e+03
1.735256712910013221e+03
1.679838556820695203e+03
1.646211940245290634e+03
1.676051807433137355e+03
1.713517834721537156e+03
1.837307999041362564e+03
2.071462915385679025e+03
2.378121169297915912e+03
2.602127230969247194e+03
2.671756092479638482e+03
2.669245367568577876e+03
2.493706288196685364e+03
2.466984881553083142e+03
2.487079372012902695e+03
2.467910802932043680e+03
2.433872687765080627e+03
2.435262246386409061e+03
2.354983867293892217e+03
2.267827141013929122e+03
2.169253734993480066e+03
2.123824953605052997e+03
2.080088866059991688e+03
2.017123495825571808e+03
1.912947430583538790e+03
1.818846544985344281e+03
1.738558802900039836e+03
1.694304795822789856e+03
1.728590247515159035e+03
1.753005811266322326e+03
1.867238413881753104e+03
2.077805185607621297e+03
2.358238820146366834e+03
2.597016989312176975e+03
2.687886013885602097e+03
2.664413799947553798e+03
2.589608924174017375e+03
2.586624927012371245e+03
2.578489570181343879e+03
2.533236394514855419e+03
2.469921407878522587e+03
2.467172333214021819e+03
2.393447749928210669e+03
2.287508279163368570e+03
2.205054088682817564e+03
2.148547376278365846e+03
2.125239099161105514e+03
2.056148060182190420e+03
1.949069328206221599e+03
1.849268959544612926e+03
1.799902522515822739e+03
1.756120667406330313e+03
1.776097284825286124e+03
1.815452475168695855e+03
1.919352879640312267e+03
2.138172072859118998e+03
2.417919869079131331e+03
2.640492516128936586e+03
2.750623545964380355e+03
2.734166911584979061e+03
2.650783364299203640e+03
2.642870100385698152e+03
2.649107585352974183e+03
2.607040486022193363e+03
2.549262625129862954e+03
2.542489290292221085e+03
2.462096393876640832e+03
2.350515395402402646e+03
2.250917079741947873e+03
2.194752389852413216e+03
2.176717067868461982e+03
2.101246238208474097e+03
2.016408348648012407e+03
1.921083434154571705e+03
1.852493064111418107e+03
1.814806408088906664e+03
1.850018486487289010e+03
1.880468938825078794e+03
1.982876846303972798e+03
2.205495184389365022e+03
2.451737930849922122e+03
2.666782993331647958e+03
2.747616671139546270e+03
2.760334554161209326e+03
2.683394037207814563e+03
2.681814569231569749e+03
2.664139577760495740e+03
2.602710341967579097e+03
2.500562877469713385e+03
2.496297336563045519e+03
2.457892186854035117e+03
2.338229576321934928e+03
2.215042336561657521e+03
2.184468615026000862e+03
2.189199038224276137e+03
2.126920330117203775e+03
2.028553023487124619e+03
1.944358001514178113e+03
1.858570751268171534e+03
1.822410201602811412e+03
1.857802473856787628e+03
1.879841905902119152e+03
1.976135045926007933e+03
2.193670581133917494e+03
2.470140261179956724e+03
2.673882587811568555e+03
2.739882610211935571e+03
2.736105210022165920e+03
2.663946280859345734e+03
2.703273996644891213e+03
2.715014369109359905e+03
2.660536888293188895e+03
2.579677350099493196e+03
2.551429007641175303e+03
2.496724653663009576e+03
2.389336482268221971e+03
2.303053509288671648e+03
2.314388947360900602e+03
2.214309787057268750e+03
2.192861933481355209e+03
2.105691497347056156e+03
2.005871248352985504e+03
1.925310274957521642e+03
1.897534561188014550e+03
1.912088221159162458e+03
1.931559037538310349e+03
2.019694829674671610e+03
2.190739706123806172e+03
2.373302023504066710e+03
2.500397481118273390e+03
2.571535570455640482e+03
2.592075412518607209e+03
2.547866511858860576e+03
2.590863894979113411e+03
2.617128398967348403e+03
2.525038563439205063e+03
2.435861967621891836e+03
2.484636736754605408e+03
2.500826189697798782e+03
2.381283097390981766e+03
2.311405833514313599e+03
2.251064994518766525e+03
2.266540837785101758e+03
2.163943832877350360e+03
2.026758269034595287e+03
1.959812272346936652e+03
1.901564485225633234e+03
1.854648457065197590e+03
1.881322257470729710e+03
1.888582502004794605e+03
1.950515155940966451e+03
2.074411857280167624e+03
2.181673159011103508e+03
2.248137017323240343e+03
2.246877007946232425e+03
2.212747411022908636e+03
2.170518954486786697e+03
2.243612790185703943e+03
2.180172698735876565e+03
2.067371218727347241e+03
1.996185355675697338e+03
2.036100001668697132e+03
2.140158435166137224e+03
2.152020455304928419e+03
2.197448051780010246e+03
2.208487649700439306e+03
2.264055180885980917e+03
2.188301914901614055e+03
2.006258789959656042e+03
1.948038965269187429e+03
1.905158523026984085e+03
1.887087474253332175e+03
1.889893730263745965e+03
1.905224193732269669e+03
2.006527707554192602e+03
2.224754724922527657e+03
2.438494490067865172e+03
2.614309151342908535e+03
8.525132046470818068e+02
5.648412805972382102e+02
8.226487291874086623e+02
1.481983851619741245e+03
2.022238461196470098e+03
2.183857635795362967e+03
2.212914312567801062e+03
2.283971475483193444e+03
2.206134179686540392e+03
2.240814296538966573e+03
2.251957172136555982e+03
2.198708757465539747e+03
2.186568511676592607e+03
2.147147612302416292e+03
1.989291570942455564e+03
1.869547356410817656e+03
1.809634717796952600e+03
1.768611157963857522e+03
1.805800163152131290e+03
1.848981805878066098e+03
1.925586740761043984e+03
2.151492125169377687e+03
2.468345716409291072e+03
2.138593422344490136e+03
3.140486425972627330e+03
3.160239528154001164e+03
2.885905241705332628e+03
2.684299964728328177e+03
2.592955800083894701e+03
2.603008862488136401e+03
2.564373881955045817e+03
2.554201570432818244e+03
2.578685539762139797e+03
2.395217529689364710e+03
2.256497755188775045e+03
2.233899519672397673e+03
2.245807214490774186e+03
2.078574960973713132e+03
1.972970817240391625e+03
1.870194719083676546e+03
1.796458426355947495e+03
1.755787522104517393e+03
1.803625079693609450e+03
1.829014541615965982e+03
1.920598468635302652e+03
2.142364820097484881e+03
2.454352597883904764e+03
2.210230152585052565e+03
2.979939597136599332e+03
3.162265875093067734e+03
2.908574708478546199e+03
2.692298191307853358e+03
2.561960076445841878e+03
2.538730478232591850e+03
2.535967071420029242e+03
2.559680623810318139e+03
2.619306591312998535e+03
2.469409722472044905e+03
2.350949979609208185e+03
2.386211587481958759e+03
2.429317996313532149e+03
2.305101215785204658e+03
1.853475125336631436e+03
1.734293763919022240e+03
1.714482029097812301e+03
1.720418454656147333e+03
1.792980024833530479e+03
1.842020534710909033e+03
1.980465272601370543e+03
2.128795701157088843e+03
2.339575637102378096e+03
2.256644050102127494e+03
2.817890538119831945e+03
3.034103577944507379e+03
2.932700418201578032e+03
2.711539032636969750e+03
2.565565185252769879e+03
2.488743827338525534e+03
2.447368722811065254e+03
2.483781805825150059e+03
2.477777649784918594e+03
2.345810714655849551e+03
2.255206085991902910e+03
2.204040340349165035e+03
2.169044230610388695e+03
1.907604200251966859e+03
1.941400681880040111e+03
1.829918632907260871e+03
1.746123451514549743e+03
1.688821723697724792e+03
1.722489456411582978e+03
1.779728625836997708e+03
1.885835879978953699e+03
2.129288114218744795e+03
2.448563934746961422e+03
2.367109571711182980e+03
2.725407074657087378e+03
2.940153606993188532e+03
2.906381010281225826e+03
2.737752466907821599e+03
2.527473736043733425e+03
2.428964941610400729e+03
2.402762636111080610e+03
2.414546688592839473e+03
2.454268275679379258e+03
2.380652756865785705e+03
2.305859763456200653e+03
2.213573135439211001e+03
2.167320008311346555e+03
1.928931853341105580e+03
1.903096957717970554e+03
1.815818037113024047e+03
1.752113586429675479e+03
1.729069717371239904e+03
1.745619505691882750e+03
1.795056473482365163e+03
1.863286677886926554e+03
2.061423097274086103e+03
2.320181926065517928e+03
2.239783749682319922e+03
2.473912997641446509e+03
2.725550058728767453e+03
2.600201285415103030e+03
2.540020586809230281e+03
2.391472949802341191e+03
2.297454211903880605e+03
2.268097501406949050e+03
2.293575573348683974e+03
2.304018970758714204e+03
2.272233109384339514e+03
2.198135547502518875e+03
2.151011606068977471e+03
2.099906979406501250e+03
1.901200374819100261e+03
1.854966382530298461e+03
1.792506025495338008e+03
1.726578439143084552e+03
1.700582674835339731e+03
1.723908195148994309e+03
1.758427169649682583e+03
1.827964830088076724e+03
1.967873639484833575e+03
2.115327063367243227e+03
1.994956789855192255e+03
2.094624318118119845e+03
2.224675076704809726e+03
2.151222854043257030e+03
2.148488104607052719e+03
2.016138285743359575e+03
1.898762906718580098e+03
1.850210680617890830e+03
1.989581300648467050e+03
2.008999453073638733e+03
2.069066068486380118e+03
2.047799097635214139e+03
2.078841117594146453e+03
2.083798659853564459e+03
1.943610345731808138e+03
1.851444454239030392e+03
1.777278038648650863e+03
1.710188860320394951e+03
1.695678198985402105e+03
1.729855593167306552e+03
1.772487874069004647e+03
1.888913711306104915e+03
2.121340028923445971e+03
2.438914743246624766e+03
2.531850341605613266e+03
2.680043806274384224e+03
2.801782861912210592e+03
2.762114871959957782e+03
2.721591081565649802e+03
2.633797346156519779e+03
2.518845080928612333e+03
2.475304713911300951e+03
2.461907394215839304e+03
2.477863087258772794e+03
2.348879837273403155e+03
2.273851755281812984e+03
2.229996062911140598e+03
2.215713874008790299e+03
2.081487069605079341e+03
1.952717368252982169e+03
1.862068617763005932e+03
1.786835739896974701e+03
1.752707075955609298e+03
1.789263004336025006e+03
1.833923032182197176e+03
1.947267723144370848e+03
2.183372995491690745e+03
2.485976218843614333e+03
2.605844070194135384e+03
2.733976364335775543e+03
2.834145904505065118e+03
2.879216439345257641e+03
2.873488233904272420e+03
2.792934615082748678e+03
2.641185266197070177e+03
2.548049126814066767e+03
2.544487667287453405e+03
2.568930764905359410e+03
2.453148851576228026e+03
2.388507405012881009e+03
2.348524665292563895e+03
2.346795812673336513e+03
2.224888598615574210e+03
2.056906331322936239e+03
1.950028824406706008e+03
1.881921446726213617e+03
1.845790496061428712e+03
1.881177740091754686e+03
1.903992205616586261e+03
2.013678245435748295e+03
2.228207526601284826e+03
2.511036205076165515e+03
2.643724963095209660e+03
2.761125434511935964e+03
2.821206913619622355e+03
2.867857937993274845e+03
2.894466237790925788e+03
2.834076958909577115e+03
2.749514130175025912e+03
2.651911905504762217e+03
2.636138507568130535e+03
2.611051689553285541e+03
2.504522432237007706e+03
2.418815746941261295e+03
2.374095305971133712e+03
2.331111582537039340e+03
2.187587023377713649e+03
2.011976503775094670e+03
1.906037080115746448e+03
1.846577256351806227e+03
1.818567134960163685e+03
1.856666187214992306e+03
1.901919373253824006e+03
2.010523758573154737e+03
2.240959326481251082e+03
2.523297664105894910e+03
2.675838331788091182e+03
2.775655050006888814e+03
2.815472726607491495e+03
2.849969200809556241e+03
2.918672092976260956e+03
2.881979835839796124e+03
2.771953778023540963e+03
2.662989845290285302e+03
2.649871044628610889e+03
2.629050339594904017e+03
2.471451616143883712e+03
2.323167878381458650e+03
2.264462026550436349e+03
2.194756504102260351e+03
2.082581042965030065e+03
1.965860034017267253e+03
1.866263352873319263e+03
1.803839271723662478e+03
1.767638458042856655e+03
1.817784657144596167e+03
1.858788976126662192e+03
1.964651967101836362e+03
2.169856534442285465e+03
2.439112322142547328e+03
2.579258804399059500e+03
2.642149285318951570e+03
2.698393024583802344e+03
2.759775981409466567e+03
2.849424077017592936e+03
2.815470453598391032e+03
2.705228806860315672e+03
2.605559433211778014e+03
2.621953384337424723e+03
2.596423924629103567e+03
2.475427907510242221e+03
2.388147150820187107e+03
2.339996728596599496e+03
2.356922186641672852e+03
2.222671797537960174e+03
2.067611074840537185e+03
1.955525975481888963e+03
1.895768925913862859e+03
1.857580256703195118e+03
1.886688334099110762e+03
1.915534285974321392e+03
2.026956196854373502e+03
2.206307650179037864e+03
2.400535594055877482e+03
2.492993669283803229e+03
2.567641128693485825e+03
2.566142125232555827e+03
2.549631014125609454e+03
2.642703640571400229e+03
2.616914810042681893e+03
2.508790902474481300e+03
2.400146569945723968e+03
2.430995258617128911e+03
2.423987022194237397e+03
2.349803995856695110e+03
2.298385965343187308e+03
2.282091228904721447e+03
2.286016990656096823e+03
2.170495536694445946e+03
2.068826433789987732e+03
1.950914116220444839e+03
1.877845010193595272e+03
1.861113771891092028e+03
1.891886187160791906e+03
1.911995074037864470e+03
1.992018785098102398e+03
2.099204097632960838e+03
2.202250847481902838e+03
2.226040249929849779e+03
2.163233922176760188e+03
2.077806399052351935e+03
2.072033988907288858e+03
2.183239859026075919e+03
2.177348672835164052e+03
2.102298284522155427e+03
2.032165807165563137e+03
2.078991422563832202e+03
2.149575777225704769e+03
2.131928470720165933e+03
2.130805634240390191e+03
2.179371753201584397e+03
2.207185473027784610e+03
2.178269955759931236e+03
1.962572423320235657e+03
1.863110975283552534e+03
1.782564975869761383e+03
1.768535354422395130e+03
1.817567368068323958e+03
1.852384237821349643e+03
1.927340896922289630e+03
2.135434271376680954e+03
2.413137645424446418e+03
2.624999244956512030e+03
2.689059783343095660e+03
2.670499748769967482e+03
2.638378752537169021e+03
2.705165226674378118e+03
2.756114593980580139e+03
2.717741233402839953e+03
2.651623457302617680e+03
2.693307638183934159e+03
2.612663548945326056e+03
2.470558868335207990e+03
2.319319139800010817e+03
2.267313854985700800e+03
2.234531197193463868e+03
2.106245043722058654e+03
1.950369993877133993e+03
1.853992843667239868e+03
1.787135654090668368e+03
1.742799275581627171e+03
1.757029318481112568e+03
1.778812300863165319e+03
1.863865752083264397e+03
2.097952269802346109e+03
2.372686390646959808e+03
2.547547954240867057e+03
2.646040696705234041e+03
2.646808433278922166e+03
2.596495628306045546e+03
2.676749271203988428e+03
2.691206792702397706e+03
2.640173222802960026e+03
2.566226179930655235e+03
2.589314139927770611e+03
2.523427548565694906e+03
2.407024352644855753e+03
2.321977112551539449e+03
2.266227567186823762e+03
2.247071947410011489e+03
2.159316716349451326e+03
1.982031461287662751e+03
1.862544529223212294e+03
1.776216344055198988e+03
1.736800354405745793e+03
1.787194106090597188e+03
1.804449793969151870e+03
1.910053575001235686e+03
2.136179483790582708e+03
2.411139486316330931e+03
2.614060283963952770e+03
2.731036972973512547e+03
2.698552406564467674e+03
2.674530147820027196e+03
2.728265888333565726e+03
2.744755109676057600e+03
2.693905703193385762e+03
2.615713744435994613e+03
2.623650701197196213e+03
2.551688480625934972e+03
2.428335201002665144e+03
2.335056988875786374e+03
2.281845357528684417e+03
2.244605169993154504e+03
2.162185963132416418e+03
1.998269778899262974e+03
1.868413962654424950e+03
1.780910575217611495e+03
1.742946317742162364e+03
1.777556502476650166e+03
1.802586921749452131e+03
1.929242281983013982e+03
2.145922654908755703e+03
2.450128992489318534e+03
2.657044129681712548e+03
2.724095326718298111e+03
2.710411490611034424e+03
2.644761604998141138e+03
2.713877567262743469e+03
2.725696176906993514e+03
2.668031324469531683e+03
2.596395786192297237e+03
2.621182569615985358e+03
2.574568209196645512e+03
2.458845642781912375e+03
2.354171355570671039e+03
2.297927694525882544e+03
2.295537345640189869e+03
2.214925374008764265e+03
2.044926968803658838e+03
1.913817880845856962e+03
1.814088102634381585e+03
1.776859482586349259e+03
1.785112443151464959e+03
1.811332103360753308e+03
1.913777310590550087e+03
2.137215375316618974e+03
2.399019739080155887e+03
2.575522722788023657e+03
2.627579878895571710e+03
2.606854820397934873e+03
2.548615453318204345e+03
2.606097995602919582e+03
2.626810593498001708e+03
2.571388771283850929e+03
2.514013053402927653e+03
2.549684413037372906e+03
2.516753923865127490e+03
2.422977231301404572e+03
2.306902053617439833e+03
2.232905136580800445e+03
2.194827069589820894e+03
2.096421787688903350e+03
1.963791080022272581e+03
1.843487441946052968e+03
1.753108798847905291e+03
1.710043198957429922e+03
1.758410531930620209e+03
1.772242335383016552e+03
1.898104336798192435e+03
2.057180901730474488e+03
2.299599874806751359e+03
2.472883752675907544e+03
2.518605047908368761e+03
2.503896359118244163e+03
2.435220357704866274e+03
2.482742670355958126e+03
2.499999106611149728e+03
2.478548024416802491e+03
2.441650077063401113e+03
2.480098252469636009e+03
2.454488139601726743e+03
2.367296438992236745e+03
2.269126191520024804e+03
2.196902106221383747e+03
2.139169562555878201e+03
2.025614815461780381e+03
1.879994012321030368e+03
1.762634153781197938e+03
1.649738988207156353e+03
1.618358410997532474e+03
1.725960151187807696e+03
1.759229756601698000e+03
1.832757209947898446e+03
1.975765650283922696e+03
2.086463726155885070e+03
2.173260795402201893e+03
2.117657611603061014e+03
2.076091362066108104e+03
2.024433349410792516e+03
2.088943657267671824e+03
2.081970817676938623e+03
2.038046170538639217e+03
1.967873424924100391e+03
2.025359623073859439e+03
2.062649973552291613e+03
2.050826544343221030e+03
2.051359385979458693e+03
2.058670660336663786e+03
2.063571229139265597e+03
1.974684461600070790e+03
1.846403819741845837e+03
1.726890915220978286e+03
1.650713674607154417e+03
1.645042861539230898e+03
1.668684808984198753e+03
1.726859903464254103e+03
1.856653190188452072e+03
2.068120175787639255e+03
2.410191269608611492e+03
2.646413544354490568e+03
2.759747354851622731e+03
2.716424545399561794e+03
2.642542445767997378e+03
2.654894686596242536e+03
2.707324765637075416e+03
2.691218632345136484e+03
2.637926615017710446e+03
2.675880889739681606e+03
2.623587667538700316e+03
2.519959460803055663e+03
2.375163645276533316e+03
2.310934984080412050e+03
2.277717762648375810e+03
2.154889903055053765e+03
1.990770333435861858e+03
1.844277527352704283e+03
1.753893652776270073e+03
1.733199414153660427e+03
1.755704952510164276e+03
1.810227713861639586e+03
1.932825320379988398e+03
2.138631859929865186e+03
2.438379479327005811e+03
2.659686858537294938e+03
2.743964099175234423e+03
2.719210836807383203e+03
2.660202739845272390e+03
2.673279297439806214e+03
2.707435346583823957e+03
2.681069233277245985e+03
2.615720577171473906e+03
2.674609051173296393e+03
2.629914025014322760e+03
2.515342980196083317e+03
2.411343402120845440e+03
2.276834314787684889e+03
2.219028392549349064e+03
2.101291087678041549e+03
1.986750850687196134e+03
1.857926030234084692e+03
1.773071404196739650e+03
1.729966097550206769e+03
1.757966513638918059e+03
1.801680362752646488e+03
1.926115090002245552e+03
2.152272118824477275e+03
2.442890793479686636e+03
2.649338942822643730e+03
2.742988478815467261e+03
2.706021210171901203e+03
2.646651507337386192e+03
2.655854532955350351e+03
2.671186901546968784e+03
2.643949578892491900e+03
2.604001045249166054e+03
2.643892523759029700e+03
2.589175859338157807e+03
2.477380612245164684e+03
2.340028158967926174e+03
2.302925787231559298e+03
2.254247834041900660e+03
2.156845508651369983e+03
1.966903961836888129e+03
1.843445603922702958e+03
1.731336851605765332e+03
1.720935674927132823e+03
1.736033545259045468e+03
1.775484391063800786e+03
1.923632002629153249e+03
2.130352832232916626e+03
2.388467550825032504e+03
2.614330460412640605e+03
2.798343989380660787e+03
2.745189022075893263e+03
2.603388855007785423e+03
2.542155989405456239e+03
2.595000956046824285e+03
2.587964859857509964e+03
2.596141796082297788e+03
2.652775862697304092e+03
2.585821404426526442e+03
2.479353103694158563e+03
2.319906016921150695e+03
2.242226760271804778e+03
2.165814971104457072e+03
2.048553251703591286e+03
1.883576999273873071e+03
1.745640407679045893e+03
1.686763936683648353e+03
1.660294449858825828e+03
1.704146290318638421e+03
1.746239819594289884e+03
1.851949878775743628e+03
2.061046960059450612e+03
2.363934856374741685e+03
2.564761433432182457e+03
2.616961591832709018e+03
2.642907654704612924e+03
2.534301522045361253e+03
2.609896835078227468e+03
2.615132192717380804e+03
2.581026331749902965e+03
2.504443270141563971e+03
2.585302002601511504e+03
2.573392287904542172e+03
2.431027100915843221e+03
2.306415926289020263e+03
2.222875137587698646e+03
2.166446257642401179e+03
2.028538080105995959e+03
1.891814680342893553e+03
1.751850448407236172e+03
1.665252337600710689e+03
1.654883070747607690e+03
1.684232538976318665e+03
1.726530583365808752e+03
1.833910303854669337e+03
2.028485057639783236e+03
2.246696145939351482e+03
2.418406860256450727e+03
2.494172944994420050e+03
2.483742341400347868e+03
2.409162476586708181e+03
2.458415707153563744e+03
2.475656161789035195e+03
2.466778322774226126e+03
2.463674335358552526e+03
2.499413980054461263e+03
2.526348787620209805e+03
2.420180720921071497e+03
2.294520667982561918e+03
2.228943577249104692e+03
2.160001916922750297e+03
2.033525878330254045e+03
1.894969537831320167e+03
1.764287696373339486e+03
1.697891632343040328e+03
1.671230001593462021e+03
1.701799874869692530e+03
1.748559669035936167e+03
1.845665150127131710e+03
1.965705964446832240e+03
2.113298578134606032e+03
2.186016053935582477e+03
2.159631825905254118e+03
2.124305817327076966e+03
2.061354940298338079e+03
2.136876624291456665e+03
2.139802607405553772e+03
2.087089954698019028e+03
2.059479236524151020e+03
2.114191680532332157e+03
2.166212990942388387e+03
2.174468799857662361e+03
2.147023929856090490e+03
2.106954598204731155e+03
2.120763042026789662e+03
2.020103609191759915e+03
1.869225031429031333e+03
1.746729353644049752e+03
1.671023127602508112e+03
1.652332207378040039e+03
1.696701347100065959e+03
1.719548199627442955e+03
1.853002130011588861e+03
2.068376590618828686e+03
2.359570065546001842e+03
2.609643795788997977e+03
2.676952205716674598e+03
2.659665675126743281e+03
2.588216277864733456e+03
2.609837451861169484e+03
2.617949416884754100e+03
2.595922861565830772e+03
2.581793753950723385e+03
2.606016559197282731e+03
2.559948064056841304e+03
2.447538951530127633e+03
2.276094512792895785e+03
2.293529697225021209e+03
2.144616259261941650e+03
2.003059614337401854e+03
1.861501280012274037e+03
1.746434615282768164e+03
1.664776474463547629e+03
1.629444677417125831e+03
1.671004305408190021e+03
1.717876263672258119e+03
1.821436836134739451e+03
2.056322463955128114e+03
2.335043739303866005e+03
2.560114484562870530e+03
2.625396291267319157e+03
2.596947629092575880e+03
2.504805565137191934e+03
2.522264748630452232e+03
2.542374956925784772e+03
2.487400026148018242e+03
2.476281792079472325e+03
2.546840566052901977e+03
2.518696616734714098e+03
2.430598165596665694e+03
2.341464303326334630e+03
2.161832565685272584e+03
2.066209737345292524e+03
1.939209961501020871e+03
1.788527111449297308e+03
1.665500998852809516e+03
1.590142585277681292e+03
1.567344275115915252e+03
1.612621185999858653e+03
1.651114707170870815e+03
1.758004515700075899e+03
1.972956490305361740e+03
2.255841037732829136e+03
2.463498298971715485e+03
2.543397240288757985e+03
2.525753805208654740e+03
2.426867136544169171e+03
2.446853659018032431e+03
2.453504855418020725e+03
2.440489457630514153e+03
2.413120028448111498e+03
2.477137030314427193e+03
2.454289923783456288e+03
2.350971537267832900e+03
2.196962664703182782e+03
2.051416906390134045e+03
2.002501638335791313e+03
1.872449241524434910e+03
1.683995660347736703e+03
1.568417105635916869e+03
1.500541848021457781e+03
1.482463592859501205e+03
1.530582270004409338e+03
1.589247693039557362e+03
1.698928200726253181e+03
1.925446677085485362e+03
2.195079940710619212e+03
2.402609993150576884e+03
2.484055653772377809e+03
2.474180840926895598e+03
2.416651929480446142e+03
2.433019550886864636e+03
2.439222905016349159e+03
2.435748171564105178e+03
2.417022798264533776e+03
2.473397020135445473e+03
2.432583796209273714e+03
2.340399566577536461e+03
2.225795648592853922e+03
2.104349456471708891e+03
2.038799505547892295e+03
1.859818482799795675e+03
1.703188712037966070e+03
1.574952949553835424e+03
1.494466814087879357e+03
1.478781884403965023e+03
1.530272332964236966e+03
1.601158994437336560e+03
1.717866187360238882e+03
1.944808966443058807e+03
2.204936191019891794e+03
2.419973236882176479e+03
2.523215014292877186e+03
2.540712573627652091e+03
2.498703048215321360e+03
2.529954717750070358e+03
2.534704590205622935e+03
2.503870590032599921e+03
2.426994321736626262e+03
2.446698561077404520e+03
2.400692056174390018e+03
2.320196088238895300e+03
2.238489500633936132e+03
2.143929210267061080e+03
2.067278075704758066e+03
1.995998764548253121e+03
1.826815015292106636e+03
1.697147711423727969e+03
1.611099488847991324e+03
1.578857835332724108e+03
1.631246716961338507e+03
1.705106864165843717e+03
1.828127392152355469e+03
1.993112994637199336e+03
2.130967208191580085e+03
2.181323074817334145e+03
2.175627394556456693e+03
2.120990413519850790e+03
2.046502428612658150e+03
2.093414065419517556e+03
2.098713401019455887e+03
2.061832560447965079e+03
2.025982248424213822e+03
2.131589649247065609e+03
2.235026906007284197e+03
2.236330776669664829e+03
2.183242562137752429e+03
2.092065750094609939e+03
2.076074725885549469e+03
2.085227368344275874e+03
1.928541744660234144e+03
1.801490925776757194e+03
1.700515462126136072e+03
1.665789058680345534e+03
1.710006890365524214e+03
1.736286003658265827e+03
1.792747248129816171e+03
1.894696111325052243e+03
2.011776359364011341e+03
2.071866057365297820e+03
2.070315174988888884e+03
2.035708872560749114e+03
1.977320792864775967e+03
2.022595000450658063e+03
2.032783708735898017e+03
1.999412446988715374e+03
1.972120839998860674e+03
2.060644009195272247e+03
2.077308191623742914e+03
2.089690682637914961e+03
2.074849592880174441e+03
2.043586657336381677e+03
2.031389296234241556e+03
2.021755078381023850e+03
1.909210170208429190e+03
1.787688722863317253e+03
1.701786083896002538e+03
1.666211249455637471e+03
1.726318573789446418e+03
1.750000250672178481e+03
1.805338595679714672e+03
1.944075057124556224e+03
2.089943556736924165e+03
2.180643232483152133e+03
2.220598776569463553e+03
2.183029687305895095e+03
2.104686072978781340e+03
2.095966658218084376e+03
2.103980839838620341e+03
2.102175698099326382e+03
2.089787278987530954e+03
2.199183986065660974e+03
2.170214520367348086e+03
2.158534623911898962e+03
2.169712070271502398e+03
2.099948776244705186e+03
2.052081989742617679e+03
2.043795917813409460e+03
1.955312007831086248e+03
1.833014575924661813e+03
1.747025199461706961e+03
1.705765678333093092e+03
1.745681646743501460e+03
1.771983941569487115e+03
1.860741137776402638e+03
2.038204572998900858e+03
2.294200176539412951e+03
2.538189972206357652e+03
2.661804820278788156e+03
2.692503338899937717e+03
2.644843027413214713e+03
2.621300227672646542e+03
2.645780938745208914e+03
2.632818989344421425e+03
2.626147955501700835e+03
2.686385178151707805e+03
2.549361421876131772e+03
2.438882198112622973e+03
2.325585977348801407e+03
2.227066167483375011e+03
2.200688313941590877e+03
2.134066420738650322e+03
2.020071951708358029e+03
1.913709130027319361e+03
1.815263139497190650e+03
1.784918307762130780e+03
1.799605200160664026e+03
1.829621319897567219e+03
1.882212488488028839e+03
2.068239746015420678e+03
2.334194777724695996e+03
2.576171612428531262e+03
2.696600989415930599e+03
2.710286464232309754e+03
2.674053722220361124e+03
2.649129695014155459e+03
2.664571143597954233e+03
2.634313463827851137e+03
2.622980421209600536e+03
2.722017518867962281e+03
2.607787217102943487e+03
2.469319290791289404e+03
2.348886489482480556e+03
2.247502715642027852e+03
2.194534166066544458e+03
2.135844154717952733e+03
2.020141848009259547e+03
1.905093631729009758e+03
1.797552546143820337e+03
1.759522660229633402e+03
1.788591019217191615e+03
1.824699384053723179e+03
1.907373325258683508e+03
2.113209446751246560e+03
2.385502626140319080e+03
2.618987981843355101e+03
2.738559511149070204e+03
2.760001638279296003e+03
2.696535149240262399e+03
2.687899185326917177e+03
2.664481875049454629e+03
2.631501754119629823e+03
2.594041887549856256e+03
2.665154458725693075e+03
2.572510387289908067e+03
2.425236097026323932e+03
2.284949113830080933e+03
2.186933018463912504e+03
2.080790849502970559e+03
1.991232717485910825e+03
1.878555224192272135e+03
1.781698724091036183e+03
1.703729626627795597e+03
1.678205338542675690e+03
1.709929620766065909e+03
1.747078051930404399e+03
1.837944918643074061e+03
2.036362367813624587e+03
2.302292922749225454e+03
2.528971903621707952e+03
2.655722576463477708e+03
2.673256132180866643e+03
2.620364046933319059e+03
2.612946975754569394e+03
2.602558186392745029e+03
2.555049051188957037e+03
2.522820595404230517e+03
2.616390914837464152e+03
2.538643500409687931e+03
2.413676196625432567e+03
2.263807437366805061e+03
2.117178578497553644e+03
2.047682200217136597e+03
1.957085706859669926e+03
1.835572387892403640e+03
1.737737506462875672e+03
1.664466466213046260e+03
1.631561622367761629e+03
1.674509477039340254e+03
1.713618652892441105e+03
1.801578532476757346e+03
1.966436854931842390e+03
2.180134573951655057e+03
2.369998705282980609e+03
2.460522441933803748e+03
2.487769987680153008e+03
2.422015520128649314e+03
2.416778720585498831e+03
2.406369113791358814e+03
2.390465712546287705e+03
2.373556358612808253e+03
2.423286083200771827e+03
2.446098448874923633e+03
2.341866238916399197e+03
2.240204374324816854e+03
2.101441020931890307e+03
2.013235068718773164e+03
1.912955549484247058e+03
1.799671754176919876e+03
1.710538497407104160e+03
1.647748990332030417e+03
1.624073471577128430e+03
1.666021556629882753e+03
1.683198277121438650e+03
1.752698067397862360e+03
1.879139554157801285e+03
2.017653187037302814e+03
2.087321513880993734e+03
2.098732683180788626e+03
2.092124705668680690e+03
2.039707008184223923e+03
2.088459441664181213e+03
2.064596371764243941e+03
1.994174649046282184e+03
1.958058117657809589e+03
2.099987905458496243e+03
2.079069791857957625e+03
2.077431300007974642e+03
2.076683903099282816e+03
2.025166361241396999e+03
1.987550274679482072e+03
1.912168813949395371e+03
1.770775122753323785e+03
1.674908549509329760e+03
1.610582801955848481e+03
1.591667303913244041e+03
1.639472467640467357e+03
1.667864107968463031e+03
1.752720786517303395e+03
1.962875793914740370e+03
2.243837986869832548e+03
2.493388292699813064e+03
2.619965545095949892e+03
2.626212053958183787e+03
2.538604268599689931e+03
2.507877482060594048e+03
2.467022000179612860e+03
2.409251950367052814e+03
2.374005981928327856e+03
2.494254962842843725e+03
2.453177953942629756e+03
2.313356543235392110e+03
2.203422426512000584e+03
2.065309428138184558e+03
1.965796728284887422e+03
1.863463853929420111e+03
1.728468913657474104e+03
1.631280533206375139e+03
1.576226107668443319e+03
1.553865823227097508e+03
1.604242753649886708e+03
1.654372715502787059e+03
1.767954433882504190e+03
1.967268186198806234e+03
2.229259877657527795e+03
2.453121620946503754e+03
2.552090253386358654e+03
2.545609301747328573e+03
2.481650390147184225e+03
2.498515812257165180e+03
2.505175314938028805e+03
2.449942943808860946e+03
2.417526442223900631e+03
2.549031064406563473e+03
2.513972978410495671e+03
2.390775797519158459e+03
2.232323113337243740e+03
2.077533933380732833e+03
2.023742926421781704e+03
1.888580921191711241e+03
1.772859306165064254e+03
1.667290495779636558e+03
1.605024225470668625e+03
1.598412887970294605e+03
1.648123308167737378e+03
1.683507103950156761e+03
1.786445851935819519e+03
2.015699114869155892e+03
2.289149649848752233e+03
2.515115342082254756e+03
2.626396010751028825e+03
2.617829631100586539e+03
2.538432010947563867e+03
2.553655121561700525e+03
2.562076943238465901e+03
2.509921974231918739e+03
2.453553766573179018e+03
2.578832392704493031e+03
2.548463487126058226e+03
2.402657262284581520e+03
2.251630429343507785e+03
2.155182969809987299e+03
2.043515446800289737e+03
1.917839521673642366e+03
1.785511264730868561e+03
1.680284873755225362e+03
1.617923399764283204e+03
1.592910267187730369e+03
1.645500248022062578e+03
1.699063670745127411e+03
1.785495523307069334e+03
2.000273972624771204e+03
2.279464621418701881e+03
2.494343555839829151e+03
2.588938038399096968e+03
2.570439962947483309e+03
2.486132750935022159e+03
2.504058628826436234e+03
2.493602608951032380e+03
2.462812105200781389e+03
2.456142013240755205e+03
2.551941940567226993e+03
2.525862799635325700e+03
2.405816435288026241e+03
2.239193630065077741e+03
2.147978673641755449e+03
2.026340417818862534e+03
1.896726923646237992e+03
1.770430474639110798e+03
1.654303945338519043e+03
1.585660634812931448e+03
1.578406233414735198e+03
1.633290667096087418e+03
1.681925813462165024e+03
1.775740817645139941e+03
1.991339950680552192e+03
2.254156727139093164e+03
2.463434394096383585e+03
2.552906831112945383e+03
2.558579687306462802e+03
2.494444776618279775e+03
2.506008365332537323e+03
2.495735382654992009e+03
2.453801958548093808e+03
2.438382929331298783e+03
2.531633548269975108e+03
2.503207865239115563e+03
2.356564253358276801e+03
2.196851028398962171e+03
2.072307988493785615e+03
1.952363799849909128e+03
1.826732149172954223e+03
1.716361494294261092e+03
1.629964737675746619e+03
1.557208116529580366e+03
1.547582853658071599e+03
1.602227447690712552e+03
1.646386998082865830e+03
1.750308711850107102e+03
1.915025258432820010e+03
2.096151750986698516e+03
2.244940553729903968e+03
2.324357002737788207e+03
2.316180881154105464e+03
2.245624892709847700e+03
2.267955471316288367e+03
2.272432637612055260e+03
2.216713128825141666e+03
2.203925451761950171e+03
2.337810752874127047e+03
2.369481247562171120e+03
2.296743100519379823e+03
2.201881318226608528e+03
2.112120548631009569e+03
2.030441720093170034e+03
1.937199485274994686e+03
1.794303996196230628e+03
1.696040810540658413e+03
1.639177017662331082e+03
1.606423192619668271e+03
1.656969307552785722e+03
1.694843089210453400e+03
1.774877191764743884e+03
1.902845763372214151e+03
2.029409828501585025e+03
2.094069218855359850e+03
2.102790604516746498e+03
2.076738665703699553e+03
2.014863094534936636e+03
2.067486687603110568e+03
2.036198956654206995e+03
1.991353016824311226e+03
1.976544832005071157e+03
2.043180838925512035e+03
2.077562966872731067e+03
2.052055028301850598e+03
2.012522202944260016e+03
1.988189529497320564e+03
1.963307901241023274e+03
1.893120514818866695e+03
1.782655064185818219e+03
1.683646486273278242e+03
1.623621666684261754e+03
1.604460911684747089e+03
1.657813958760619016e+03
1.696625847251825235e+03
1.827560304668532353e+03
2.009172702234635608e+03
2.235287288052957592e+03
2.424337726519216631e+03
2.527914820378036438e+03
2.547976099324783263e+03
2.483600214064854754e+03
2.486098067510897181e+03
2.515163625659571153e+03
2.492719150854476993e+03
2.472113545562395757e+03
2.550201094327208921e+03
2.508921514434033270e+03
2.410573357265266623e+03
2.327341640961888061e+03
2.154402241898799275e+03
2.153248967607516079e+03
2.014696991259023434e+03
1.907872671106601729e+03
1.801124260113783066e+03
1.718150616731749778e+03
1.696890085147258333e+03
1.748140253024486128e+03
1.792675518460873946e+03
1.903621053230080861e+03
2.111406135333565089e+03
2.382103594047614934e+03
2.591913715399419289e+03
2.708327897084035612e+03
2.715596920586249780e+03
2.654430173295295390e+03
2.678356939178545417e+03
2.696582835822855486e+03
2.692025418209923373e+03
2.678815849177570726e+03
2.720298594653075725e+03
2.639504420742780894e+03
2.507016719522751828e+03
2.325805821241895956e+03
2.260208687729631947e+03
2.121310582257352507e+03
2.066746348796486927e+03
1.949968163354844137e+03
1.888135923094328518e+03
1.826601343852637683e+03
1.760450582776482634e+03
1.803143775564434009e+03
1.834352787761034961e+03
1.947444234819611665e+03
2.153036177398952987e+03
2.405675594333793015e+03
2.626149320605084540e+03
2.730611697581357021e+03
2.702779630444425038e+03
2.607029836060024081e+03
2.630155490555951474e+03
2.641788909879141102e+03
2.640432273506080037e+03
2.642722368317967266e+03
2.715867562499249743e+03
2.646272266473841682e+03
2.500192118402202141e+03
2.304103601266519036e+03
2.214638370618716635e+03
2.106712508649518441e+03
2.039358504975771893e+03
1.893961458028871675e+03
1.767852747362802347e+03
1.675302925928171817e+03
1.663078547514207003e+03
1.694824622486169801e+03
1.737782436982227409e+03
1.837112431536739450e+03
2.068222933524105883e+03
2.317271990593531882e+03
2.482531185387902042e+03
2.567465611056866692e+03
2.568426732250905388e+03
2.502032956323991584e+03
2.524227327773323395e+03
2.535450712597522852e+03
2.516050742293081839e+03
2.504899050322784205e+03
2.560716440278320079e+03
2.499413465467127480e+03
2.382659075699317782e+03
2.251258093200747226e+03
2.126629439367418399e+03
2.098518531721353611e+03
1.908531586862606446e+03
1.802760552638624404e+03
1.696268434595680674e+03
1.619217970974335458e+03
1.612425592970897924e+03
1.657412407270542872e+03
1.702109530862902375e+03
1.819357289237355189e+03
2.021531056784231623e+03
2.288546957310982634e+03
2.461328969726554533e+03
2.538673127242552255e+03
2.550735669885424613e+03
2.482584643992205201e+03
2.477939480992801236e+03
2.457183174025079097e+03
2.458587151668993556e+03
2.441540947891479391e+03
2.513680348011781007e+03
2.446377728153994667e+03
2.340343411361444851e+03
2.199456865480689430e+03
2.139386232117104100e+03
1.976999838327813450e+03
1.920096412156839961e+03
1.746561060203891429e+03
1.650048776351717606e+03
1.567555184952188256e+03
1.554683586056616150e+03
1.621741345224299494e+03
1.668607800523737524e+03
1.772627838010038886e+03
1.946732334170627610e+03
2.144509263868735616e+03
2.299557365900999230e+03
2.364360876101787653e+03
2.374432351006169029e+03
2.326079261481462709e+03
2.324650043139578429e+03
2.342347723871577728e+03
2.336465221164308332e+03
2.328052318361600555e+03
2.405695905168100580e+03
2.380540158475293083e+03
2.287681048135557830e+03
2.172487530386143590e+03
2.075991071356618704e+03
1.942855637095029806e+03
1.882632160677296042e+03
1.745348908615954315e+03
1.655442194910619492e+03
1.582845630799528863e+03
1.570681763349387438e+03
1.619193556822793198e+03
1.673042138567968095e+03
1.737101944044693710e+03
1.850241737900532826e+03
1.959255613626302875e+03
1.996901608747858518e+03
1.969310098636672365e+03
1.949764418099851582e+03
1.882199502157463940e+03
1.926035593045329279e+03
1.919537909949439609e+03
1.869105908218646391e+03
1.848084491917159312e+03
1.958071495352105330e+03
2.003942684701089320e+03
1.978744150660413425e+03
1.925240282028893034e+03
1.905927725942445932e+03
1.832957993893124694e+03
1.780492288518608575e+03
1.665072082812004510e+03
1.586518319075031059e+03
1.520853899372683145e+03
1.510013436710133647e+03
1.565713969554080222e+03
1.609213480557442153e+03
1.713215546788680740e+03
1.938956139355223513e+03
2.215233624911694733e+03
2.410212500879502841e+03
2.470733236054169538e+03
2.468762474484125050e+03
2.398825961071313941e+03
2.398022275071013610e+03
2.428593782259208638e+03
2.417980137572919830e+03
2.407371703655583588e+03
2.478187397234400123e+03
2.430515134404205583e+03
2.315681987817224126e+03
2.154713108657481826e+03
2.080905366660979325e+03
1.942095920036101916e+03
1.855668768856973429e+03
1.742755546253431930e+03
1.640935857412225687e+03
1.567958851447051529e+03
1.547359718492537695e+03
1.606672683813525055e+03
1.660769032866838415e+03
1.749994169163100196e+03
1.948401265288669265e+03
2.222881733607457136e+03
2.409865139329632711e+03
2.474771966187222461e+03
2.443681315961084692e+03
2.354186786130055680e+03
2.378239162941174982e+03
2.426379211227282212e+03
2.441278610937969006e+03
2.423841325827935634e+03
2.469875966711194906e+03
2.411063119153960088e+03
2.312436889518696262e+03
2.191812229328335434e+03
2.069396952276404591e+03
1.990127072201662259e+03
1.897895071061834869e+03
1.780652223296554212e+03
1.671969441390343491e+03
1.603725437341715633e+03
1.588013673002157248e+03
1.646510900833091455e+03
1.699607676399257571e+03
1.820353846966718720e+03
2.031999814807240455e+03
2.282733312685207238e+03
2.474445597466930394e+03
2.540011114302144506e+03
2.538195040167051047e+03
2.445132092082807048e+03
2.488747376749200157e+03
2.521773593603830705e+03
2.505342736400983085e+03
2.484060176914156727e+03
2.561490498870071860e+03
2.493440475321695430e+03
2.370561677140653956e+03
2.247903600137864487e+03
2.134333136654720420e+03
2.064368643662318846e+03
1.960128415171929873e+03
1.872450787133817130e+03
1.770764494465251119e+03
1.690358795117181444e+03
1.684706929752511087e+03
1.734435113674036756e+03
1.793715662409226525e+03
1.902907358002909405e+03
2.125783423630040033e+03
2.363869258950157018e+03
2.571022413568133743e+03
2.636283964998550800e+03
2.631915003486073601e+03
2.539909118861338811e+03
2.529443181443928097e+03
2.538303240041392201e+03
2.536412030436238638e+03
2.530534705914280494e+03
2.601999703468828557e+03
2.540181600914785122e+03
2.433500131517339923e+03
2.336231354145878413e+03
2.230882744065853331e+03
2.154452993734023494e+03
2.074551231420034128e+03
1.921543890808401329e+03
1.816590686939442321e+03
1.724605981845340466e+03
1.697236342929565353e+03
1.748012251551405143e+03
1.805097088859648693e+03
1.909575068760188515e+03
2.124043508204565569e+03
2.352720998567939205e+03
2.533820501408563814e+03
2.567378865232205953e+03
2.513232051335090091e+03
2.427734164888127452e+03
2.396697987126427506e+03
2.378733371652693677e+03
2.345589209530247444e+03
2.347293865653768989e+03
2.400364719674544176e+03
2.393295892953992279e+03
2.329327707454082429e+03
2.205672582257008798e+03
2.096904984574541686e+03
2.013140147311383771e+03
1.905882213428748628e+03
1.770763996516247971e+03
1.678498804874357120e+03
1.614468383726740285e+03
1.597926115065067052e+03
1.662884251981435909e+03
1.720235214567116145e+03
1.805859611353923356e+03
1.992351391333276069e+03
2.157730137801043838e+03
2.326184067201169910e+03
2.357004270806332443e+03
2.375825233553529415e+03
2.278659013388542462e+03
2.274480395980792309e+03
2.262712352628597273e+03
2.256947027326111765e+03
2.254811710815461083e+03
2.346936524642428139e+03
2.357545592212484735e+03
2.298462815971384771e+03
2.149741136166112028e+03
2.017089053846789739e+03
1.923105557011153905e+03
1.775385420229679539e+03
1.680677502132006111e+03
1.610867433116211259e+03
1.550087806795307188e+03
1.536258244572449030e+03
1.595673575637506701e+03
1.650131099906085410e+03
1.749593712354712125e+03
1.869843782322994684e+03
1.998090660591089772e+03
2.013035888029170337e+03
1.990326955504888247e+03
1.925726531632999695e+03
1.854725559498390339e+03
1.877389223408308681e+03
1.860187197733197991e+03
1.784147850323438888e+03
1.751161186481692766e+03
1.822672556925206209e+03
1.857409911795512926e+03
1.825773676768348651e+03
1.820766554238353592e+03
1.797650807424213099e+03
1.741438103199196576e+03
1.652454689276847375e+03
1.556583697245569056e+03
1.489148242285584502e+03
1.425399167429743784e+03
1.433789593543725687e+03
1.494909679241351796e+03
1.567151942502300244e+03
1.691745421421814399e+03
1.912779083383061334e+03
2.203511938607743559e+03
2.366093404803757039e+03
2.397653741125236593e+03
2.352298830446077318e+03
2.235266036816115047e+03
2.273405570369975521e+03
2.271281007160423087e+03
2.245204931014696740e+03
2.233669964758925744e+03
2.298014171044219893e+03
2.206581046970308762e+03
2.177661484191549334e+03
2.018035661442175069e+03
1.885901674250279484e+03
1.787299913717733034e+03
1.653773598211182389e+03
1.545259903147268460e+03
1.459788971544973037e+03
1.426157101853528957e+03
1.438165389510502564e+03
1.483333357910081759e+03
1.555409298789017157e+03
1.673852563043640657e+03
1.929328809818614445e+03
2.199226617978099966e+03
2.360990939679556959e+03
2.462795755724926494e+03
2.402004144688931774e+03
2.312237270511808674e+03
2.246378625724443282e+03
2.320305143833495549e+03
2.321625048466482440e+03
2.312188915007404830e+03
2.345919610901679334e+03
2.333115011643018079e+03
2.183254118940773878e+03
2.109241827327207375e+03
1.971242215731389479e+03
1.856339814792416064e+03
1.699552194449369836e+03
1.591858194811815792e+03
1.500646681301374883e+03
1.445861931753717954e+03
1.432147996591085075e+03
1.481423684036409895e+03
1.551858270092258181e+03
1.691626318668709246e+03
1.933379747123261495e+03
2.174204445662007402e+03
2.368964493249683528e+03
2.452185174174527674e+03
2.441103567462381307e+03
2.360974457049746434e+03
2.313975526367189559e+03
2.352142274140502195e+03
2.359772907797571406e+03
2.354477310766916617e+03
2.399680836107596861e+03
2.380001361886219456e+03
2.217738105247865860e+03
2.134044728695758295e+03
2.013691682679300584e+03
1.881938364397092528e+03
1.742586527609102404e+03
1.623624346801867659e+03
1.519394432250173622e+03
1.460084201611342223e+03
1.452533056671864415e+03
1.505832553791050486e+03
1.576778036635441822e+03
1.738025807178993318e+03
1.987472457802564804e+03
2.213917699626743342e+03
2.402562212323387485e+03
2.475892240056869014e+03
2.467324299313086158e+03
2.386119139298452865e+03
2.334991222911226032e+03
2.373001255358077287e+03
2.377477692632235630e+03
2.372824309308077773e+03
2.417877674472934359e+03
2.384925024508521801e+03
2.231951444996594091e+03
2.127480729469803464e+03
1.996968482642346771e+03
1.888738892488330976e+03
1.741740165539282998e+03
1.635931599168964112e+03
1.545206150110471299e+03
1.476224915833295199e+03
1.473266631686243272e+03
1.524786736197330129e+03
1.607151577788760278e+03
1.737910580553203090e+03
1.982715292330146212e+03
2.204889168796793456e+03
2.405328134498905911e+03
2.477922759915696588e+03
2.472712039878072119e+03
2.423459109664885091e+03
2.366894080855968241e+03
2.363150093004037899e+03
2.382304863683924850e+03
2.390001511337030479e+03
2.424678291399465252e+03
2.391967226049872352e+03
2.258252743139638824e+03
2.122064817883429441e+03
1.986195686211098973e+03
1.873160804229617497e+03
1.744624586384018130e+03
1.665601473388172053e+03
1.591249627353337701e+03
1.528925719471411412e+03
1.511576928692560614e+03
1.567071030694300362e+03
1.626466842611228913e+03
1.766411532301442776e+03
1.945812682058136716e+03
2.126366547513438945e+03
2.272873467252959927e+03
2.350348777695782246e+03
2.341576457790906716e+03
2.242065130059838339e+03
2.211872082123735709e+03
2.205271323374650819e+03
2.219614171776332569e+03
2.228603465984563172e+03
2.295352095220996944e+03
2.288448940056697211e+03
2.201257636378737061e+03
2.070607236885588918e+03
1.956625572681415633e+03
1.837936888649312777e+03
1.707892949450234028e+03
1.631930840445306330e+03
1.568803552090140101e+03
1.509099485340587080e+03
1.493968444928886356e+03
1.537305305902078317e+03
1.592313752593238860e+03
1.682825025596255045e+03
1.796724314625940906e+03
1.910943965358717151e+03
1.960781087259359765e+03
1.936683904710654133e+03
1.900256453035684899e+03
1.817128496282243304e+03
1.845797405058679487e+03
1.818061661214618198e+03
1.771163920098819744e+03
1.772287175471032015e+03
1.876809342070080220e+03
1.920701567148707454e+03
1.877528377302121498e+03
1.826431461376209427e+03
1.773755773267826044e+03
1.716757435940452979e+03
1.646655717098476089e+03
1.575219409063888634e+03
1.497719214807544631e+03
1.450014520016817869e+03
1.434233724010220612e+03
1.489189855955513622e+03
1.552415717701047470e+03
1.685985632069778148e+03
1.932231786451983453e+03
2.131457933622733890e+03
2.301900292621023254e+03
2.353402671947099861e+03
2.339427042339942545e+03
2.232505010386104459e+03
2.191496901247508049e+03
2.205664674205233496e+03
2.226009490167013610e+03
2.237475148197479029e+03
2.324421214768294249e+03
2.268603963488513273e+03
2.140424697927536727e+03
2.024269655247913306e+03
1.899974001806692741e+03
1.767235224252982334e+03
1.677566418112844303e+03
1.545407447651596385e+03
1.474133579345095995e+03
1.428205093776596414e+03
1.413642227097165460e+03
1.467430095880420822e+03
1.527070190602928506e+03
1.689445019479759821e+03
1.923733043903506768e+03
2.158677924629456811e+03
2.306114321478214606e+03
2.333932520866533196e+03
2.299351946488044632e+03
2.187454989228107934e+03
2.170114566814779209e+03
2.164163062920636094e+03
2.184081453463944854e+03
2.207383424288233982e+03
2.290899763201114183e+03
2.249943885021955339e+03
2.125487454649655319e+03
2.018579992397351361e+03
1.850590458341792555e+03
1.730676042989130792e+03
1.629185670362293877e+03
1.490567062061676324e+03
1.416169134856959545e+03
1.367573783775258335e+03
1.356177535271282522e+03
1.418646063452931912e+03
1.491832499927339768e+03
1.635814163954959440e+03
1.876986111194062005e+03
2.108114273968600173e+03
2.264152529029140624e+03
2.317938251166933242e+03
2.303251217220809849e+03
2.211395685053964826e+03
2.197648569421265165e+03
2.208917522637803813e+03
2.216323319279414136e+03
2.213294115551344021e+03
2.291879290939747534e+03
2.257995345727453241e+03
2.130023668143775012e+03
1.997691793762027828e+03
1.850609696599623931e+03
1.763616990272226758e+03
1.625790244225299602e+03
1.506221920127560452e+03
1.427432508040869607e+03
1.378542960967020235e+03
1.372155683974357544e+03
1.438278541344286623e+03
1.506509810030013114e+03
1.667062180048302253e+03
1.892108286030898853e+03
2.112664682429769528e+03
2.283885316308845177e+03
2.330964408269918749e+03
2.313576909514813906e+03
2.204720616423580395e+03
2.192898938118619753e+03
2.207266256706202512e+03
2.211483575930771167e+03
2.224962187862092378e+03
2.316663672717929330e+03
2.267603741593531595e+03
2.171465741365213489e+03
2.020451254669723767e+03
1.835966823714989459e+03
1.741880115623006759e+03
1.651264427229483772e+03
1.543640070715723368e+03
1.452813031032768095e+03
1.405599123337080982e+03
1.404204123516695745e+03
1.460963199873088342e+03
1.552398267395371704e+03
1.665093434513470811e+03
1.847053807199337598e+03
1.995468255085947703e+03
2.103819328584697359e+03
2.152015176770834387e+03
2.146715821100427547e+03
2.058668723295125346e+03
2.060726573043977623e+03
2.033487711517828757e+03
2.024877116954673284e+03
2.046259095107905523e+03
2.153317700310966302e+03
2.185920987210999556e+03
2.090659060790398598e+03
1.979497071965970918e+03
1.870614348077177965e+03
1.806477815070680435e+03
1.691471868260294059e+03
1.597056522981271883e+03
1.517780812537660722e+03
1.461560085977628205e+03
1.455618385342571855e+03
1.513889136175501335e+03
1.586505273656160853e+03
1.707684013960091534e+03
1.890635570309585773e+03
2.075719665510760024e+03
2.211587129854712202e+03
2.273639650261280622e+03
2.248334675572399647e+03
2.151695221031128767e+03
2.147808894051550396e+03
2.149052934204299618e+03
2.128563302494044365e+03
2.140656512800998371e+03
2.239620520863220463e+03
2.246420756596096453e+03
2.130833745322445793e+03
2.035925676519400895e+03
1.915777294337247895e+03
1.847901313836438248e+03
1.742406677977579875e+03
1.671340721658016037e+03
1.594715605235072417e+03
1.544134510473197906e+03
1.536880646974729416e+03
1.599113455034057552e+03
1.666393573418522010e+03
1.751254866173183245e+03
1.897133714146444618e+03
2.010406899388277225e+03
2.049167512932961017e+03
2.027279952906423887e+03
1.991849953913911804e+03
1.884319357557724970e+03
1.910189142129866468e+03
1.861053829983165542e+03
1.818834380613355279e+03
1.809935411177417109e+03
1.907352918155095495e+03
1.930526291958686443e+03
1.870456296511906430e+03
1.832758204520181380e+03
1.768792371439644739e+03
1.726027493126689706e+03
1.658607457434843582e+03
1.559621065409764697e+03
1.503504094184985661e+03
1.461451545504729893e+03
1.450135657852806162e+03
1.515822800875585244e+03
1.587179152723619609e+03
1.692337545237454606e+03
1.911594306478777071e+03
2.148498377505806275e+03
2.324982435135164451e+03
2.355328007117454035e+03
2.315869068921852886e+03
2.193600796831166008e+03
2.154813271675760916e+03
2.156981067406351031e+03
2.147917291788347029e+03
2.163228897975510336e+03
2.236583181421001882e+03
2.197597997668009157e+03
2.038890310675814135e+03
1.891008450609009515e+03
1.735017338927910941e+03
1.624582275668791681e+03
1.528504453319530512e+03
1.424887133646586335e+03
1.350162060679085698e+03
1.302300362835994974e+03
1.321669392790771326e+03
1.383414545962959437e+03
1.463195634011819948e+03
1.592263469470536393e+03
1.824746307437435689e+03
2.073829876682780650e+03
2.250409159052898303e+03
2.298094097935740592e+03
2.234971871220542198e+03
2.124918176024164950e+03
2.099894096123719919e+03
2.113446611330331052e+03
2.116771574560865702e+03
2.126422187936298997e+03
2.227797011885728807e+03
2.200496247427673552e+03
2.065969880333900619e+03
1.954414118976805867e+03
1.801786269994870963e+03
1.684509556301065459e+03
1.561399766474873559e+03
1.408185006451150230e+03
1.345511848011768052e+03
1.301190550997416040e+03
1.300534080493296187e+03
1.363824683990565745e+03
1.449312413766951522e+03
1.583639281610511944e+03
1.803943577711883563e+03
2.056672799962876070e+03
2.229523437082612418e+03
2.288442253496006288e+03
2.265106879391825260e+03
2.165775803941266531e+03
2.138463606231555787e+03
2.144730401838254693e+03
2.144291649347834209e+03
2.145323375823405513e+03
2.235940156352091890e+03
2.208076045028841236e+03
2.082131289670022397e+03
1.961588851112189332e+03
1.806801176170696863e+03
1.689175446363965648e+03
1.561306224625514233e+03
1.474085993016741213e+03
1.393842354732190188e+03
1.350296740551976200e+03
1.340884281695462732e+03
1.416486518317489299e+03
1.510271832763086877e+03
1.641851757481522554e+03
1.869765947319920542e+03
2.109005779806944247e+03
2.292589169534649955e+03
2.371209768046696809e+03
2.334017713959166940e+03
2.234297439385630241e+03
2.217886970976570410e+03
2.240158939953304525e+03
2.236529060260824281e+03
2.241335290301320583e+03
2.321373005926839141e+03
2.307475188822523251e+03
2.166535290721768888e+03
1.979544502891712909e+03
1.840710131114962223e+03
1.741367144261627573e+03
1.632955015331072900e+03
1.571470985185454765e+03
1.519274766765781806e+03
1.460577724283201633e+03
1.460970033863001618e+03
1.525634548229273150e+03
1.613940352145196357e+03
1.727951666838288020e+03
1.918631910586923141e+03
2.106106934716937758e+03
2.241973242587385812e+03
2.312965875683042668e+03
2.297828457799664193e+03
2.217856938463589813e+03
2.209569094894664431e+03
2.174282968247636290e+03
2.149383526865056865e+03
2.132313908970866123e+03
2.224972843611398275e+03
2.206842334138100796e+03
2.101919995887432833e+03
1.951266649692992814e+03
1.846230115846791932e+03
1.770457685998419720e+03
1.675079497687139565e+03
1.612221541223856548e+03
1.547036300990848076e+03
1.499360459126149408e+03
1.498004893349297618e+03
1.565258412876735065e+03
1.652612621585801662e+03
1.763994070396274765e+03
1.961939198300378848e+03
2.164020588460641193e+03
2.337743366128903290e+03
2.400940550019671264e+03
2.378700269102162110e+03
2.241390890699160536e+03
2.217227326455926686e+03
2.196720641616198463e+03
2.185678609078298450e+03
2.176928399272226216e+03
2.236742492953477267e+03
2.218334013860408504e+03
2.114173021233870259e+03
1.944872587267173003e+03
1.794720644891623124e+03
1.693650301884095825e+03
1.587489513560441537e+03
1.535443996294456383e+03
1.487367395313915495e+03
1.448771553263184842e+03
1.458398326584890128e+03
1.527072483966159098e+03
1.603701948831959498e+03
1.712647697502025721e+03
1.839004255954344444e+03
1.951913959224493738e+03
2.000156924379534985e+03
1.977131948409243932e+03
1.934618165753352741e+03
1.822221448423253150e+03
1.818973568499912062e+03
1.765439417879659914e+03
1.726031582840712872e+03
1.695424537724695938e+03
1.784639041484520931e+03
1.818042221815327366e+03
1.783749731301715428e+03
1.698030109964114672e+03
1.610819279087960467e+03
1.544591975096764827e+03
1.466856226170533319e+03
1.418733848147033768e+03
1.385141542707546250e+03
1.359111393404075670e+03
1.366035104847482899e+03
1.449461097682766649e+03
1.525709723820383488e+03
1.660961369188433082e+03
1.916519411275435004e+03
2.201473910883063127e+03
2.392817427702473196e+03
2.412453836638490884e+03
2.361628885796848408e+03
2.213794101133420099e+03
2.162212334583296979e+03
2.149028283661997193e+03
2.162388054003155958e+03
2.178582476793651040e+03
2.249773158526422321e+03
2.197853529912435988e+03
2.079868922066387768e+03
1.932954334623072100e+03
1.768872079641314940e+03
1.649625676164055449e+03
1.525820909577669909e+03
1.434269909513081757e+03
1.386097505184078500e+03
1.351628095506939644e+03
1.362111995837790118e+03
1.435010285924687196e+03
1.530350485260741380e+03
1.678308347857136368e+03
1.929225993359075574e+03
2.188354848508253326e+03
2.374608957571304472e+03
2.397041201635185189e+03
2.346322898424617051e+03
2.232187125506345183e+03
2.187532094240317292e+03
2.164904702831272971e+03
2.157062959628288354e+03
2.169353290751334953e+03
2.260396013391306042e+03
2.227820748352050032e+03
2.090070011816374063e+03
1.934546794524599136e+03
1.739599183997150703e+03
1.618739035226701162e+03
1.536821377231982979e+03
1.446634223661284295e+03
1.390470569150949586e+03
1.358189991392091997e+03
1.361367642144178035e+03
1.427709633753612479e+03
1.522858059597763258e+03
1.672619938484387603e+03
1.919043438748165499e+03
2.159780113789409370e+03
2.327117557294226117e+03
2.376652833043330702e+03
2.326096545317282107e+03
2.194691561608745360e+03
2.174736780247496881e+03
2.162613238718583489e+03
2.174123297035967425e+03
2.183733494587460427e+03
2.259291422747134675e+03
2.255891205066803650e+03
2.108610934201570672e+03
1.939492534635501670e+03
1.784702505170693485e+03
1.661301486148588083e+03
1.519727108580325421e+03
1.441554792827893152e+03
1.388977040674120417e+03
1.361294889852080587e+03
1.371215394998838974e+03
1.445347285222512937e+03
1.551347883419975005e+03
1.703098937882877863e+03
1.951820848145575610e+03
2.186073225143598393e+03
2.359893872191003993e+03
2.426022758388135117e+03
2.377322403203925205e+03
2.258046570994490139e+03
2.216102920766209081e+03
2.213555945083929601e+03
2.227006932806024452e+03
2.232297190316070100e+03
2.332583381000887130e+03
2.282623510577247998e+03
2.139430194077240685e+03
1.965485021158298423e+03
1.834830733948251464e+03
1.728605213058264326e+03
1.628008566011105813e+03
1.542922475100034944e+03
1.486151642490588529e+03
1.455826317668220781e+03
1.466911642275060103e+03
1.545552278210498343e+03
1.644267095228389735e+03
1.819056498637192590e+03
2.046419614414350917e+03
2.274892433533515486e+03
2.465426354454667489e+03
2.537608100873607327e+03
2.501647021354903245e+03
2.369268774057929477e+03
2.317759668457795669e+03
2.271710513009980787e+03
2.282610936269777994e+03
2.281589994466749886e+03
2.366513847141963652e+03
2.321660495698991326e+03
2.194183371313386033e+03
2.043163307845206191e+03
1.884584508351588738e+03
1.763515935678292408e+03
1.657314656984339990e+03
1.573301528863189560e+03
1.520804469367727506e+03
1.484201719237287989e+03
1.483046973430530215e+03
1.564606729887889969e+03
1.659825208953070387e+03
1.792644711186707809e+03
1.975457250039851488e+03
2.138384246739587979e+03
2.279715947784230138e+03
2.353344411166463033e+03
2.345802377019140295e+03
2.209885533125156599e+03
2.207420368283840617e+03
2.194583185958428203e+03
2.147994027990691393e+03
2.127710670719820428e+03
2.214652588001783897e+03
2.219325304358332687e+03
2.129191738463578986e+03
2.046426704459209986e+03
1.902892675808948525e+03
1.785547113420152755e+03
1.676574234116218804e+03
1.589054148092181777e+03
1.539578263437685791e+03
1.502221050451164047e+03
1.513537652324477904e+03
1.580325184483207067e+03
1.672277975723392046e+03
1.776942492092821112e+03
1.915045090756647141e+03
2.002979316566750867e+03
2.039506753281970077e+03
2.066154244993403154e+03
2.033053642352312181e+03
1.942559159501780641e+03
1.959976027149248011e+03
1.934369411051995257e+03
1.893457441908993587e+03
1.866078943674810034e+03
1.952787660341199171e+03
1.992765505450342062e+03
1.952016762834995916e+03
1.893132202276332464e+03
1.822612949679422627e+03
1.769215789591165048e+03
1.703424359870036369e+03
1.723684652137202193e+03
1.703160419083965053e+03
1.678327735434744000e+03
1.661921330772223882e+03
1.718632582017699178e+03
1.800180752820107045e+03
1.938642625173860097e+03
2.173494688929682980e+03
2.428615998969467910e+03
2.607845378134466500e+03
2.682677147573203911e+03
2.661735865212039698e+03
2.515536831755993262e+03
2.470888834081481036e+03
2.497996090948207893e+03
2.497048677875882277e+03
2.508731140062459872e+03
2.582401637325161573e+03
2.470463524267359389e+03
2.336201700656180492e+03
2.219476531918060573e+03
2.028340085467322751e+03
1.926649597243806284e+03
1.871922246016562895e+03
1.760534667571575937e+03
1.710408543415897384e+03
1.666462757749113280e+03
1.674823083328009943e+03
1.747339429545716484e+03
1.827920466132184856e+03
1.964842331580323162e+03
2.208609979996776929e+03
2.451904093181667577e+03
2.624595333163933901e+03
2.689072395708727527e+03
2.670136988742416634e+03
2.556481597883563154e+03
2.531107354233522983e+03
2.520402456296787932e+03
2.533856008784292044e+03
2.521297789326670681e+03
2.534608972869327772e+03
2.459644729581047159e+03
2.314938636775697432e+03
2.130048033470139217e+03
1.984675985222643931e+03
1.866879440343279839e+03
1.785609182646295494e+03
1.675655252496770800e+03
1.613236438317368538e+03
1.581481837966335434e+03
1.591496651177228159e+03
1.667005059286859023e+03
1.767277545465424964e+03
1.928983506220463141e+03
2.140849384124117023e+03
2.360847207418234575e+03
2.515385557639258423e+03
2.573984904097605067e+03
2.545532036393427916e+03
2.425043549360548241e+03
2.397294951003301321e+03
2.377827066321242000e+03
2.366915690318522593e+03
2.375961976664001213e+03
2.411644867883459483e+03
2.342438262774950090e+03
2.214047164869984499e+03
2.059204915407352928e+03
1.914507380348349443e+03
1.812243135990602468e+03
1.717356971258111344e+03
1.616361071695517239e+03
1.561166391025471739e+03
1.520762975862514622e+03
1.534949795558404276e+03
1.612710570801835274e+03
1.719063289643354210e+03
1.881685653801916033e+03
2.093087283982297322e+03
2.332658919357302238e+03
2.501736581430668593e+03
2.542165843584715731e+03
2.512036895299849220e+03
2.403809441243470701e+03
2.361013042852111994e+03
2.325114528563470685e+03
2.297089650232834174e+03
2.283255645660450682e+03
2.329213349116838799e+03
2.333583418692389387e+03
2.209944839052394400e+03
2.044049438303346051e+03
1.888678896724995639e+03
1.757373640526240933e+03
1.644449766867062863e+03
1.526040187353486772e+03
1.468255140775707559e+03
1.451279327859732803e+03
1.457846308158819738e+03
1.540477090852915353e+03
1.643475519588132329e+03
1.773551178282362116e+03
1.990191743370448876e+03
2.178973096351593540e+03
2.303152976945584214e+03
2.335677280903462361e+03
2.293969012707435468e+03
2.162005475296348777e+03
2.149256595540838134e+03
2.142163017371757633e+03
2.127813511782217120e+03
2.114825824284104783e+03
2.199107158944556886e+03
2.235788323931256400e+03
2.132179209221144902e+03
1.994825160799142168e+03
1.861234419713257239e+03
1.740224094020782786e+03
1.616981619033065272e+03
1.509888178812521346e+03
1.461761423811634813e+03
1.431887261164573374e+03
1.430782141807893368e+03
1.520002563360148997e+03
1.610894881064374658e+03
1.726646943894725609e+03
1.882235289580377412e+03
1.986608883252548821e+03
2.019027098125383873e+03
1.981991451523705564e+03
1.945475883275227943e+03
1.835634191553348501e+03
1.822165427071002341e+03
1.774572787665494161e+03
1.752310305011167657e+03
1.737417811223647277e+03
1.804505487059671168e+03
1.884589972988896989e+03
1.846968783413837400e+03
1.790658580314842766e+03
1.722498828222366683e+03
1.647952775380034382e+03
1.565211013032939491e+03
1.485620427298491222e+03
1.436619147992015542e+03
1.402798684811481280e+03
1.435488109283350923e+03
1.525474881326511422e+03
1.636555035824931792e+03
1.789046096461861225e+03
2.063577810662628508e+03
2.334412579283150535e+03
2.517150386423359578e+03
2.547536003940961109e+03
2.487349542283025585e+03
2.344753466353254225e+03
2.332159223971435040e+03
2.340252314572865998e+03
2.327738603043876537e+03
2.310994257942470540e+03
2.391002505299182758e+03
2.366317955155026993e+03
2.211819584985971687e+03
2.066472954830785966e+03
1.903360461982881361e+03
1.772153323382090093e+03
1.644571208541901569e+03
1.531163812630825078e+03
1.468083222588867784e+03
1.437351596987723042e+03
1.455894422258197892e+03
1.548145736937733545e+03
1.655058980546356906e+03
1.817011382235114752e+03
2.074007810007381067e+03
2.335540533040047194e+03
2.498994595564731299e+03
2.539847837176552730e+03
2.495336718690132329e+03
2.378665333715875022e+03
2.355721018760997595e+03
2.370946671570737180e+03
2.360768470804127446e+03
2.352479815973719724e+03
2.406115371608782880e+03
2.403921079165466836e+03
2.296893346123414631e+03
2.135358150482276869e+03
1.970525723050029910e+03
1.841274799865333080e+03
1.713385483516859040e+03
1.606016261518674128e+03
1.535739931160156630e+03
1.493522105689140062e+03
1.514471322043357304e+03
1.600737831351812247e+03
1.709030496497013928e+03
1.854986328935240635e+03
2.091991496689874566e+03
2.349593420026402782e+03
2.510856738966894227e+03
2.552999432287570926e+03
2.504577717228814890e+03
2.394900689907415199e+03
2.362453443782836075e+03
2.358487341940410261e+03
2.349358677189514765e+03
2.334123630721837799e+03
2.384056511167545978e+03
2.385056172640743625e+03
2.259645181222158953e+03
2.094646584811759112e+03
1.918008744852559403e+03
1.766623843307747393e+03
1.646010293954180270e+03
1.546128155163743941e+03
1.481760660378430657e+03
1.446828435822032361e+03
1.463494613157454978e+03
1.551954159002610822e+03
1.664824363922858538e+03
1.826300107783831209e+03
2.060889296528454906e+03
2.296519194178953057e+03
2.454644113005695090e+03
2.451207399966667253e+03
2.415518061943099838e+03
2.291268946623134070e+03
2.255623086492621042e+03
2.250648282732090593e+03
2.237579371448806796e+03
2.202730692697589348e+03
2.278936684770482771e+03
2.302186953505544807e+03
2.204333505122852330e+03
2.063110981727792023e+03
1.906807827960642726e+03
1.769215097774907690e+03
1.655102067895277742e+03
1.536575015467717776e+03
1.454947165237862237e+03
1.422429910665272928e+03
1.431757967307851914e+03
1.523560389598867459e+03
1.636068982579950216e+03
1.798190029236023292e+03
2.047137405409768462e+03
2.277298837321097835e+03
2.431260610384831580e+03
2.501892699194924717e+03
2.455520320459140748e+03
2.339703315307762296e+03
2.319523019302665034e+03
2.297028355813120015e+03
2.282120639861947438e+03
2.267838206999373142e+03
2.321344072815543768e+03
2.347344127153491172e+03
2.239498885572583276e+03
2.092474677015868110e+03
1.929376530407778091e+03
1.796533509515880496e+03
1.672635274677391180e+03
1.551170338423199610e+03
1.481276992820765372e+03
1.447925332128947502e+03
1.463887892634147647e+03
1.545501337982538871e+03
1.669225919556166900e+03
1.806130592092153620e+03
2.001927305693323433e+03
2.167746300394370792e+03
2.290222191679604748e+03
2.358782531080866192e+03
2.335716342388626799e+03
2.198714354739675400e+03
2.179732482496322518e+03
2.163704597782465953e+03
2.149505683460989985e+03
2.115061369341560294e+03
2.182295833467174816e+03
2.243352228692868721e+03
2.175722375926332006e+03
2.080611596208541869e+03
1.939673164259702844e+03
1.818589334180269361e+03
1.703842453146406342e+03
1.588224127761726095e+03
1.516476744453019364e+03
1.487279553091239904e+03
1.498728386135391247e+03
1.571146019141292300e+03
1.656898554442210070e+03
1.769309327051155378e+03
1.928317352519485212e+03
2.039644730387351046e+03
2.070187252024226382e+03
2.053417074721123754e+03
2.007209580579001795e+03
1.888674362817678229e+03
1.901674032069899567e+03
1.856935700984203777e+03
1.811945134617997155e+03
1.782640910424513095e+03
1.821729585853370963e+03
1.878231172575740175e+03
1.861674315968978590e+03
1.790712151488953850e+03
1.706983246573607630e+03
1.620213750728604737e+03
1.514910290639661525e+03
1.443653116737193159e+03
1.389426419773475118e+03
1.356524448170439882e+03
1.365671261061937457e+03
1.453657965821918424e+03
1.554303573472835751e+03
1.712445102595690969e+03
1.979965365808767046e+03
2.250172326499767223e+03
2.407781472055735776e+03
2.438721721494176109e+03
2.392525796028237892e+03
2.259273201706118471e+03
2.222587208209928122e+03
2.221297386109132731e+03
2.192644217726617171e+03
2.175779588527352189e+03
2.234460868583061256e+03
2.252403955905446310e+03
2.148209639859805975e+03
2.013626525575595224e+03
1.845588201524282795e+03
1.710302612306542414e+03
1.572894662954005753e+03
1.470555806126695870e+03
1.406218943646875005e+03
1.359089835713344655e+03
1.360739974784469268e+03
1.448095328319683404e+03
1.544321848473428645e+03
1.696056261628711582e+03
1.884270670805551163e+03
2.007354977015470240e+03
2.044241018370540587e+03
1.974215720479275433e+03
1.884044367410926043e+03
1.767939315510620872e+03
1.731696126122012629e+03
1.686160950680227870e+03
1.653440496562382805e+03
1.633501482592568664e+03
1.726979697294794505e+03
1.811618808096535759e+03
1.792580334853189242e+03
1.740022880700065343e+03
1.649196994006466639e+03
1.549432303536713562e+03
1.441581045813647506e+03
1.339532971785835798e+03
1.274829504320960041e+03
1.239840771511369667e+03
1.260988336144351024e+03
1.343158144266994668e+03
1.446887957141801735e+03
1.602734896743179206e+03
1.888459346731375945e+03
2.155252801602386626e+03
2.351078735850612702e+03
2.415817490959194402e+03
2.363302595874248254e+03
2.208380230021990428e+03
2.170533877021861372e+03
2.159163459768699795e+03
2.167629352430206836e+03
2.162081814916694384e+03
2.220771571301906988e+03
2.229788951094557888e+03
2.103309808057076225e+03
1.962676649023653908e+03
1.791778718929572960e+03
1.645063455675350951e+03
1.499113601598767445e+03
1.384563730301561009e+03
1.310949380539668255e+03
1.267403689150193259e+03
1.269369400059828649e+03
1.357640763454232001e+03
1.467192035017225180e+03
1.642902955605006355e+03
1.919451130029532806e+03
2.174958813821307103e+03
2.359748713389694785e+03
2.423658864929050196e+03
2.409838259788701635e+03
2.277417059792830969e+03
2.203204763570243813e+03
2.212109021770547770e+03
2.201217402298490470e+03
2.181902694847750809e+03
2.233145971691522391e+03
2.229294423234865462e+03
2.109894633077795334e+03
1.990425414920574212e+03
1.817006161648570242e+03
1.671750273270009757e+03
1.527624970223502942e+03
1.408804542369646242e+03
1.321985012004952750e+03
1.282498143465883913e+03
1.308993583643851707e+03
1.397970773810704486e+03
1.512825227749789065e+03
1.688397986838898760e+03
1.970224833148763082e+03
2.228469398169479973e+03
2.400051345556830256e+03
2.468194012033149647e+03
2.438998769632263247e+03
2.318567911666243617e+03
2.274308661553736783e+03
2.247496112623248337e+03
2.238720517581638887e+03
2.206835674494091108e+03
2.259146604456549994e+03
2.268129469858112770e+03
2.153611463982081659e+03
2.025112836206944394e+03
1.867001920297001561e+03
1.717630490679910054e+03
1.567744981830930101e+03
1.440701370808059210e+03
1.364610045672509841e+03
1.319714056346796269e+03
1.328420519618887283e+03
1.420230008880584137e+03
1.523161107049464817e+03
1.676832636367888426e+03
1.907785099499096987e+03
2.117497271250263566e+03
2.287473405988938794e+03
2.366435086603520631e+03
2.356026275009275651e+03
2.209122586985470207e+03
2.175026837403241643e+03
2.138168787348912247e+03
2.116591367273574633e+03
2.104596786446437818e+03
2.157098062099782510e+03
2.198376610809637896e+03
2.090465846973830139e+03
1.964367681198871196e+03
1.798142886684570385e+03
1.650084864214768459e+03
