1.581619001543133862e+01
1.610605825921232892e+01
1.644448936885894241e+01
1.765564833444080151e+01
1.956067237114000434e+01
2.184109460733822061e+01
2.355565777845239595e+01
2.441344635676448505e+01
2.448095425363989719e+01
2.424281994579458299e+01
2.419903620653787257e+01
2.424162717104424303e+01
2.427054058959483029e+01
2.377206010730857955e+01
2.348870157926541680e+01
2.359203340204245691e+01
2.270891099005704206e+01
2.198664960973858129e+01
2.185276963652892590e+01
2.158057951515016271e+01
2.054940554341900238e+01
1.972397416697021555e+01
1.877200736946483062e+01
1.791394870706004383e+01
1.709649017255098968e+01
1.715964705631891007e+01
1.737313942167995862e+01
1.837790834140201213e+01
1.974475701929123872e+01
2.145029041432488270e+01
2.295807176173942565e+01
2.374368638300393997e+01
2.401399600654472266e+01
2.329642600347176540e+01
2.341624983707517060e+01
2.348798778223610029e+01
2.327276557829133807e+01
2.319136872828736884e+01
2.314317751813993240e+01
2.324479043546373092e+01
2.289056869394323002e+01
2.273754100829572877e+01
2.263666066399373022e+01
2.246919544084353149e+01
2.219139808964223093e+01
2.139073818410678385e+01
2.039703602034640539e+01
1.929834275246948749e+01
1.891161576568524083e+01
1.904700455250571522e+01
1.876243997785813633e+01
1.918218409162895455e+01
2.011128761892970118e+01
2.088050400566406850e+01
2.115621117239634330e+01
2.118099988435173486e+01
2.090136766295704973e+01
2.057743407864111518e+01
2.092121903159314655e+01
2.070030450217939588e+01
2.038833566621983096e+01
1.982065392061741704e+01
2.002465306520786470e+01
2.110133795022179370e+01
2.124226583929684153e+01
2.175173705066661256e+01
2.143441924614440808e+01
2.105729889373072794e+01
2.046874146965021524e+01
1.975228930823904960e+01
1.901466858901491364e+01
1.847382083895570304e+01
1.804385340150314221e+01
1.795510493803063312e+01
1.781696209466605296e+01
1.845463664367971290e+01
2.014819827901002114e+01
2.218316408085381042e+01
2.386912067481896926e+01
2.460778612473844973e+01
2.459972109114626804e+01
2.413521114649197941e+01
2.408588417327950992e+01
2.408658957450400351e+01
2.360007796636366706e+01
2.340528960352996535e+01
2.336784901819856586e+01
2.381378464151562824e+01
2.295695307647795858e+01
2.205456778747625535e+01
2.206928436149073036e+01
2.150165188006485195e+01
2.069750417881632387e+01
1.948210115289446520e+01
1.872920248767206886e+01
1.815295320444184313e+01
1.778058911980454937e+01
1.802730579014454904e+01
1.811632354483374741e+01
1.890844315140563836e+01
2.075218662360338939e+01
2.292094419549141193e+01
2.475210197386512689e+01
2.522368537178822123e+01
2.504286307971718983e+01
2.406610798964807429e+01
2.432979973268413687e+01
2.444542810286922574e+01
2.419914672978929815e+01
2.404319378608077074e+01
2.402186128746381399e+01
2.400515676086925865e+01
2.286734192600987825e+01
2.241072229885985578e+01
2.212051643671815171e+01
2.205151210840331899e+01
2.149727596120815676e+01
2.022641334064069341e+01
1.940151872958667312e+01
1.869280010422259863e+01
1.835002488474272653e+01
1.850227680636574235e+01
1.833456025093214237e+01
1.912611981063193767e+01
2.090830702477280312e+01
2.307273159465394130e+01
2.499402700224370477e+01
2.583204271842272703e+01
2.555363568703581478e+01
2.500109661311165254e+01
2.527137837911995533e+01
2.540029546957752515e+01
2.554869464433554782e+01
2.474369287400650919e+01
2.450405313890781400e+01
2.511343060537883431e+01
2.423692720772665510e+01
2.350572220448884408e+01
2.278376082278652959e+01
2.245445521002914191e+01
2.169548593448831042e+01
2.030721567126529692e+01
1.957453600741173005e+01
1.883786223336798926e+01
1.843994617008203463e+01
1.866778969238218977e+01
1.856873800894849680e+01
1.922593448450173526e+01
2.095446481700861341e+01
2.317595710087591954e+01
2.458189973047352339e+01
2.525996178537915426e+01
2.520303579275330463e+01
2.459138919903612575e+01
2.465830609762596382e+01
2.465991942761218070e+01
2.421360118767222858e+01
2.398171909178055827e+01
2.397419415147437149e+01
2.459198089482366356e+01
2.347449128081409953e+01
2.281669298153132530e+01
2.271088185624435596e+01
2.247858740768632657e+01
2.173357126659314531e+01
2.042748814317438288e+01
1.956811537242202803e+01
1.895229030442849805e+01
1.863937521267311226e+01
1.874049466585102053e+01
1.882007594867997469e+01
1.955386857618938734e+01
2.132895183778072123e+01
2.358261977750255767e+01
2.511825341973571923e+01
2.603268034944646558e+01
2.606966547074733853e+01
2.591596548887523355e+01
2.584484397714603787e+01
2.577937048845342005e+01
2.504907395718823082e+01
2.409699459037490854e+01
2.394085595677118050e+01
2.394677226221986999e+01
2.283835270055210742e+01
2.178996770224856760e+01
2.140850147084483623e+01
2.093205898447343927e+01
1.987574318723147471e+01
1.870949789955622933e+01
1.811832629403454220e+01
1.766874131561514361e+01
1.736581986885624218e+01
1.751142079930185247e+01
1.763694177283720776e+01
1.852175108749323229e+01
2.000170592883772613e+01
2.157729222541174252e+01
2.295757407521831794e+01
2.361472959362603774e+01
2.314252833430098732e+01
2.249993240676767670e+01
2.242924217334500625e+01
2.194407589145084003e+01
2.110755655224067695e+01
2.032345356504036715e+01
2.077885469958944853e+01
2.170081947258207222e+01
2.144188123632658360e+01
2.125517879616313976e+01
2.077770648674346532e+01
2.023558409406524206e+01
1.914746442019161421e+01
1.800508655342469311e+01
1.746526023977927267e+01
1.697568481995433487e+01
1.682535459775424869e+01
1.696315059472901154e+01
1.703880153388285734e+01
1.772342250514625661e+01
1.899433601209545230e+01
2.022590961847324209e+01
2.075980237029389386e+01
2.039284125905469836e+01
1.964858209245844023e+01
1.905107870985365892e+01
1.920299407223797772e+01
1.869005087693218670e+01
1.778865031994683221e+01
1.737210470671608675e+01
1.777543740604445333e+01
1.873353918715007538e+01
1.955782570130888587e+01
1.985387863234190320e+01
1.996954750254618460e+01
1.981925537400918813e+01
1.905371770469227855e+01
1.784581918866375716e+01
1.723568716874516937e+01
1.667576311780581477e+01
1.640954719154239072e+01
1.660971317111059165e+01
1.686002359212253054e+01
1.776902745445999088e+01
1.992369572696707891e+01
2.252294789489134885e+01
2.454672161852363388e+01
2.531940899336397166e+01
2.470567972845937987e+01
2.394882996032212219e+01
2.379966595853095868e+01
2.343280225925462190e+01
2.267969309169581393e+01
2.204629977662699503e+01
2.208807920323712537e+01
2.254477168221742289e+01
2.148528821637032138e+01
2.077125673342777290e+01
2.052919947067341511e+01
1.980146220240728283e+01
1.847621446493605291e+01
1.729742631155648169e+01
1.661364667960749131e+01
1.633621336193649043e+01
1.608329900237628607e+01
1.637957418322159953e+01
1.664558126322996756e+01
1.770407846787015060e+01
1.981042304951732547e+01
2.250555024084113143e+01
2.438692185365857412e+01
2.520515326742114226e+01
2.459849658980203557e+01
2.375291500225123542e+01
2.348853930813877966e+01
2.303517236424419679e+01
2.250888191507734248e+01
2.205849499250813750e+01
2.220565847334512100e+01
2.261347926541621689e+01
2.176009669482136744e+01
2.140773948480087796e+01
2.097666963537052354e+01
2.061965973724805323e+01
1.941818771996970838e+01
1.839805866423843383e+01
1.696605866126180118e+01
1.647231164903096712e+01
1.624336960882949299e+01
1.683207455703173494e+01
1.690521137237858440e+01
1.748821735163172164e+01
1.977904343065135606e+01
2.237194963777231038e+01
2.440425991862973376e+01
2.549464861098468660e+01
2.512801248386967501e+01
2.405644991242157715e+01
2.349630256201866274e+01
2.305735117664889700e+01
2.246952793219549704e+01
2.194671643988170828e+01
2.209150426409519952e+01
2.248601471612252567e+01
2.181836384960652708e+01
2.151932668407386728e+01
2.125127942948130766e+01
2.086290200309838383e+01
1.978697852316775396e+01
1.807081423583014157e+01
1.738670091520002714e+01
1.672001784821555503e+01
1.647077222602839441e+01
1.662122136071907974e+01
1.694913614831082072e+01
1.824846012280103835e+01
2.021112635160234206e+01
2.248495119131391107e+01
2.454984255216233890e+01
2.508007619556018497e+01
2.464469718126726505e+01
2.355115813515238088e+01
2.303067996869638989e+01
2.235881570643257277e+01
2.157127227633338862e+01
2.126117480077131816e+01
2.142052660455401991e+01
2.202162001136865399e+01
2.129106333409716001e+01
2.072175788690853082e+01
2.016533684877918375e+01
1.988993664910788794e+01
1.899985752375404502e+01
1.738818849052874782e+01
1.671150368139430498e+01
1.622625034793947307e+01
1.627643276329623845e+01
1.654777612097721828e+01
1.684593850588715114e+01
1.816966195622356750e+01
2.014506071380903762e+01
2.271604287324546334e+01
2.458919719314107866e+01
2.515378482634037027e+01
2.440014996168740424e+01
2.338473576967074052e+01
2.318174712471342147e+01
2.265925675178020171e+01
2.179889131037806749e+01
2.137940632215641656e+01
2.156301564314698993e+01
2.175682035041360862e+01
2.130427088067181884e+01
2.110461478954920267e+01
2.072578859024416431e+01
1.969049721350151572e+01
1.885881625359780145e+01
1.736293342497827652e+01
1.669479989461415670e+01
1.625608270051152715e+01
1.598588563833705933e+01
1.643364393835851089e+01
1.670629524749844919e+01
1.790833196822863727e+01
1.953017817020043978e+01
2.146436367213583196e+01
2.312012315737132084e+01
2.376386753541316210e+01
2.342635043965393038e+01
2.276621724143472036e+01
2.250913131953507929e+01
2.202894281633208706e+01
2.125290809919454915e+01
2.063017271927319030e+01
2.095573593126827205e+01
2.153770304070071973e+01
2.133420626023186628e+01
2.097342985522466918e+01
2.034576809638749495e+01
2.023274324923227141e+01
1.923386973167242076e+01
1.787077929377779384e+01
1.692793880271488405e+01
1.618778459709057316e+01
1.603194536992684505e+01
1.639054869126930214e+01
1.665292062027215891e+01
1.748517083836844321e+01
1.884802410015219110e+01
2.030448051939733745e+01
2.058700566990362546e+01
2.082607410693827177e+01
2.056285341687108570e+01
1.971970737547413677e+01
1.966258108513488168e+01
1.930551886893729829e+01
1.880414934164037888e+01
1.829901994264767140e+01
1.855466659362177495e+01
1.917440335332865331e+01
1.939764885204036915e+01
1.981322545075189723e+01
1.918523726391400430e+01
2.016754522086054635e+01
1.968773347174394317e+01
1.828476092662488739e+01
1.721565027017799920e+01
1.647222694914735897e+01
1.624838224588048519e+01
1.650108679040175375e+01
1.692628622818887862e+01
1.816844167338656746e+01
2.062618545235584833e+01
2.353958164626696359e+01
2.569764338606758969e+01
2.634474694569566822e+01
2.619456128611402335e+01
2.524522889999691344e+01
2.501968882520804982e+01
2.476449832777095850e+01
2.446936574792271912e+01
2.362418101258232284e+01
2.390285765286837361e+01
2.349575194453609583e+01
2.189643290641441453e+01
2.106100995159439293e+01
2.123340138017298528e+01
2.075091314269198506e+01
1.993735095050256945e+01
1.849500209544920892e+01
1.732297011913379947e+01
1.656495814691743718e+01
1.630286347059954011e+01
1.668131312157752433e+01
1.707511057747058203e+01
1.834089377551580569e+01
2.044713942714050603e+01
2.316476352973876018e+01
2.493492244782734346e+01
2.559997771855035964e+01
2.551382563470262355e+01
2.452774046781122053e+01
2.388701791181854972e+01
2.330427168424452944e+01
2.270263410697820561e+01
2.230065553885327034e+01
2.237519115409093473e+01
2.240979989786957205e+01
2.144330788503208041e+01
2.085863541103879371e+01
2.082682038578646910e+01
1.994536885602763476e+01
1.874929602591398847e+01
1.743314736568974510e+01
1.652468035700653815e+01
1.594883511345682159e+01
1.576018294150314958e+01
1.609696115844521458e+01
1.650044492698597409e+01
1.755801953156558426e+01
1.968768828487764111e+01
2.223641326091260595e+01
2.383777747929494595e+01
2.424575003845285792e+01
2.393281380601890973e+01
2.300482436513118500e+01
2.268031241944349929e+01
2.192219668286388412e+01
2.096972772260121332e+01
2.033450200181396994e+01
2.057987310363068545e+01
2.089554260941067199e+01
2.041300863269374588e+01
1.989376511526140234e+01
1.976412986210048572e+01
1.916475332023151879e+01
1.808295524009978905e+01
1.669520683644347159e+01
1.577095868269402601e+01
1.523394982325446634e+01
1.515113871648695465e+01
1.554360144293303314e+01
1.603881731293835244e+01
1.737252518396318379e+01
1.981659378120148318e+01
2.267523526713812032e+01
2.469082754511250499e+01
2.556351718208626522e+01
2.533430293421957558e+01
2.441187707522858830e+01
2.403765862458512004e+01
2.365853768234706678e+01
2.319698013231608513e+01
2.284241588397917511e+01
2.265853971392314037e+01
2.262387118739155412e+01
2.180276267786837607e+01
2.125970382911222245e+01
2.105313854386386652e+01
2.037331263030523232e+01
1.958117554701760454e+01
1.806669820334299459e+01
1.689785855386493196e+01
1.616626705202563841e+01
1.585614462517679613e+01
1.622960346284537181e+01
1.673987105787573526e+01
1.802553038801682561e+01
2.032971465684225265e+01
2.319633811062032436e+01
2.521831043954398766e+01
2.601277492056691543e+01
2.567755087365709699e+01
2.451382165303575889e+01
2.423292071102531509e+01
2.378133173417077728e+01
2.338933007942927134e+01
2.298802645688422075e+01
2.277385979138106720e+01
2.250271488235113182e+01
2.149392607004932287e+01
2.088136039988832948e+01
2.059877770423544874e+01
2.021135798830604813e+01
1.937804715864552918e+01
1.811304241832566930e+01
1.703219549072234429e+01
1.624445139701902008e+01
1.586037234968730658e+01
1.629222258440715976e+01
1.667374941429707391e+01
1.781668388652367696e+01
1.960707268795375313e+01
2.169460271422567388e+01
2.328827107695500231e+01
2.385258701543902049e+01
2.380846071628948835e+01
2.294100335890915687e+01
2.257179212685331393e+01
2.220446723870911399e+01
2.173285739403112160e+01
2.140312979514071401e+01
2.143659887857634416e+01
2.149884729737788192e+01
2.118080264963083792e+01
2.063706039475786014e+01
2.048505227171666121e+01
2.025729286692554254e+01
1.940947399568545606e+01
1.844850715744117409e+01
1.744281417683824031e+01
1.658580065995500163e+01
1.629891850542054144e+01
1.648801133557231680e+01
1.677629732633013404e+01
1.778300221868441966e+01
1.908913945269154766e+01
2.028639158710750934e+01
2.107540272180843743e+01
2.103395391139089199e+01
2.050563263410609238e+01
1.990473699089212900e+01
1.989750803693026171e+01
1.941162596802573859e+01
1.889609171914222685e+01
1.852452192339528381e+01
1.877463009372328528e+01
1.911557756985011380e+01
1.919639268523467734e+01
1.927350676245058736e+01
1.970722607636610491e+01
1.977882158011020408e+01
1.943007061135764957e+01
1.844802788581709763e+01
1.745999671947706133e+01
1.671869582505084395e+01
1.638154255705044093e+01
1.650735432604233210e+01
1.690376803214813251e+01
1.792224772920059550e+01
2.014329528805227554e+01
2.305685695231579402e+01
2.491156197411522655e+01
2.546730053361669022e+01
2.535746682670181329e+01
2.481824245852104127e+01
2.421903622788586929e+01
2.405189203368986028e+01
2.366478803953299348e+01
2.333988918616032038e+01
2.359318485252534359e+01
2.334396408460568750e+01
2.182246206710287240e+01
2.105522193211604787e+01
2.073597557914771272e+01
2.043435350343507650e+01
1.974573626633772250e+01
1.905062615654196634e+01
1.793524002900399239e+01
1.711613362062805166e+01
1.669657557764670841e+01
1.706579530760529195e+01
1.717834478713571400e+01
1.838717674327661911e+01
2.056275029073920990e+01
2.305917778950330899e+01
2.470924853902596396e+01
2.596838628998660070e+01
2.568643986099537813e+01
2.477142857966745737e+01
2.461594188068806588e+01
2.452615189687553254e+01
2.421458004296092525e+01
2.387793464001774879e+01
2.380965933002684309e+01
2.340172391741576163e+01
2.217987903789351734e+01
2.127573262629771023e+01
2.094818128238085109e+01
2.078750103135261540e+01
2.031537237992446876e+01
1.911281358800053098e+01
1.832444372164226820e+01
1.728961958936333687e+01
1.678911720239651473e+01
1.691885995820445032e+01
1.735933299802265850e+01
1.827027453392711820e+01
2.058679277298920240e+01
2.305014036291726143e+01
2.516359802886449515e+01
2.612228938755474417e+01
2.590129450948404255e+01
2.507033515874366358e+01
2.499595353811223220e+01
2.477803393852131464e+01
2.427990087106005745e+01
2.371981370462799177e+01
2.357697947228487934e+01
2.355531698387505912e+01
2.216603602360843439e+01
2.113982124209027447e+01
2.113413218554083883e+01
2.108198453577985276e+01
2.035949863633834056e+01
1.933272148838284465e+01
1.841129600404061861e+01
1.774750598057571338e+01
1.719130487732551416e+01
1.724569159814760866e+01
1.762789196586796336e+01
1.877921760884500557e+01
2.078823450976737064e+01
2.309383003991583294e+01
2.551077666529474541e+01
2.604722218804690925e+01
2.602204460437889466e+01
2.469742823505003315e+01
2.464054985762150451e+01
2.447624374621248577e+01
2.416411481660232852e+01
2.365224911010753672e+01
2.361188693005725270e+01
2.388665142965285071e+01
2.258964009232098036e+01
2.200085585561635781e+01
2.162548071945012040e+01
2.137078174057065993e+01
2.042072664568959794e+01
1.911417872539015050e+01
1.845056317952569458e+01
1.790811534916279157e+01
1.750446295568200128e+01
1.793572492180132016e+01
1.825138078211688253e+01
1.937179577686947951e+01
2.074570767279817929e+01
2.207108711634875675e+01
2.300841544155376539e+01
2.327556545733688864e+01
2.298846943895135908e+01
2.316594565343509871e+01
2.309592883353501236e+01
2.278677441611343824e+01
2.224666374874581365e+01
2.169569025333984413e+01
2.205030890366896301e+01
2.259869940313475922e+01
2.164767138807511060e+01
2.136897023897549630e+01
2.128635622695683693e+01
2.105452033896191111e+01
2.091281580332224621e+01
2.008099337531876571e+01
1.903143206390736708e+01
1.819936603692189436e+01
1.759797805307677265e+01
1.782532527855510196e+01
1.802183431343229003e+01
1.904496151050855701e+01
2.078862339987166052e+01
2.311486040351170601e+01
2.495214730274623349e+01
2.586015873793366993e+01
2.597404415920174969e+01
2.493013697052064970e+01
2.493789475989320081e+01
2.494979377206462701e+01
2.446983855039401945e+01
2.373667818545148478e+01
2.395662394993105337e+01
2.389004651900966536e+01
2.175570648129642493e+01
2.068653349682896803e+01
2.032136770115794633e+01
1.987288847503837275e+01
1.934131377028197463e+01
1.862980857179083571e+01
1.798730427709355340e+01
1.738822244551352725e+01
1.685005461292346851e+01
1.681987519685306154e+01
1.708017634536126650e+01
1.780109595410029044e+01
1.917010529153269616e+01
2.033665166636517085e+01
2.090795261615246403e+01
2.084454545607431086e+01
2.057045564669146387e+01
1.983132698373907488e+01
2.021084829674706995e+01
1.964671252471416807e+01
1.890927683727107222e+01
1.830189692754891695e+01
1.891513120832144068e+01
1.959321929615542146e+01
1.961629751056161552e+01
1.940075142061634850e+01
1.940955507047235074e+01
1.935564885921577627e+01
1.901897984958668530e+01
1.815906462274703514e+01
1.732090594562271946e+01
1.675852252311225854e+01
1.641786278296735446e+01
1.671232564312110469e+01
1.708140445782156647e+01
1.831180219208959059e+01
2.064569166932164990e+01
2.370727154822486327e+01
2.595127020959262154e+01
2.665953816704211476e+01
2.665158197619283698e+01
2.492139919964894190e+01
2.467350017690708697e+01
2.489241115783488212e+01
2.471629208691860313e+01
2.439007486650161383e+01
2.441801305807969058e+01
2.361951800377835653e+01
2.274827739747277278e+01
2.175521663088389701e+01
2.128487998138689363e+01
2.082652763869026202e+01
2.017056078641356720e+01
1.910804471051390507e+01
1.815308142535706537e+01
1.734287144612433806e+01
1.689618497939872199e+01
1.723492077575263437e+01
1.747560795896601249e+01
1.861193633741706321e+01
2.071273450308477138e+01
2.351194389344316349e+01
2.589964026104029671e+01
2.681755033661234222e+01
2.659717729233689809e+01
2.586855679034589883e+01
2.585831962982694776e+01
2.579682299499397757e+01
2.536200027598548701e+01
2.474428680634287758e+01
2.473181580367835508e+01
2.400294441493823783e+01
2.294476191595905235e+01
2.211445985707992534e+01
2.153587740636542236e+01
2.128230285714836967e+01
2.056469613478688530e+01
1.947186387868187651e+01
1.845848720505444618e+01
1.795352860046684995e+01
1.751093805757608379e+01
1.770715115375009319e+01
1.809663547536847261e+01
1.913050542021587930e+01
2.131405999833241083e+01
2.410598065652079924e+01
2.633056219573853696e+01
2.743731126231251949e+01
2.728660537996709579e+01
2.647174929928861431e+01
2.641348575463314674e+01
2.649469547679190740e+01
2.609136534416413156e+01
2.552841959412717898e+01
2.547627347236488404e+01
2.468484685624994057e+01
2.357228018287129601e+01
2.257293969574863368e+01
2.200097558978627887e+01
2.180100860480950686e+01
2.101967929524880674e+01
2.014562853035416623e+01
1.917608592371584919e+01
1.847798357178474760e+01
1.809471878933044664e+01
1.844200821129198431e+01
1.874287392719623568e+01
1.976248748697233992e+01
2.198452094987473870e+01
2.444439066086920676e+01
2.659376716726085732e+01
2.740742794701129270e+01
2.754490399755717789e+01
2.679246535971524779e+01
2.679840765805500524e+01
2.664234839605698824e+01
2.604707434645047215e+01
2.504299099656840255e+01
2.501492118573948531e+01
2.464339828029284973e+01
2.345174830146385858e+01
2.221986854379870024e+01
2.190546485460275861e+01
2.193285868924162330e+01
2.128363981932795213e+01
2.027281230232295073e+01
1.941264389099457333e+01
1.854285521529641301e+01
1.817371094370028217e+01
1.852192485331855565e+01
1.873940094024370140e+01
1.969884110865429605e+01
2.186994381203335180e+01
2.463004483809817202e+01
2.666604676744641722e+01
2.733242777589354233e+01
2.730437264625610894e+01
2.659734787440820369e+01
2.700846417268964217e+01
2.714405362440612990e+01
2.661673927860091737e+01
2.582538178480088220e+01
2.555970936644820313e+01
2.502738131495681273e+01
2.395846822496396200e+01
2.309675489386443914e+01
2.320155425540981753e+01
2.218979459946605459e+01
2.194644057887963839e+01
2.104476586794342907e+01
2.002722304137282450e+01
1.920861328635869114e+01
1.892126269183937737e+01
1.906177665946554001e+01
1.925369057913740889e+01
2.013289241838487342e+01
2.184478253396443392e+01
2.367474867402982852e+01
2.495066346102707300e+01
2.566758740245996862e+01
2.587899159204829047e+01
2.544765910437548939e+01
2.589376685847616244e+01
2.617219316965456599e+01
2.527086888620101490e+01
2.439556404561933434e+01
2.489419432113867359e+01
2.506723523357589656e+01
2.387854730382506574e+01
2.318329319668861999e+01
2.257339893417402621e+01
2.271789320291170000e+01
2.166857840481001674e+01
2.026908076371583078e+01
1.957646377973441787e+01
1.897848724920700647e+01
1.849936546605509236e+01
1.875934754677838967e+01
1.882955885588451039e+01
1.944779677703941090e+01
2.069204015699366295e+01
2.177690517438984941e+01
2.245401976589888804e+01
2.245374720256618062e+01
2.212205559662697141e+01
2.170788499329185584e+01
2.245093472440913729e+01
2.183517121506209691e+01
2.072740920389362529e+01
2.003149440418615512e+01
2.044031453371068707e+01
2.148332956823414719e+01
2.160051971711920160e+01
2.205017945589111150e+01
2.215259878049582554e+01
2.269471915721428346e+01
2.191428693226977131e+01
2.007123900259651350e+01
1.946311246910006076e+01
1.901543031350338708e+01
1.882115744560196191e+01
1.884287201490629471e+01
1.899187611416641985e+01
1.999702249985449143e+01
2.217219971517473098e+01
2.431229418718137580e+01
2.607386693598400740e+01
8.607309411555709389e+00
5.744734783745729878e+00
8.320819141006731812e+00
1.488863327343341503e+01
2.026085409807712523e+01
2.187502467116389582e+01
2.217581425965775921e+01
2.289846824929066216e+01
2.213510914016515940e+01
2.248035590914186699e+01
2.258784801257587560e+01
2.205505407903799764e+01
2.192515495100072442e+01
2.150457890324606680e+01
1.990645596719232202e+01
1.868720440379366821e+01
1.806996054339626312e+01
1.764577961663175287e+01
1.800791969515276136e+01
1.843313147659759821e+01
1.919341464548948295e+01
2.144117530500813018e+01
2.460185032497026469e+01
2.125312472680276343e+01
3.127018047567935000e+01
3.152905593394021366e+01
2.883356072159324768e+01
2.683317520564575887e+01
2.592088328653891338e+01
2.602921518434382975e+01
2.565991514661725148e+01
2.557327557437943710e+01
2.583801976517361965e+01
2.401631813275959004e+01
2.263297846794225165e+01
2.240789344311311027e+01
2.252234446132727541e+01
2.082949884957408671e+01
1.975120086369043904e+01
1.870137576234701271e+01
1.794577350257842951e+01
1.752441994577755935e+01
1.799090020196998196e+01
1.823835829746176884e+01
1.914913615333462005e+01
2.135645873701769659e+01
2.446674836253199459e+01
2.199541841826471256e+01
2.965707184357445314e+01
3.152767994927770800e+01
2.904962500486272958e+01
2.691626207502782009e+01
2.561978358258480526e+01
2.539178438433948770e+01
2.537594337810836365e+01
2.562615444467742876e+01
2.623508780355225056e+01
2.475096946889668814e+01
2.357246416345125439e+01
2.392230385538377391e+01
2.434628492263071919e+01
2.308452903506278275e+01
1.857177811028756409e+01
1.736076816135904366e+01
1.714015325145957291e+01
1.718043440469842409e+01
1.788941929009786236e+01
1.837026636809769542e+01
1.974587886476605547e+01
2.122738686165878619e+01
2.333348511098473210e+01
2.248271515944058763e+01
2.804653031156676590e+01
3.023712693668943530e+01
2.927531370755484730e+01
2.710601560754277983e+01
2.566011840005727507e+01
2.489851334655028126e+01
2.449669160342056884e+01
2.487406546863358159e+01
2.482658950512954732e+01
2.352257048296923259e+01
2.262605202758471989e+01
2.211768483708980071e+01
2.176729746077360872e+01
1.913034236116210351e+01
1.945062090843763158e+01
1.831687095160409484e+01
1.746049217327114533e+01
1.687358400675108072e+01
1.719548729711589985e+01
1.775770313530973255e+01
1.880847893108464675e+01
2.123254206935373034e+01
2.441758680489578737e+01
2.359570736329974139e+01
2.713156658763058005e+01
2.929263028824658832e+01
2.899637554515311066e+01
2.736010559890232230e+01
2.528260769442037414e+01
2.430588714460276023e+01
2.405349488822165327e+01
2.418464295242805662e+01
2.458890682898286073e+01
2.386513493346545189e+01
2.312653147268065723e+01
2.221122314621534599e+01
2.175021575798973927e+01
1.935277150691564074e+01
1.907232090892169296e+01
1.818100659403096131e+01
1.752372777190529973e+01
1.727719844668130378e+01
1.742886777967147438e+01
1.791267662579225117e+01
1.858915976196475484e+01
2.056398378100904623e+01
2.314806457723455324e+01
2.234869077947239546e+01
2.464862181622954296e+01
2.716118206235723420e+01
2.594776444625821910e+01
2.538949115997981565e+01
2.393229906705027332e+01
2.300185651287984001e+01
2.271550699029359421e+01
2.298422414165298377e+01
2.309539145982907016e+01
2.278550489675099300e+01
2.205169457118419274e+01
2.158737611283650182e+01
2.107894037585780111e+01
1.908418356269930527e+01
1.859746858362810329e+01
1.795326998335457347e+01
1.727431351600496257e+01
1.699747013629940540e+01
1.721673320360320503e+01
1.755017149203334270e+01
1.824020474359543798e+01
1.963761247595862258e+01
2.111739787154811410e+01
1.993161907028935786e+01
2.090224105386497300e+01
2.219382843006981076e+01
2.148953203641597298e+01
2.149702108899887065e+01
2.020456626885710349e+01
1.904442165596539382e+01
1.856517175040242762e+01
1.996421727171377114e+01
2.016462155066671613e+01
2.076348455755983125e+01
2.055321321600997209e+01
2.086469284826118553e+01
2.091442971031197473e+01
1.950811801077907148e+01
1.856396600864938407e+01
1.780281755875307681e+01
1.711297196785073638e+01
1.694934057261322025e+01
1.727582375848714591e+01
1.768742207021897528e+01
1.883925595748223358e+01
2.114952585070802016e+01
2.431118059287065947e+01
2.524666378575349412e+01
2.669757566535796656e+01
2.789422815746775797e+01
2.752492781148911760e+01
2.715931192075954925e+01
2.631853727749872363e+01
2.519059778678491313e+01
2.476856231570357281e+01
2.464795496665635710e+01
2.482194370093304769e+01
2.354018270324982609e+01
2.279805164125687966e+01
2.236493020572110169e+01
2.222442910970153562e+01
2.088135862752586647e+01
1.957446502475895755e+01
1.864878393134128132e+01
1.787881086657401397e+01
1.751963343226995207e+01
1.786955910753256305e+01
1.830097970620266423e+01
1.942205243115093793e+01
2.176905500751047384e+01
2.478050927951870364e+01
2.598399176180010883e+01
2.723909036274212880e+01
2.821325348232291574e+01
2.867522619071709755e+01
2.865437522541031612e+01
2.788832700178386759e+01
2.640106092993812226e+01
2.548717446697019540e+01
2.546684050971605018e+01
2.572323680420410241e+01
2.457508390618098559e+01
2.393541551725270367e+01
2.354201385798154789e+01
2.352676514592527823e+01
2.230849835378960222e+01
2.061416188555737961e+01
1.952674517765682793e+01
1.882757682206239380e+01
1.844832406867121222e+01
1.878630760607457262e+01
1.900068299249542747e+01
2.008569102767495806e+01
2.221907065066892528e+01
2.503399093520034313e+01
2.636484412119300558e+01
2.751741241809112992e+01
2.809100980797803970e+01
2.855814117602550795e+01
2.885477663249194080e+01
2.828786924761396548e+01
2.747096054517817620e+01
2.651508220825644102e+01
2.637664651593004095e+01
2.614038406650018231e+01
2.508635949308259683e+01
2.423671741240850608e+01
2.379782813483156900e+01
2.337334621022323589e+01
2.194090524269194020e+01
2.017418972639843489e+01
1.909689659249218963e+01
1.848355460557884555e+01
1.818504914287553120e+01
1.854915824458152684e+01
1.898605618332383216e+01
2.005968264590610062e+01
2.235092618929910913e+01
2.516073014884968018e+01
2.668832584437908650e+01
2.766931823735225038e+01
2.804141641041895738e+01
2.837906244413379753e+01
2.908835834723754843e+01
2.875685562112165528e+01
2.768835935483127386e+01
2.662152037273726179e+01
2.651130944938257628e+01
2.631857406671975497e+01
2.475858910442614658e+01
2.328763601776233116e+01
2.270953336743763629e+01
2.202068996701120085e+01
2.090017847854429078e+01
1.972139825485887954e+01
1.870830138909528273e+01
1.806567177879431796e+01
1.768618116454593547e+01
1.816998666605444512e+01
1.856396818308540375e+01
1.961079056945986920e+01
2.165193689270762079e+01
2.433237992897795721e+01
2.573671317693353444e+01
2.635471179385734786e+01
2.689013105047688157e+01
2.748717649883203862e+01
2.839760313358943833e+01
2.809091175582646471e+01
2.702101520476751162e+01
2.604745402899570905e+01
2.623156555725502415e+01
2.599049741847636597e+01
2.479413560301373209e+01
2.393060076495474320e+01
2.345591610748995137e+01
2.363078872954899978e+01
2.229334407772772408e+01
2.073449790973871742e+01
1.959860956839307988e+01
1.898210247334133172e+01
1.858361438803480326e+01
1.885803440416349019e+01
1.913041049883087297e+01
2.023155752099802740e+01
2.201708061697929253e+01
2.395404639469630936e+01
2.488557611563257410e+01
2.562487392242806195e+01
2.559014011648958942e+01
2.541046441463808847e+01
2.634785657032542261e+01
2.611836340725726302e+01
2.506936902489685437e+01
2.400765468134618175e+01
2.433523516191072034e+01
2.427773332468374790e+01
2.354643375469066768e+01
2.303836592558688068e+01
2.288134758188077100e+01
2.292484072068374701e+01
2.177572542408059419e+01
2.074870671867088845e+01
1.955683166466914713e+01
1.880776155730048060e+01
1.862246284224911008e+01
1.891358691907888456e+01
1.909907172407043774e+01
1.988683892894647443e+01
2.095626588916538680e+01
2.199066727329302040e+01
2.224361709484106342e+01
2.162244204906867751e+01
2.075930308664330326e+01
2.068575465785679413e+01
2.179539460925393968e+01
2.175696529456159922e+01
2.103299872454118358e+01
2.035356591398587511e+01
2.083915344878289133e+01
2.155193437232405174e+01
2.138175684557745981e+01
2.137201103928704526e+01
2.185865612729105578e+01
2.213783011861575645e+01
2.185260690710182985e+01
1.969204311526885576e+01
1.868604645059380687e+01
1.786432652002638477e+01
1.770553041091049451e+01
1.817794138393417924e+01
1.850851389836633132e+01
1.924203719836392779e+01
2.130798879685154645e+01
2.407152711475618645e+01
2.618625177900752732e+01
2.682550902747510690e+01
2.662927006361121229e+01
2.629248189196233909e+01
2.695569562999390456e+01
2.747892327452176175e+01
2.712138902860098000e+01
2.648718392707023739e+01
2.692952095046267402e+01
2.614407996563806336e+01
2.474244288068880948e+01
2.324458547242922890e+01
2.273222327795449615e+01
2.241113449202914865e+01
2.113490661816066307e+01
1.957389745882042220e+01
1.859878693741114120e+01
1.791493789364842826e+01
1.745560089624470024e+01
1.758296874837986934e+01
1.778380983589030961e+01
1.861863099245115194e+01
2.094173738385028471e+01
2.367575668238500697e+01
2.542057073394835953e+01
2.640143289933852344e+01
2.639857096060797303e+01
2.588162865730542705e+01
2.667672388685410567e+01
2.683344865231137533e+01
2.634768410374969250e+01
2.563533326962191694e+01
2.589153524870663503e+01
2.525398534237807269e+01
2.410708216721032215e+01
2.326916638774319068e+01
2.271955275751833980e+01
2.253313617399626168e+01
2.166155087889548625e+01
1.988979835461727319e+01
1.868638340604904613e+01
1.780929318568689013e+01
1.739919547837033065e+01
1.788635643791974417e+01
1.804190328991304071e+01
1.908189524713861474e+01
2.132423077275270629e+01
2.405928563363226047e+01
2.608192082069360396e+01
2.724486952848915422e+01
2.691293448168020674e+01
2.665749330620518620e+01
2.718693762615458809e+01
2.736052311296909778e+01
2.687398703258973853e+01
2.611913848979972741e+01
2.622522482270176170e+01
2.552972169727041774e+01
2.431583927094138886e+01
2.339659392315217801e+01
2.287384107561543445e+01
2.250808131470139628e+01
2.168856628630804906e+01
2.005184115325891270e+01
1.874692911013885421e+01
1.785928162267205366e+01
1.746499928405672719e+01
1.779494144545911638e+01
1.802840027674816881e+01
1.927774792719919006e+01
2.142538516140798777e+01
2.444971723123725482e+01
2.651169020687817124e+01
2.717728754889960641e+01
2.703439696901310541e+01
2.636565993779147377e+01
2.704614199221020243e+01
2.717016266796229473e+01
2.661291274650962535e+01
2.592127511832817177e+01
2.619390973602584438e+01
2.575121133148850916e+01
2.461517255332474008e+01
2.358371532682068406e+01
2.303157182317410800e+01
2.301336971395382847e+01
2.221085681559440062e+01
2.051493417692205057e+01
1.919963244361363053e+01
1.819158120139421086e+01
1.780547395479971229e+01
1.787437885931599268e+01
1.812072476955301426e+01
1.912994473885814983e+01
2.134542335869234009e+01
2.394796675972942168e+01
2.570733368819005449e+01
2.622432293367497635e+01
2.601166332474567966e+01
2.541804020641301420e+01
2.598116260357448226e+01
2.619023681730011432e+01
2.565239584443154897e+01
2.510004912643467989e+01
2.547956690411229630e+01
2.517231063321439066e+01
2.425506273519008005e+01
2.311174673551002812e+01
2.238548717943822552e+01
2.201321401034897107e+01
2.103272367742169635e+01
1.970878650186585901e+01
1.850204796513867223e+01
1.758853043608330324e+01
1.714429290983493459e+01
1.761316247650009714e+01
1.773660227155913915e+01
1.897950218561671321e+01
2.055599637253292755e+01
2.296569548793320337e+01
2.469234859222480694e+01
2.514652095081931193e+01
2.499377254770635304e+01
2.429780696536145967e+01
2.476138707134293071e+01
2.493310914171453163e+01
2.472954602987581296e+01
2.437780159164835325e+01
2.478378082147926165e+01
2.454886064805241830e+01
2.369629397590699327e+01
2.273140665279942851e+01
2.202425473601881833e+01
2.145839503894849543e+01
2.032840304583846347e+01
1.887513411566879640e+01
1.769889394268639649e+01
1.656308543092011121e+01
1.623683701253607126e+01
1.729302925842661054e+01
1.761086257582346093e+01
1.833269222203993820e+01
1.975161293051685263e+01
2.085549456254835832e+01
2.172447252258182360e+01
2.117518305831395864e+01
2.075624798558159867e+01
2.023067194940546543e+01
2.086258910459385874e+01
2.079286203649221676e+01
2.036348997660128646e+01
1.967787317118284918e+01
2.026975251526747002e+01
2.065645884613258687e+01
2.054971335983681158e+01
2.056265352421506165e+01
2.064440238443870257e+01
2.070157184798123495e+01
1.981745792357002145e+01
1.853702616082319921e+01
1.733921589684494435e+01
1.657103833654628033e+01
1.650428853198138412e+01
1.672388370530623902e+01
1.728812415694946836e+01
1.856729139914366300e+01
2.065994220261883285e+01
2.405691780018534942e+01
2.640241560215553562e+01
2.753094950090232018e+01
2.709514194975580637e+01
2.635010097386329875e+01
2.646125988585779254e+01
2.697887247547473777e+01
2.682395264050357753e+01
2.630863064645205185e+01
2.671123975023466812e+01
2.621320012223610973e+01
2.520005783548606715e+01
2.377209342772261280e+01
2.314491101367376302e+01
2.282476388704282755e+01
2.160560383158233932e+01
1.997023089992998734e+01
1.850603782601043079e+01
1.759823359085857319e+01
1.738271437755160065e+01
1.759336710334439857e+01
1.812090626780697633e+01
1.932901170819877734e+01
2.136761622817192219e+01
2.434258177935754830e+01
2.653870093526889917e+01
2.737621297223937944e+01
2.712537139611179882e+01
2.652791701942312130e+01
2.664833815016931595e+01
2.698244080872673223e+01
2.672296689291563965e+01
2.608569941858813834e+01
2.669382270235171362e+01
2.627146881942224255e+01
2.514899976631253864e+01
2.412806838465134263e+01
2.280445738589448368e+01
2.224028064282928696e+01
2.107249073743429690e+01
1.992989296077368166e+01
1.864251293703980039e+01
1.779090239644627047e+01
1.735379325356845470e+01
1.762150658279056614e+01
1.804178237613104585e+01
1.926847326560639928e+01
2.151013140605056151e+01
2.439379014963772363e+01
2.644030303266242754e+01
2.736925108489836234e+01
2.699780125842730527e+01
2.639613686356252487e+01
2.647982169324910728e+01
2.662609604443181865e+01
2.635494225141202662e+01
2.596797179834791081e+01
2.638498829056637973e+01
2.586289217872077373e+01
2.476899702232919864e+01
2.341391511012030691e+01
2.305990127126845834e+01
2.258722676607953161e+01
2.162434502510829404e+01
1.973223726042786197e+01
1.849925455638217286e+01
1.737717290838867257e+01
1.726704230926087646e+01
1.740841796766123650e+01
1.778732940834201059e+01
1.925020537449279345e+01
2.129944167033035285e+01
2.386070859986354620e+01
2.609824242872246458e+01
2.791912555754899472e+01
2.738837277752780253e+01
2.596933075772207289e+01
2.535700021393337522e+01
2.587470700558888836e+01
2.580134335587507266e+01
2.588767713451825969e+01
2.646774542594130963e+01
2.582413258650283794e+01
2.478332418559835304e+01
2.321141084215008377e+01
2.245361099295154617e+01
2.170721132038504919e+01
2.054595299206637193e+01
1.890469262987102894e+01
1.752684433472483860e+01
1.693617450042325956e+01
1.666602511968023137e+01
1.709547257751374616e+01
1.750279207516757651e+01
1.854387247709641429e+01
2.061721879450492523e+01
2.362442322135499850e+01
2.561580137815456482e+01
2.612302557786238566e+01
2.637453623092597965e+01
2.528310490178063574e+01
2.603120165373865191e+01
2.607608378896824419e+01
2.573463610696941117e+01
2.497796799629103859e+01
2.579348947172593753e+01
2.569520587734913875e+01
2.429694906574730950e+01
2.307194824438660063e+01
2.225525544754278329e+01
2.170913355571536130e+01
2.034338897572751392e+01
1.898435060368155902e+01
1.758868721290214410e+01
1.672228001178891432e+01
1.661391142341292237e+01
1.690010399464989987e+01
1.731030190726567497e+01
1.836948368709752089e+01
2.030038154026565422e+01
2.246665686503477488e+01
2.416939279424173392e+01
2.491190066920993118e+01
2.479873795217121923e+01
2.404669986025828976e+01
2.453150110171370812e+01
2.469610799328958350e+01
2.460206041878027605e+01
2.457473678166714848e+01
2.493898345645844827e+01
2.522113939325837606e+01
2.418305366278329060e+01
2.294709675123003123e+01
2.230886197505342494e+01
2.163868617755628421e+01
2.038932406237277206e+01
1.901200850876887216e+01
1.771017773493499448e+01
1.704625959741691332e+01
1.677611769507799622e+01
1.707613178132867660e+01
1.753112414209847714e+01
1.848877126728762832e+01
1.967965773594246315e+01
2.114716723273926036e+01
2.187007827824008643e+01
2.160005856007499148e+01
2.123971213172488248e+01
2.060283973827421278e+01
2.134769849400508335e+01
2.137176412530635616e+01
2.084304321324539444e+01
2.057026718980696600e+01
2.112242171685683800e+01
2.164689097737704415e+01
2.174084058016706678e+01
2.147780945502684347e+01
2.109026374458333564e+01
2.124115778764019424e+01
2.025007357472138736e+01
1.875091230647361584e+01
1.753229246807175201e+01
1.677625031372911479e+01
1.658621743483577404e+01
1.702515714795112700e+01
1.724264643925653573e+01
1.855874000314724981e+01
2.069426908085522854e+01
2.358353128201245141e+01
2.606417013856171394e+01
2.672426681350988531e+01
2.654195326004927935e+01
2.582089447107171409e+01
2.602803465672624839e+01
2.610295547108558623e+01
2.587884704619479592e+01
2.573984054365275043e+01
2.599300518740237464e+01
2.554584398316067251e+01
2.444437879372904021e+01
2.275303029815501077e+01
2.293782790885097711e+01
2.147280674466071915e+01
2.007739539506899007e+01
1.867236848496367330e+01
1.752870918387403165e+01
1.671481728589071736e+01
1.636025846588982446e+01
1.677186966953621550e+01
1.723151047675452219e+01
1.825100507359308466e+01
2.058152993987615886e+01
2.334718513663144890e+01
2.557716229876814040e+01
2.621726209694286069e+01
2.592419489416190004e+01
2.499716046639496270e+01
2.516304221259554552e+01
2.535695367114100662e+01
2.480624141530929805e+01
2.469400861040090689e+01
2.540491281398205103e+01
2.513307317196507285e+01
2.426999053631771375e+01
2.340087445038068381e+01
2.162229858014539019e+01
2.068913486366169963e+01
1.944041465412655967e+01
1.794551987919569314e+01
1.672321294144129666e+01
1.597264724416386805e+01
1.574404650158159313e+01
1.619378024492418078e+01
1.657165201751317696e+01
1.762698670507654342e+01
1.976001096365768817e+01
2.256747817708113502e+01
2.462289460300084087e+01
2.540704829143611221e+01
2.522049984718409021e+01
2.422659880488863848e+01
2.441771040364207224e+01
2.447635428871433305e+01
2.434302757363941794e+01
2.406863304909670020e+01
2.471265658420361078e+01
2.449166247122678186e+01
2.347658349107448927e+01
2.195992425368033452e+01
2.052082778776088290e+01
2.004983619395364869e+01
1.877247244655599800e+01
1.690359916982533051e+01
1.575642864922970610e+01
1.508102104095483575e+01
1.490026793467539079e+01
1.537892724634761876e+01
1.595907926510521335e+01
1.704390379559841051e+01
1.929343052798804692e+01
2.196897342962184752e+01
2.402239659560548546e+01
2.482056543112949143e+01
2.470945950638891020e+01
2.412577467116095775e+01
2.428058614751838462e+01
2.433468415323353184e+01
2.429500738451293884e+01
2.410610706376709800e+01
2.467323455042184932e+01
2.427144390010338171e+01
2.336405898964213179e+01
2.223814400086543230e+01
2.103945449694167991e+01
2.040052060852370630e+01
1.863869853030890056e+01
1.708970437658677355e+01
1.581844004956650629e+01
1.501879432281614690e+01
1.486295246068779541e+01
1.537635513453591507e+01
1.607880820008656642e+01
1.723530595425592082e+01
1.948974089678182153e+01
2.207107005807887390e+01
2.419779174150929535e+01
2.521085841000655137e+01
2.537028837063136422e+01
2.493852922040596098e+01
2.524041716558831538e+01
2.528030401926040582e+01
2.496891388387664890e+01
2.420367868364727215e+01
2.440710194826263191e+01
2.395252453952669214e+01
2.315905695424802602e+01
2.235817365219681463e+01
2.142579589308460442e+01
2.067183083694577306e+01
1.998273597151757031e+01
1.831104250025100200e+01
1.702834629539121991e+01
1.617577016131703260e+01
1.585668782815228539e+01
1.638075521041284333e+01
1.711305756706726555e+01
1.833361552856433363e+01
1.997356202375963719e+01
2.134343014136743832e+01
2.183753758131560474e+01
2.177121536168210980e+01
2.121612669435328513e+01
2.046203440837058096e+01
2.091875711480734523e+01
2.096368995076649355e+01
2.059050087400621365e+01
2.023141113168226468e+01
2.128570257912550190e+01
2.230970939834428179e+01
2.232461503173327344e+01
2.180566112904318032e+01
2.090546279758199688e+01
2.075169896160333849e+01
2.085764122311375957e+01
1.931259313936113031e+01
1.805823689925888687e+01
1.705935778734402675e+01
1.671767731107248522e+01
1.716267660931006489e+01
1.742298412766221460e+01
1.798136384765580686e+01
1.899432718243230056e+01
2.015832087795095973e+01
2.075144592816202049e+01
2.072707607316853640e+01
2.037175225732562112e+01
1.977862051048878556e+01
2.021688270870739856e+01
2.030929015338992016e+01
1.997072714947157124e+01
1.969850145086839888e+01
2.058744412923939748e+01
2.074784486061765776e+01
2.086947128339594570e+01
2.072746082274087698e+01
2.042233103689691731e+01
2.030557357325965739e+01
2.021915211795931455e+01
1.911305572852917578e+01
1.791441812378281995e+01
1.706712130980455555e+01
1.671825018340631530e+01
1.732153682377317594e+01
1.755649689460567231e+01
1.810286855201033873e+01
1.948079245943130999e+01
2.093041316068735469e+01
2.182846096826240512e+01
2.221695671618456203e+01
2.183268982638530886e+01
2.104311556703233776e+01
2.094411246296570184e+01
2.101346317320813029e+01
2.098680327006652391e+01
2.086236626213351997e+01
2.196092748466757527e+01
2.167032786476583439e+01
2.155118471417044645e+01
2.166583476534206909e+01
2.097853479783939434e+01
2.050837983989325153e+01
2.043203214367158793e+01
1.956344929742399330e+01
1.835865035988227945e+01
1.751189445947368739e+01
1.710905906408446242e+01
1.751168940495329096e+01
1.777367935141301203e+01
1.865254963461434912e+01
2.041350076968068450e+01
2.295476641847257326e+01
2.537350233611086381e+01
2.658920215878955062e+01
2.688023485413470226e+01
2.639471142622842592e+01
2.614868126128900983e+01
2.637984452180135264e+01
2.623964007169291435e+01
2.617158585540957816e+01
2.678499434021500747e+01
2.542844981947478544e+01
2.433158356707678394e+01
2.320970308150700490e+01
2.223770409705651474e+01
2.198295800312386561e+01
2.132616551910075131e+01
2.020216936801431729e+01
1.915686866939944721e+01
1.818736730501903054e+01
1.789515026635716666e+01
1.804846796115240792e+01
1.834975348595985523e+01
1.887084601980454224e+01
2.071920089265476861e+01
2.336040911692722233e+01
2.575810793692491529e+01
2.694164795833482628e+01
2.706230230175556528e+01
2.668849355542298696e+01
2.643123855127387856e+01
2.657184782113717603e+01
2.625863930364111098e+01
2.614013408545437400e+01
2.713546343394165206e+01
2.600823982251600697e+01
2.463411128856362708e+01
2.344175300818899998e+01
2.244200237529030417e+01
2.192233594290651411e+01
2.134377696157297066e+01
2.020121724371265870e+01
1.906895521428774387e+01
1.801049746860558187e+01
1.764216727837744259e+01
1.794049833160603313e+01
1.830272424839955647e+01
1.912576895990118686e+01
2.117285121564849604e+01
2.387794525641175625e+01
2.619052839988574988e+01
2.736440108990774078e+01
2.756144373307828133e+01
2.691498188542445291e+01
2.682143728488448886e+01
2.657640380934174473e+01
2.623566704936441596e+01
2.585607426512977369e+01
2.657097176600146327e+01
2.565865994457106325e+01
2.419834870959465789e+01
2.280939305242227988e+01
2.184289150116666889e+01
2.079642725983713447e+01
1.991063103115735800e+01
1.879581736004659476e+01
1.784211663412710536e+01
1.707769319258803975e+01
1.683401629800415478e+01
1.716028983322866353e+01
1.753405933270218497e+01
1.844109363934088108e+01
2.041674525184739863e+01
2.306022016894840476e+01
2.530563942055164972e+01
2.655011788994252697e+01
2.670699458155113959e+01
2.616403522733633125e+01
2.608244119527364902e+01
2.596767076952874476e+01
2.548156062455879223e+01
2.515172941487760738e+01
2.608632047039803936e+01
2.532054724396676093e+01
2.408152947830620150e+01
2.259907472478989376e+01
2.114846649277858859e+01
2.046683135833878353e+01
1.957102316353002180e+01
1.836746240258323581e+01
1.740288921209063844e+01
1.668524187478478282e+01
1.636855371660371006e+01
1.680796351733820515e+01
1.720253936521755023e+01
1.808267840259565418e+01
1.972757560840688384e+01
2.185445200221998263e+01
2.373611298396675551e+01
2.462085128379399279e+01
2.487382316673142313e+01
2.420171720864045284e+01
2.414223991144942971e+01
2.402761924738702248e+01
2.385455906102200530e+01
2.367525761335498657e+01
2.417256059007126012e+01
2.440157166858583082e+01
2.336574194049190467e+01
2.236080023569280684e+01
2.098949901847784361e+01
2.012200038600791530e+01
1.913053472616784845e+01
1.800815201576480717e+01
1.712888185089412474e+01
1.651487787643916505e+01
1.629077283918493890e+01
1.672144689922140515e+01
1.689921939639785720e+01
1.759664409089830883e+01
1.886192403017916774e+01
2.024499371418206195e+01
2.093546583220241430e+01
2.103738820015309585e+01
2.095425730269504783e+01
2.041396176562980003e+01
2.089031872920645583e+01
2.064421258942165593e+01
1.993086580059178559e+01
1.955895505292381742e+01
2.097263027201182695e+01
2.076378577235754364e+01
2.074310838155112435e+01
2.073480077714590308e+01
2.022763015091403105e+01
1.986129222714241038e+01
1.911750522969473920e+01
1.771629373152158848e+01
1.676953553327075852e+01
1.613974299133287360e+01
1.596306465971282407e+01
1.645211172154164458e+01
1.674255200024278523e+01
1.759195822013459320e+01
1.968811065011501782e+01
2.248471665944916253e+01
2.496173846295403465e+01
2.620731062158058222e+01
2.624976652849411352e+01
2.535924817341685511e+01
2.504373721226452432e+01
2.462916295296171043e+01
2.404233611165851414e+01
2.367926769544945031e+01
2.487514172339211527e+01
2.447088967369795043e+01
2.308089923964622159e+01
2.198871003222230414e+01
2.062334991023033837e+01
1.964334391905423516e+01
1.863118226070441708e+01
1.729464106914466015e+01
1.633413115432098550e+01
1.579591016248960145e+01
1.558509966346925779e+01
1.609998449522817054e+01
1.660799995299588971e+01
1.774547051546192478e+01
1.973594354409785367e+01
2.234542770187019656e+01
2.456727597393889795e+01
2.553862978462633038e+01
2.545407170030642163e+01
2.479638497703478350e+01
2.495201058506356162e+01
2.500857607228446966e+01
2.444730323315590681e+01
2.411197702414759547e+01
2.541615289559732815e+01
2.506977723155988258e+01
2.384587658970840707e+01
2.227086366117709204e+01
2.074038064240794554e+01
2.021443227496901329e+01
1.887645243832160347e+01
1.773206500639734884e+01
1.668881800288342632e+01
1.607837709975220264e+01
1.602460332197399850e+01
1.653405799743005034e+01
1.689737597617858356e+01
1.793015008301156143e+01
2.022011545682086364e+01
2.294438656589223413e+01
2.518641208474429760e+01
2.627971106277433577e+01
2.617474111276588999e+01
2.536291838998398873e+01
2.550149648788143253e+01
2.557400085800266609e+01
2.504404644533278557e+01
2.447219079704152733e+01
2.571146990480976768e+01
2.540993145789934360e+01
2.396084645074238040e+01
2.245828945845163815e+01
2.150812851053391839e+01
2.040614394673995591e+01
1.916427906465156994e+01
1.785480975794076031e+01
1.681563048988664377e+01
1.620446670402543887e+01
1.596753826637088913e+01
1.650587129277257148e+01
1.705175194704944985e+01
1.792324367846414290e+01
2.007084216069370086e+01
2.285360659741812484e+01
2.498586120186365989e+01
2.591304256333998524e+01
2.570985280250716087e+01
2.484926057873286354e+01
2.501443644693063462e+01
2.489839163489646268e+01
2.457945319105694182e+01
2.450194530833197248e+01
2.544637731003499681e+01
2.518447090841075564e+01
2.399050346561319813e+01
2.233353005460731566e+01
2.143280183157238383e+01
2.023253264959173237e+01
1.895192388242469406e+01
1.770254624437380642e+01
1.655564903671812260e+01
1.588156383799355353e+01
1.582124679716809013e+01
1.638271170309498004e+01
1.687958906489005173e+01
1.782755704749272141e+01
1.998579422225717295e+01
2.260679804310974106e+01
2.468371449960535458e+01
2.555966515553764395e+01
2.559638375089469520e+01
2.493568301600104675e+01
2.503678370789827667e+01
2.492294156690947560e+01
2.449351045337215993e+01
2.432865122408479408e+01
2.524701486514523552e+01
2.495969142056472734e+01
2.350032861018734209e+01
2.191311771790913099e+01
2.067916319139030179e+01
1.949594013926611780e+01
1.825527941517709252e+01
1.716291151058895892e+01
1.631147188545036641e+01
1.559695682017099294e+01
1.551258963556642811e+01
1.607183559965915620e+01
1.652418641526791276e+01
1.757513009452746999e+01
1.923019214651505848e+01
2.104201761723320985e+01
2.251946852203627003e+01
2.329726556964038409e+01
2.319724824674905150e+01
2.247257885501990415e+01
2.268040402539396894e+01
2.271293131295732337e+01
2.214746453496803724e+01
2.200892345204829326e+01
2.332896984402852425e+01
2.363350403335862993e+01
2.290443978933779690e+01
2.195859514917752264e+01
2.106736350625431342e+01
2.026319396721214616e+01
1.934532916316991802e+01
1.793090232424438923e+01
1.696146177909245267e+01
1.640598766719541857e+01
1.609227678600132450e+01
1.661125583744131262e+01
1.700156528546759560e+01
1.781521092269801798e+01
1.910669078389955899e+01
2.037980659410500905e+01
2.102423405880303520e+01
2.110110281937032184e+01
2.082495369734594348e+01
2.018712076240194264e+01
2.069540294322632334e+01
2.037203685507738271e+01
1.991598898956239339e+01
1.975999450366636623e+01
2.041417010641542973e+01
2.074388587433482201e+01
2.048108985625805545e+01
2.008133697951352303e+01
1.983605274981900379e+01
1.959309679188255515e+01
1.890193114726659118e+01
1.780996232229792398e+01
1.683329578889729206e+01
1.624546106773301446e+01
1.606738656202917781e+01
1.661417638163068844e+01
1.701305095064209993e+01
1.833116981691052771e+01
2.015521706113250744e+01
2.241834574834750171e+01
2.430016437937299045e+01
2.531995450891721688e+01
2.550114396656035254e+01
2.483790316501584883e+01
2.484369373649924739e+01
2.511780649964434531e+01
2.488303878192797214e+01
2.466897112169785444e+01
2.543925284871452419e+01
2.501811781617779573e+01
2.403288537159771820e+01
2.319969215280853447e+01
2.148157554032349026e+01
2.147200098535969204e+01
2.010342156524410839e+01
1.904754466037271854e+01
1.799533165927776679e+01
1.718015870068156659e+01
1.698195791838248425e+01
1.750863564864715372e+01
1.796643206793065417e+01
1.908530968163954711e+01
2.117098161961107294e+01
2.387894693317126382e+01
2.596799992545717828e+01
2.711558726674069675e+01
2.716909939503147697e+01
2.653674941168868173e+01
2.675584330117760246e+01
2.691955375367058423e+01
2.686032808367903257e+01
2.671905159386956186e+01
2.712669685727636804e+01
2.631467295932560191e+01
2.499204728703325884e+01
2.318309479031494647e+01
2.253420791517148913e+01
2.115366103936131026e+01
2.061938226855609102e+01
1.946307213383501633e+01
1.885576161600937795e+01
1.825382884296985964e+01
1.761102487585720056e+01
1.805368061454316475e+01
1.838041675954627507e+01
1.952181666716644770e+01
2.158777085296699383e+01
2.411804057157644010e+01
2.631462150759884366e+01
2.734376672776596351e+01
2.705007355762129961e+01
2.607491770148478594e+01
2.628670136404844015e+01
2.638463529445602873e+01
2.635508741331127069e+01
2.636479570582936205e+01
2.708568302229477709e+01
2.638453404504450361e+01
2.492619582261499644e+01
2.297188051876020864e+01
2.208239490226345936e+01
2.101178705190984530e+01
2.034823272479815159e+01
1.890955431977100432e+01
1.766359579172362615e+01
1.675121229492892994e+01
1.664429458313844634e+01
1.697775921190983439e+01
1.742217769026915164e+01
1.842715377826320733e+01
2.074765672620928569e+01
2.324524398160849259e+01
2.489467797336855170e+01
2.572958783847208153e+01
2.572290663820579226e+01
2.504060690072352457e+01
2.524347364628493651e+01
2.533787650390143043e+01
2.512874546432071909e+01
2.500357163368817837e+01
2.555147686555376296e+01
2.493156370310281744e+01
2.376207278383796151e+01
2.245011337101714233e+01
2.121019799308474063e+01
2.093066647645584766e+01
1.904967873514748078e+01
1.800294137743222578e+01
1.695160327906985387e+01
1.619291486003672276e+01
1.613807062473578213e+01
1.660370331892307760e+01
1.706570935555742352e+01
1.825077567468598261e+01
2.028333927300106865e+01
2.296034614315443179e+01
2.468743571032300821e+01
2.544762763633133673e+01
2.555158187568729034e+01
2.485224435140344212e+01
2.478935319907109047e+01
2.456666453889883073e+01
2.456359624920251150e+01
2.437809585538827406e+01
2.508697734335624574e+01
2.440738945796431025e+01
2.334367192544111802e+01
2.193558995773860332e+01
2.133847953444387002e+01
1.972074384273055969e+01
1.916318059638117077e+01
1.744277026389175589e+01
1.649068951074978884e+01
1.567816242095795864e+01
1.556162119354243600e+01
1.624621633330671955e+01
1.673063129114544267e+01
1.778468247456650886e+01
1.954035868246330310e+01
2.152969082749576302e+01
2.308341045638718114e+01
2.372107365274600355e+01
2.380558057167350583e+01
2.330239707299669050e+01
2.327190350563573062e+01
2.343302187307279638e+01
2.335665597184431164e+01
2.325610154184051126e+01
2.401750582026377856e+01
2.375574807893817919e+01
2.282144339172869607e+01
2.166810847753662017e+01
2.070637231225698827e+01
1.938127221007130530e+01
1.878596027155598236e+01
1.742697680571017216e+01
1.653965463189737051e+01
1.582584074535244234e+01
1.571645828510802900e+01
1.621601201724632446e+01
1.677032024208353178e+01
1.742730103107352235e+01
1.857793639956518561e+01
1.968761669872084141e+01
2.007726814991213615e+01
1.979971997181417009e+01
1.959243576225458838e+01
1.889852141897793913e+01
1.931993094265905242e+01
1.924245983680528127e+01
1.872555120904451442e+01
1.850089325702517229e+01
1.958342144508603866e+01
2.002505716512202127e+01
1.976079067151973945e+01
1.921661659466925443e+01
1.901760008334109031e+01
1.828948976238268997e+01
1.776773601853218310e+01
1.662565085447852908e+01
1.585027186393837262e+01
1.520498365683108410e+01
1.510791053476808443e+01
1.567844735463123129e+01
1.612809809735450983e+01
1.718005155563984587e+01
1.944726562224093058e+01
2.221839112566530972e+01
2.417432456580121780e+01
2.477639182366696602e+01
2.474404222693905808e+01
2.402657920548788795e+01
2.400035642093457255e+01
2.428913466744702276e+01
2.416761889607591840e+01
2.404671384356816333e+01
2.473974540245282228e+01
2.425184633817142199e+01
2.309909923399996856e+01
2.149015859896254810e+01
2.074895590195999517e+01
1.936928885349348661e+01
1.850920226910616151e+01
1.739249082451198802e+01
1.638641698540022773e+01
1.566889948899355822e+01
1.547501548741563582e+01
1.608104434832960905e+01
1.663719190188290398e+01
1.754447743716036001e+01
1.954097566788552598e+01
2.229346886344431411e+01
2.417028827383198930e+01
2.481825978364255292e+01
2.449866571410319693e+01
2.358726270996764640e+01
2.380913729737521933e+01
2.427123004892013114e+01
2.440237767742880592e+01
2.421321197083158694e+01
2.465988083700828781e+01
2.406043110472171520e+01
2.306664112531027655e+01
2.185930300440528384e+01
2.063279480142429989e+01
1.984425432034221615e+01
1.892530890014812073e+01
1.776468922813207385e+01
1.669101039743954118e+01
1.602028289747457990e+01
1.587530772158703840e+01
1.647283490460382538e+01
1.701886278566309230e+01
1.824065093097301471e+01
2.037101981520210003e+01
2.288654270188623840e+01
2.481090372534727706e+01
2.546586768216907970e+01
2.543935804174368798e+01
2.449422159723378911e+01
2.491087648842219338e+01
2.522245493875746547e+01
2.504120427916874192e+01
2.481280922030072844e+01
2.557020093293376561e+01
2.487901123344958521e+01
2.364374815483904868e+01
2.241524513158432796e+01
2.127694207087473544e+01
2.057900048004452387e+01
1.954009074544958224e+01
1.867097586785415331e+01
1.766749621068083087e+01
1.687623487696781055e+01
1.683138782086175311e+01
1.734188496505899479e+01
1.795050621733813045e+01
1.905811135433142312e+01
2.130169313731781600e+01
2.369216623507103137e+01
2.577026329711173247e+01
2.642363452030579296e+01
2.637244391067183003e+01
2.544086238848018766e+01
2.532055404887295680e+01
2.539216299841206492e+01
2.535486802132931672e+01
2.527925730466149901e+01
2.597503227763526468e+01
2.534497932129060160e+01
2.426983599964847826e+01
2.329178396313612254e+01
2.223517045833195738e+01
2.147123508019510751e+01
2.067389497257915210e+01
1.915552318410645682e+01
1.811978205971970013e+01
1.721471088099936608e+01
1.695392075806827137e+01
1.747490652294253266e+01
1.806178477339573263e+01
1.912367542074069249e+01
2.128443586296722856e+01
2.358338668283219874e+01
2.540259798454331985e+01
2.574282202808945641e+01
2.519815949194638804e+01
2.433225442288254925e+01
2.400973226696230256e+01
2.381704961708163992e+01
2.347007433002790933e+01
2.347009211995100131e+01
2.398238764151973257e+01
2.389465583753325362e+01
2.324279962482913930e+01
2.200198365800940792e+01
2.091161918351962967e+01
2.007465630676817980e+01
1.900302432367927352e+01
1.766181354352318067e+01
1.674998443474637710e+01
1.612152256417283169e+01
1.596761330279161406e+01
1.662823703366469275e+01
1.721695985739951951e+01
1.809215980244233180e+01
1.997535529440663638e+01
2.164683084127011981e+01
2.333976340074379507e+01
2.365317521770376530e+01
2.383584761444303979e+01
2.285331914257803021e+01
2.279866461798310340e+01
2.266911169216150412e+01
2.259559287248029236e+01
2.255691766210238569e+01
2.345777381827835129e+01
2.354372733343122093e+01
2.293750514140306151e+01
2.144843840965087267e+01
2.012131373203544982e+01
1.918279255346081769e+01
1.770876344806344349e+01
1.676756644778371808e+01
1.607736921676354669e+01
1.548028946918088877e+01
1.535350394714890498e+01
1.595774623606090259e+01
1.651612272529660430e+01
1.752882508566167274e+01
1.875305070355925707e+01
2.005928196182267698e+01
2.022654907744549746e+01
2.001133854935464740e+01
1.936446830236947392e+01
1.864398205837526845e+01
1.885653145324135238e+01
1.867598159915867129e+01
1.790650495232074491e+01
1.756465274361971396e+01
1.826354067370374423e+01
1.858963485275793204e+01
1.825269647262888029e+01
1.818761887589274906e+01
1.794533768351976022e+01
1.737900693913895367e+01
1.648800266114886881e+01
1.553411274371727480e+01
1.486606533170366262e+01
1.423866381497589906e+01
1.433200951842718851e+01
1.495178096692937864e+01
1.568510426445199180e+01
1.694360724990428935e+01
1.916714301288374500e+01
2.208451269863011746e+01
2.372172916451012981e+01
2.404868523053298546e+01
2.359755948357079802e+01
2.242137416756017032e+01
2.278339297589885604e+01
2.275107460106438850e+01
2.247978047940947022e+01
2.235215027590489711e+01
2.298058227859703706e+01
2.205357322980531265e+01
2.174275983744437113e+01
2.014321316523368210e+01
1.881859263543081084e+01
1.783226168098516595e+01
1.649906441233029142e+01
1.542014352886274509e+01
1.457213019530609621e+01
1.424360793000414738e+01
1.437237949237447943e+01
1.483398120819659383e+01
1.556553243671188369e+01
1.676331324328664607e+01
1.933032889346118921e+01
2.203759012183598642e+01
2.366556186635328274e+01
2.469105803215078865e+01
2.408814843349271939e+01
2.318873202183119275e+01
2.251522722726777204e+01
2.323784907755831242e+01
2.323880617718766217e+01
2.313260270833632148e+01
2.345514716869651295e+01
2.331362725477702469e+01
2.179649684459382186e+01
2.104595807353063464e+01
1.966275168901015036e+01
1.851394300330990816e+01
1.695031408428291542e+01
1.587951817034783630e+01
1.497547921788863512e+01
1.443673395825731731e+01
1.430965585288541142e+01
1.481270451855911396e+01
1.552746252066912191e+01
1.693868788259352343e+01
1.936964356762134543e+01
2.178658427871656400e+01
2.374343797463401629e+01
2.458116429595710883e+01
2.447441344324953860e+01
2.367173128855451480e+01
2.319107104463556368e+01
2.355555595440120698e+01
2.361872960395468724e+01
2.355361862888391755e+01
2.399138325833980545e+01
2.378012596353637775e+01
2.214230988093704866e+01
2.129131768907373612e+01
2.008237457243287594e+01
1.876534215648037573e+01
1.737500827680479887e+01
1.619200873325189960e+01
1.515927971769774629e+01
1.457513637206404766e+01
1.450923255079875318e+01
1.505249698298811722e+01
1.577251936165061785e+01
1.739723193264434187e+01
1.990507231586912695e+01
2.217993670606041334e+01
2.407565119318201496e+01
2.481490832200174879e+01
2.473335416497857864e+01
2.392111743559260617e+01
2.340342143184615864e+01
2.376586333449297328e+01
2.379685580698108538e+01
2.373821192303926253e+01
2.417543733798606453e+01
2.383090974236461790e+01
2.228796343586504136e+01
2.122819517637898201e+01
1.991628230102196184e+01
1.883217009302481060e+01
1.736516796432396248e+01
1.631165122084379249e+01
1.541323869083201359e+01
1.473314036687219009e+01
1.471254373802067406e+01
1.523834857310260205e+01
1.607258094817439087e+01
1.739470510505535117e+01
1.985628146104811975e+01
2.208985543776504556e+01
2.410216884724646391e+01
2.483412719457506057e+01
2.478570831810434072e+01
2.429086685708356086e+01
2.372373544618988106e+01
2.367154356991198583e+01
2.384761508342226577e+01
2.391125577694105075e+01
2.424631859684381396e+01
2.390304754063594572e+01
2.255262603662137977e+01
2.117678908364753099e+01
1.981064909013586472e+01
1.867732571601790781e+01
1.739328909042620452e+01
1.660370040018073823e+01
1.586687546220141520e+01
1.525342698981915390e+01
1.508976394076121075e+01
1.565566683208495036e+01
1.626135403339476682e+01
1.767610396989583776e+01
1.948858824039141879e+01
2.131112141287472284e+01
2.278735546433060222e+01
2.356794503552544029e+01
2.348525064485955838e+01
2.248888868057808210e+01
2.218705229127398582e+01
2.210947355222314670e+01
2.223741526244734246e+01
2.231290358651864381e+01
2.296791323488200121e+01
2.287998050592061361e+01
2.199032685217707694e+01
2.066897900793686560e+01
1.951843622103960030e+01
1.832829397760526291e+01
1.703004808539038706e+01
1.626906967326937092e+01
1.564213145410589689e+01
1.505430567352742166e+01
1.491261004620263719e+01
1.535740062018853180e+01
1.591960688636806687e+01
1.684203123023757698e+01
1.800521834696661827e+01
1.917039292122652583e+01
1.968817684449407679e+01
1.945879006565354175e+01
1.910066348690488169e+01
1.826704731491756561e+01
1.855129818408924081e+01
1.826704206913874273e+01
1.778800804605267416e+01
1.778655819154515072e+01
1.881906489240818559e+01
1.923671992771701511e+01
1.878255869005124978e+01
1.825091233939305724e+01
1.770568358338778481e+01
1.712548328742070680e+01
1.642189408296153630e+01
1.570437220694948799e+01
1.493340160378599890e+01
1.446394684257665730e+01
1.431506050174034428e+01
1.487450983102918300e+01
1.551610712962919081e+01
1.686236498053497712e+01
1.933857305007655469e+01
2.134738831441138984e+01
2.306496439627323269e+01
2.358973265936973718e+01
2.345681938450300308e+01
2.238970711267630165e+01
2.197943780367127786e+01
2.211229532342018800e+01
2.230321330814597758e+01
2.240488722589012482e+01
2.326347938636548207e+01
2.269089155040791894e+01
2.139246929600324876e+01
2.021526187914561490e+01
1.895794562348097756e+01
1.762627198826580610e+01
1.672852032980176773e+01
1.540830950519588960e+01
1.469858204546573432e+01
1.424568092071777947e+01
1.410878045276112225e+01
1.465658113874820856e+01
1.526279915031161138e+01
1.689500122060752219e+01
1.925013021846411476e+01
2.161465970242195311e+01
2.310363741452258068e+01
2.339401480037630066e+01
2.305645977424244819e+01
2.194048931826354121e+01
2.176831761262169707e+01
2.170250427806340099e+01
2.188937429220330699e+01
2.210886929288519198e+01
2.293262149488685608e+01
2.250900502597158592e+01
2.124766028419657715e+01
2.016179164738060337e+01
1.846911484878625132e+01
1.726536617830896958e+01
1.624810345996997185e+01
1.486521203927528489e+01
1.412359455651683149e+01
1.364312455613507247e+01
1.353713667204242554e+01
1.417060351064844603e+01
1.491243499415697471e+01
1.636108746216530818e+01
1.878391449820557568e+01
2.110885609110422223e+01
2.268286134029771262e+01
2.323153593085933011e+01
2.309189665751355136e+01
2.217598211936798336e+01
2.204061352606068880e+01
2.214821095283837238e+01
2.221135148838278184e+01
2.216926453470451719e+01
2.294406543273733945e+01
2.259145385866041522e+01
2.129589576284925556e+01
1.995585631092587064e+01
1.846982437628762952e+01
1.759179292221075031e+01
1.621228518527232154e+01
1.501936816573188871e+01
1.423361555729420047e+01
1.374945490377587909e+01
1.369303179251661007e+01
1.436250241248756332e+01
1.505576836198139468e+01
1.666914248568149048e+01
1.893136502968740942e+01
2.115061993718717659e+01
2.287553371182342588e+01
2.335800421931428517e+01
2.319215912976115490e+01
2.210770323177537477e+01
2.199324421782154104e+01
2.213278677285077833e+01
2.216457040706913162e+01
2.228704231922181833e+01
2.319217931296128654e+01
2.268921771065356197e+01
2.170937535971703625e+01
2.018408145832927758e+01
1.832694469034085571e+01
1.737583290811838665e+01
1.646358877627430672e+01
1.538880282348073081e+01
1.448366118572832129e+01
1.401547369646108976e+01
1.400834963809173850e+01
1.458439888110155813e+01
1.550920473473975925e+01
1.664727392190175337e+01
1.848235105686205415e+01
1.998625613272612611e+01
2.108624434557416194e+01
2.158000755740450671e+01
2.153366759375576223e+01
2.065612720109219325e+01
2.068100825733192139e+01
2.040851254281932725e+01
2.031440900330349919e+01
2.051626216696895710e+01
2.157335976626229623e+01
2.188326021399810628e+01
2.090975374091926398e+01
1.977887538880312590e+01
1.867179483567061027e+01
1.801628138550638880e+01
1.686000638787280081e+01
1.591506771416187860e+01
1.512483510300982026e+01
1.456694429844452898e+01
1.451417034982362431e+01
1.510574654245892212e+01
1.584275040886539188e+01
1.706450826141288601e+01
1.890808217566604199e+01
2.077708162693079075e+01
2.215211520377026488e+01
2.278440918134921489e+01
2.253980330828784773e+01
2.157727200203036944e+01
2.154265233944013147e+01
2.155581880972155417e+01
2.134562398943985428e+01
2.145630192432982142e+01
2.243443075813491205e+01
2.248760435312077277e+01
2.131233644242592717e+01
2.034278764935939776e+01
1.912279141422934359e+01
1.842761710810356490e+01
1.736488157108688668e+01
1.664934973102555915e+01
1.588480574132740486e+01
1.538250040960366505e+01
1.531615345769893288e+01
1.594686730198990610e+01
1.663139037785004959e+01
1.749257050423214466e+01
1.896879367856148235e+01
2.012620193586957740e+01
2.053910480976835373e+01
2.033762725692031381e+01
1.999296633016593816e+01
1.892183606333617263e+01
1.918287871823145352e+01
1.869572446716227532e+01
1.827208242654599957e+01
1.817602596017875882e+01
1.914093716955449409e+01
1.935772775896565179e+01
1.873547989947444137e+01
1.833329910744730284e+01
1.767048929929219270e+01
1.722232689185963039e+01
1.653678166894271584e+01
1.554248682224448252e+01
1.498048200598855573e+01
1.456176509103901395e+01
1.445439366712880336e+01
1.511797175535740401e+01
1.584126941240579711e+01
1.690187636102347568e+01
1.910266659210370221e+01
2.148467732565428889e+01
2.326644597988665808e+01
2.358729218811419415e+01
2.320397549203798349e+01
2.198996678262015081e+01
2.160577503616644179e+01
2.163047446834781695e+01
2.153841533155594945e+01
2.168471230782507320e+01
2.241185124771263659e+01
2.201291162400002932e+01
2.041316798256843512e+01
1.891729709026600048e+01
1.734149470527630044e+01
1.622184078129917140e+01
1.525052422013657250e+01
1.421061498619641483e+01
1.346333165873450710e+01
1.298583534160980868e+01
1.318181927189866620e+01
1.380501139838278313e+01
1.461097187510700302e+01
1.590912594482191977e+01
1.824011454138299015e+01
2.074118605449768538e+01
2.252145651492982381e+01
2.301526683207184476e+01
2.239718661018822488e+01
2.130504083541542570e+01
2.105910852858928806e+01
2.119657927041418333e+01
2.122901277733065228e+01
2.131885373075754941e+01
2.232472871852354857e+01
2.204202138028841418e+01
2.068360656452450641e+01
1.954792325110388518e+01
1.800520109862863194e+01
1.681750739511614867e+01
1.557639332532378162e+01
1.404473299844827139e+01
1.341666986112029392e+01
1.297452954728647789e+01
1.297063454676484007e+01
1.360892863209136827e+01
1.447158440863619155e+01
1.582253231577857022e+01
1.803247060558623005e+01
2.056811112763141836e+01
2.230957726787224971e+01
2.291385014962794742e+01
2.269241854179141527e+01
2.170737600593130168e+01
2.144048840626466301e+01
2.150562609822519278e+01
2.150170272541459582e+01
2.150730081809298255e+01
2.240609766935001801e+01
2.211873383972052665e+01
2.084783712778243014e+01
1.962155547282682733e+01
1.805713167679136077e+01
1.686529427591392150e+01
1.557386490466548423e+01
1.469754445631367723e+01
1.389438245074262746e+01
1.345946088897602699e+01
1.336842667260777517e+01
1.412842418050190929e+01
1.507354159873756672e+01
1.639763200381679198e+01
1.868396353834368284e+01
2.108442797070840768e+01
2.293144115690483176e+01
2.373123443064929106e+01
2.337284130096336554e+01
2.238421051965370978e+01
2.222735713637709409e+01
2.245155707062007622e+01
2.241664863750781933e+01
2.246104369852178806e+01
2.325482528259360393e+01
2.310679086179880315e+01
2.168942061907828744e+01
1.980296012810595130e+01
1.839648795477544496e+01
1.738516567914843947e+01
1.628533797693578222e+01
1.566136903762478383e+01
1.513592215531357610e+01
1.454993697659051044e+01
1.455644636924471769e+01
1.520777089609675770e+01
1.609868126205965666e+01
1.724981087571237737e+01
1.916785627706806494e+01
2.105549806376428634e+01
2.242883558354026263e+01
2.315126531692726175e+01
2.301257243086635640e+01
2.221979321245679628e+01
2.214541924122270089e+01
2.179761315547814959e+01
2.155265516201036036e+01
2.138070771231692291e+01
2.230123425716482188e+01
2.211028723138844754e+01
2.105103512756826944e+01
1.952785990172275987e+01
1.845599354978975271e+01
1.767769582613799173e+01
1.670631061338452028e+01
1.606640432876496050e+01
1.541056988701980757e+01
1.493365140438458205e+01
1.492202519542029115e+01
1.559869081697098636e+01
1.647910845418700276e+01
1.760406256135137681e+01
1.959404887779268734e+01
2.162695717709536680e+01
2.337724031233572930e+01
2.402172946407502607e+01
2.381375733925759874e+01
2.245148554258458162e+01
2.221908679429383326e+01
2.201907601098136524e+01
2.191253532642359048e+01
2.182543458089426380e+01
2.242051531895012317e+01
2.222761926978340341e+01
2.117628244945831639e+01
1.947109797265394349e+01
1.795169815676768010e+01
1.692242808529813303e+01
1.584391137784232839e+01
1.530900165297891391e+01
1.482157038950362704e+01
1.443364396705233155e+01
1.452989202046342498e+01
1.522001238506370413e+01
1.599277851050908872e+01
1.709349227450501019e+01
1.837398416898104614e+01
1.952376210186106320e+01
2.002893110005439326e+01
1.981656420374854122e+01
1.940493663945700931e+01
1.828964819255114804e+01
1.826413675146767801e+01
1.773563499907366037e+01
1.734698668679299161e+01
1.704286235979781239e+01
1.793259651900399021e+01
1.825543821281457113e+01
1.789731968267500761e+01
1.702394969534629254e+01
1.613059846551496435e+01
1.544740494460825708e+01
1.465162579638857565e+01
1.415393767824254567e+01
1.380871770302545087e+01
1.354456784605780051e+01
1.361278979260947786e+01
1.444780821728136644e+01
1.521534025388353228e+01
1.657292202069396581e+01
1.913180726089023054e+01
2.198553792869010692e+01
2.391181698862661520e+01
2.412639821951480457e+01
2.363422160375057501e+01
2.217036229211457510e+01
2.166400301324824440e+01
2.153805626968283349e+01
2.167487536696859607e+01
2.183909286057680177e+01
2.255236011306703858e+01
2.202912366897636787e+01
2.083918531892264170e+01
1.935922180747055421e+01
1.770269809734660171e+01
1.649308914506195123e+01
1.524047071550793042e+01
1.431120195102028703e+01
1.382010812242480036e+01
1.347130063000409095e+01
1.357450763330092336e+01
1.430379029320038065e+01
1.526097594049376127e+01
1.674563959254665590e+01
1.925862877169569387e+01
2.185370347245530809e+01
2.372669316427700537e+01
2.396980429272066715e+01
2.347816004652283084e+01
2.234947319852548731e+01
2.191384389052269199e+01
2.169492500287277892e+01
2.162124576588393055e+01
2.174596122857085945e+01
2.265687942213126149e+01
2.232831187110249971e+01
2.094258192418993758e+01
1.937751502082837263e+01
1.741596697658816240e+01
1.619028943134490461e+01
1.535297765649626278e+01
1.443701901102837404e+01
1.386530587632275768e+01
1.353733606537892342e+01
1.356740280026999201e+01
1.423139584620746767e+01
1.518654703230720848e+01
1.668974638534428578e+01
1.915823189905350077e+01
2.156960804835042111e+01
2.325183378406865842e+01
2.376404576212848951e+01
2.327488493329473229e+01
2.197405267806827567e+01
2.178470808219793753e+01
2.167048467462484851e+01
2.178982703445921487e+01
2.188802226217633162e+01
2.264513552506907956e+01
2.260712494924147364e+01
2.112805215704736739e+01
1.942725174578401237e+01
1.786667832164236458e+01
1.661728522031938482e+01
1.518675254489127191e+01
1.438982379727055694e+01
1.385276592275772600e+01
1.356898582182675561e+01
1.366490680828216853e+01
1.440568195492086723e+01
1.546802285538567645e+01
1.699151117695836533e+01
1.948273871230894017e+01
2.182894043163772579e+01
2.357371159741640909e+01
2.424927048294685505e+01
2.377917736039072594e+01
2.260000689585103473e+01
2.219308810212213245e+01
2.217499239244379439e+01
2.231372057376529483e+01
2.236884807803958708e+01
2.337328708362740315e+01
2.287203105242354439e+01
2.143514628574541803e+01
1.968787752457476614e+01
1.836674661129634600e+01
1.728708098223988543e+01
1.626404824702394336e+01
1.539705562170782649e+01
1.481743930187815117e+01
1.450609794576578437e+01
1.461248517059468277e+01
1.539768679216578207e+01
1.638729205707061709e+01
1.813994828451637176e+01
2.041992601540160379e+01
2.270904758150901159e+01
2.461817395759509353e+01
2.535192109295589091e+01
2.500929344499662932e+01
2.370004747765687014e+01
2.320076698150463912e+01
2.275203708002883829e+01
2.286564381523266576e+01
2.285891635232460217e+01
2.370986231158909874e+01
2.326061405826588668e+01
2.198019120899972378e+01
2.046347000235733304e+01
1.886516619762913649e+01
1.763863256627700693e+01
1.655958816697964409e+01
1.570252577700283148e+01
1.516452418026444882e+01
1.478993260868483262e+01
1.477407136506146834e+01
1.558732481390757485e+01
1.654262358971216784e+01
1.787854786058138501e+01
1.971850543124172361e+01
2.135950496828732881e+01
2.277937188139420499e+01
2.352508905519029980e+01
2.346309623609896988e+01
2.211714071613007349e+01
2.210407338232013075e+01
2.198733430903797625e+01
2.152981937023361780e+01
2.133234737345129872e+01
2.220303765363944493e+01
2.224673459233293471e+01
2.133705758308409273e+01
2.049851484151923842e+01
1.905031933441401293e+01
1.786143678557331782e+01
1.675490542446094011e+01
1.586248337652305551e+01
1.535334248769176213e+01
1.497003475273965201e+01
1.507710845616559503e+01
1.574265520818115327e+01
1.666432931991014144e+01
1.772017469342133467e+01
1.911734165670063845e+01
2.001778814683939700e+01
2.039943942156176249e+01
2.067788610763055956e+01
2.035966918993571895e+01
1.946470811869993867e+01
1.964681086651770059e+01
1.940152318892238270e+01
1.900141580637995986e+01
1.873457403497648599e+01
1.960421032942378261e+01
1.999929672175475304e+01
1.958172198328680835e+01
1.897898192955491581e+01
1.825611472444764161e+01
1.770212184214771156e+01
1.702370896000429212e+01
1.719809766919073724e+01
1.697342655643314302e+01
1.671268685553959443e+01
1.654362152335799507e+01
1.710881689860427812e+01
1.792524552780716718e+01
1.931355860128681456e+01
2.166700538904262530e+01
2.422563697548738304e+01
2.602620624081719569e+01
2.678333890470061007e+01
2.658846861830256358e+01
2.514405478061048882e+01
2.470969805922543827e+01
2.498844965954168629e+01
2.498703246920485554e+01
2.511176994728189626e+01
2.585575860109699065e+01
2.474494837050428586e+01
2.340067403685234737e+01
2.222489646836414323e+01
2.030499997752452401e+01
1.927143596037065620e+01
1.870594893088593835e+01
1.757147489244854910e+01
1.705224548042827237e+01
1.659992675724433653e+01
1.667500330923747853e+01
1.739584328961450055e+01
1.820236195181234962e+01
1.957569642647423436e+01
2.201774712682405166e+01
2.445878702090765344e+01
2.619500256190012877e+01
2.684885315321728427e+01
2.667200672405321527e+01
2.555074705153464620e+01
2.531044878118443009e+01
2.521247897344493794e+01
2.535384844481774280e+01
2.523728939624580647e+01
2.538005559631326236e+01
2.464123237742094119e+01
2.319585661118027886e+01
2.134190837103588834e+01
1.987991124373859009e+01
1.868799544385766609e+01
1.785769211762436726e+01
1.673919950830769210e+01
1.609707087060316866e+01
1.576494387365366201e+01
1.585483571372187939e+01
1.660377652727465758e+01
1.760442575973786106e+01
1.922332038555015288e+01
2.134883979047668490e+01
2.355882115589014703e+01
2.511521028320923676e+01
2.571057935665746896e+01
2.543841034412342594e+01
2.424825350889169329e+01
2.398490806214549664e+01
2.380077190861351610e+01
2.369808727704712936e+01
2.379352413102707686e+01
2.415833843488197274e+01
2.347831253215649383e+01
2.219574953059036204e+01
2.064295921729245364e+01
1.918804635494284128e+01
1.815223015964958009e+01
1.718637799189118809e+01
1.615755441694986416e+01
1.558705538822234971e+01
1.516832214786100685e+01
1.529828710582399864e+01
1.606863637660545052e+01
1.712861511671379944e+01
1.875445300531899306e+01
2.087527209242388793e+01
2.327877433181051714e+01
2.497963905912991933e+01
2.539453724240197730e+01
2.510516988093232271e+01
2.403586400395032996e+01
2.362364452139324911e+01
2.327747728973449881e+01
2.300549255117416081e+01
2.287139319769782730e+01
2.333665454846473253e+01
2.338943327715166731e+01
2.215523945246490811e+01
2.049448100951068596e+01
1.893519327182250223e+01
1.761211893002867868e+01
1.646815322096510670e+01
1.526745312671549470e+01
1.467112376718901245e+01
1.448453963031136560e+01
1.453775241902674153e+01
1.535561152416187092e+01
1.638158024017573311e+01
1.768288271443718429e+01
1.985601208942376061e+01
2.175558931496011894e+01
2.301053935975564713e+01
2.334716489174032361e+01
2.294258025548074187e+01
2.163529435256971567e+01
2.152050913258284837e+01
2.146028493325237463e+01
2.132436351219857684e+01
2.119766646731827819e+01
2.204319382001548178e+01
2.241571625046469407e+01
2.138086328313655216e+01
2.000505442489089347e+01
1.866279173746861986e+01
1.744342545314723125e+01
1.619763394694481917e+01
1.511063790187835210e+01
1.461057846394692561e+01
1.429471687216132381e+01
1.427132952658253373e+01
1.515322630842155149e+01
1.605765070387194982e+01
1.721625566360514625e+01
1.878279577638475217e+01
1.984604113976701356e+01
2.019170654712906554e+01
1.983785708620404975e+01
1.948371398020401202e+01
1.839535729002390241e+01
1.827199086595738109e+01
1.780874335240298123e+01
1.759407596203502777e+01
1.744900899248889203e+01
1.812313939142708108e+01
1.892525884415844573e+01
1.854591192405786870e+01
1.797594726696470602e+01
1.728361461128441690e+01
1.652623096892846988e+01
1.568394867629056932e+01
1.487115881357018310e+01
1.436236389190230689e+01
1.400643528414350314e+01
1.431766544302873534e+01
1.520498339704346513e+01
1.630724106547070562e+01
1.782623750954880393e+01
2.056690151233551234e+01
2.327820360711752556e+01
2.511583775290768727e+01
2.543524763015433621e+01
2.484824900898211908e+01
2.343728888050642212e+01
2.332230411166539596e+01
2.341544013540849178e+01
2.329981224390925476e+01
2.313838678547385186e+01
2.394416137199329953e+01
2.370660423270728501e+01
2.216913265561086988e+01
2.071660611417273401e+01
1.908145870837437386e+01
1.776213936545343586e+01
1.647555915964335682e+01
1.532751949098749655e+01
1.467908499177656445e+01
1.435411364940800816e+01
1.452366600714609390e+01
1.543262925160256493e+01
1.649280877853750482e+01
1.810610619184189218e+01
2.067150661462737915e+01
2.328867240837638164e+01
2.493308866950769698e+01
2.535613072633798737e+01
2.492508535334654596e+01
2.377266865041509192e+01
2.355508009413919623e+01
2.371825261444884347e+01
2.362628174026132655e+01
2.354933181510917706e+01
2.409105908357096837e+01
2.407673533326851611e+01
2.301273625719635874e+01
2.140024275048221369e+01
1.974942414491735221e+01
1.845010167555517810e+01
1.716149627417531320e+01
1.607442399635617747e+01
1.535487952483211416e+01
1.491562287166948053e+01
1.510823548787370285e+01
1.595658222111203806e+01
1.702990259269919449e+01
1.848460303142533689e+01
2.085141553360878675e+01
2.342741666108999965e+01
2.504898113647216107e+01
2.548458417398193987e+01
2.501556000205778219e+01
2.393261766305372973e+01
2.362209535590780263e+01
2.359406448111993271e+01
2.351310594394086451e+01
2.336662112488208720e+01
2.387137448960276132e+01
2.388908513541516498e+01
2.264197449719351596e+01
2.099671445325455821e+01
1.923018714575880495e+01
1.771171022684450591e+01
1.649677063806707977e+01
1.548488683509108732e+01
1.482468891308067782e+01
1.445848427768316391e+01
1.460805506227518968e+01
1.547734877952303911e+01
1.659458715232971926e+01
1.820247072649886633e+01
2.054551481647634148e+01
2.290161174445458059e+01
2.449063789352458187e+01
2.447388295114285839e+01
2.413192442234138468e+01
2.290345815254260842e+01
2.256199706207037181e+01
2.252372928259696749e+01
2.240371423084215863e+01
2.206203452811141474e+01
2.282695394206798056e+01
2.306461830394383838e+01
2.209055660109310537e+01
2.068196709786049325e+01
1.911835580594711104e+01
1.773858591786147088e+01
1.658943858382443182e+01
1.539341163540488644e+01
1.456266664808161693e+01
1.422097327568608449e+01
1.429773028706483373e+01
1.519950778775826450e+01
1.631210569100275620e+01
1.792489582800461179e+01
2.040981282364383986e+01
2.271032633298532843e+01
2.425437936314390086e+01
2.497284464695402306e+01
2.452479913373688447e+01
2.337971282642302029e+01
2.319298940481051474e+01
2.298116500454453970e+01
2.284296974376129441e+01
2.270737266724211167e+01
2.324624129398001315e+01
2.351100709895132468e+01
2.243740331662585064e+01
2.097203458629612172e+01
1.934175205379159124e+01
1.801070185556566372e+01
1.676469162124550394e+01
1.554067691765809300e+01
1.482770982398758264e+01
1.447758983767893071e+01
1.462037746150195971e+01
1.542025472183009249e+01
1.664290265111213074e+01
1.800507660929278586e+01
1.996303389973632392e+01
2.162602502076304845e+01
2.285747268286143097e+01
2.355244827141518016e+01
2.333604267100090013e+01
2.198005136992176034e+01
2.180453924802150212e+01
2.165734471453516718e+01
2.152635626554481618e+01
2.119049669050259865e+01
2.186594499478723108e+01
2.247742047476858573e+01
2.180207307743648926e+01
2.085216968482166422e+01
1.944267201119484056e+01
1.822923306349926875e+01
1.707456704507516676e+01
1.591025836510368130e+01
1.517975115582355805e+01
1.487107549152440278e+01
1.496873268289843395e+01
1.567773276484551737e+01
1.652173639264016103e+01
1.763945950580500721e+01
1.923199897233901723e+01
2.035622460494514385e+01
2.067764695476291337e+01
2.052482951642306119e+01
2.007711566672497838e+01
1.890390295637923046e+01
1.904426128315580513e+01
1.861160668396831497e+01
1.817385797561321681e+01
1.788997892366762699e+01
1.828693076511515159e+01
1.885244213609766817e+01
1.868370961239621408e+01
1.797207391642209018e+01
1.713069733160460828e+01
1.625867852849719242e+01
1.519795420156377297e+01
1.447560313983318103e+01
1.392073080979447219e+01
1.357602393197738699e+01
1.365106296997920765e+01
1.451434059841797364e+01
1.550428339035123670e+01
1.707161841589776330e+01
1.973509801583767143e+01
2.243044202758648709e+01
2.401202856741385361e+01
2.433381041990041282e+01
2.388771024165147239e+01
2.257187493182304650e+01
2.221758289274545461e+01
2.221818083089222284e+01
2.194521437838161759e+01
2.178640053173583979e+01
2.238161773084991069e+01
2.256647378256756298e+01
2.152673884626626943e+01
2.018485970649199857e+01
1.850609262697617297e+01
1.715283836612601931e+01
1.577525899516099805e+01
1.474446748601289769e+01
1.409006136451560387e+01
1.360476679345880058e+01
1.360605067445796834e+01
1.446291624365036377e+01
1.540911183177275845e+01
1.691291910485250938e+01
1.879055566238666586e+01
2.002603226435307349e+01
2.040997831198424706e+01
1.973017313665593875e+01
1.884647893917311379e+01
1.769912085835031945e+01
1.734846485002403327e+01
1.690692800038132759e+01
1.659264063693171209e+01
1.640168965885386143e+01
1.734148027394441982e+01
1.818839716725853251e+01
1.799317515121081712e+01
1.746449829891063033e+01
1.655249737448478342e+01
1.555180550395429506e+01
1.446920138607564255e+01
1.344251935753595717e+01
1.278532601270178937e+01
1.242185415516356528e+01
1.261796891550582345e+01
1.342351713245207456e+01
1.444418106445113636e+01
1.598553613794298123e+01
1.882502752757414655e+01
2.147997721262050064e+01
2.343527520579089085e+01
2.409270516916172511e+01
2.358604713960213317e+01
2.205596177392526513e+01
2.169034036741702920e+01
2.159034545808122374e+01
2.168779557975680916e+01
2.164388125499235827e+01
2.224051886684496182e+01
2.233848832640132187e+01
2.107690610451527746e+01
1.967401835747303451e+01
1.796649019969085614e+01
1.650002931180006982e+01
1.503962482507868614e+01
1.389043804596020593e+01
1.314587921745107302e+01
1.269841126496927686e+01
1.270427563247779013e+01
1.357076113487285340e+01
1.464926386501328714e+01
1.638845848794665727e+01
1.913553956754071805e+01
2.167663473750979364e+01
2.351904664946243528e+01
2.416509579830006160e+01
2.404113719487071066e+01
2.273613531562355305e+01
2.201083563159736300e+01
2.211257700555326267e+01
2.201783319213031476e+01
2.183734438505022979e+01
2.236011530802732850e+01
2.233101508832996274e+01
2.114032132166444455e+01
1.994739622772117471e+01
1.821498247932414927e+01
1.676303687726512948e+01
1.532185573959540648e+01
1.413178352414747252e+01
1.325725992660612995e+01
1.285069673786410327e+01
1.310108194583071750e+01
1.397459716716345390e+01
1.510608850608118914e+01
1.684396859531216961e+01
1.964231741370981865e+01
2.220869386345956187e+01
2.391729926717675880e+01
2.460350170484586130e+01
2.432532916854729166e+01
2.313846283984543817e+01
2.271342003445089830e+01
2.246015945459862806e+01
2.238675443488915917e+01
2.208188302930152958e+01
2.261475948539941072e+01
2.271454871151487609e+01
2.157354353898155352e+01
2.028991928579961979e+01
1.870989779771167605e+01
1.721690965545324659e+01
1.571913573630226324e+01
1.444862369943055569e+01
1.368273800826309028e+01
1.322375706557903641e+01
1.329776405995350785e+01
1.419991919711795347e+01
1.521362913808792960e+01
1.673545135557793628e+01
1.902967355518488546e+01
2.111394997151577257e+01
2.280449058509516291e+01
2.359480229845902599e+01
2.350138868363795908e+01
2.205100011951859429e+01
2.172665225318943882e+01
2.137447528912072059e+01
2.117306433506616870e+01
2.106602069889673245e+01
2.159996675365303531e+01
2.202082098338148697e+01
2.094610960069805117e+01
1.968628446646832231e+01
1.802500994603715867e+01
1.654457322360396532e+01
