1.578447191902732527e+01
1.611131596665639876e+01
1.647198819519474711e+01
1.772155859257244259e+01
1.965234049051646892e+01
2.195439013444573817e+01
2.366254696156800108e+01
2.447038542490819779e+01
2.448297943850316472e+01
2.419590370705738991e+01
2.415103222080379908e+01
2.417800695076418549e+01
2.421140029721738429e+01
2.373409044060384332e+01
2.350080952173221505e+01
2.363446207528975762e+01
2.266783663397823645e+01
2.191998102530336823e+01
2.177032048262568154e+01
2.147016162549095242e+01
2.039532778303625804e+01
1.954448673010462656e+01
1.862472011247963621e+01
1.781293003531228436e+01
1.704482050885725286e+01
1.717577306907389101e+01
1.741440204462009689e+01
1.847458006332125180e+01
1.984589521237685261e+01
2.152905661519159608e+01
2.303006692085184071e+01
2.379695595012215037e+01
2.403387108294993624e+01
2.329157416853115237e+01
2.338854147129136862e+01
2.344522843367391829e+01
2.323576151893218622e+01
2.316119527203846928e+01
2.314544897218575414e+01
2.327403800413213375e+01
2.285832655844641792e+01
2.267002896271292656e+01
2.254823529016116268e+01
2.234388657073685636e+01
2.199097403424188713e+01
2.113894378406833496e+01
2.018497331889406965e+01
1.914521270058524038e+01
1.883181679408637876e+01
1.908835105534453902e+01
1.882856234219602598e+01
1.931739901949827143e+01
2.024986256790199945e+01
2.092997659089064655e+01
2.114801101102821690e+01
2.120138249903188310e+01
2.097102513279289226e+01
2.066808148482158813e+01
2.094896070804893640e+01
2.072244213894706988e+01
2.042652737590395162e+01
1.986476405520659938e+01
2.003720650653016477e+01
2.108638680655446507e+01
2.123847751515491566e+01
2.170639197890870165e+01
2.136784250809458285e+01
2.097212682158584229e+01
2.034967695897724127e+01
1.959477681850725972e+01
1.884953728179279508e+01
1.832986198818003487e+01
1.795311615295226204e+01
1.794811801619682612e+01
1.785064447389252251e+01
1.854246746899450216e+01
2.029086548737764062e+01
2.235021220378697038e+01
2.401898597931315393e+01
2.469028948750094088e+01
2.462014872076867533e+01
2.411150096473611271e+01
2.405325402758477793e+01
2.403716285171105937e+01
2.353894989503105961e+01
2.336716046207086350e+01
2.337558407126972426e+01
2.385207543718736645e+01
2.293649834058609827e+01
2.200560196938689117e+01
2.200113895753169047e+01
2.141407003979868762e+01
2.058041040947590616e+01
1.934366980093232158e+01
1.857747735864127137e+01
1.801267213601246908e+01
1.767992308712674898e+01
1.800188774338223752e+01
1.814208494116037684e+01
1.900547074797993830e+01
2.093489005108592593e+01
2.314850756014580924e+01
2.496137372443826763e+01
2.533860952665079225e+01
2.507661316770214910e+01
2.405711513605674057e+01
2.429897596605279020e+01
2.439166099705393265e+01
2.412569009564193578e+01
2.398212718582234615e+01
2.401565653351685370e+01
2.403940074879426092e+01
2.285636615491085166e+01
2.236517081428003451e+01
2.205580857847001042e+01
2.196078724980634078e+01
2.136037836107072607e+01
2.005302662631471478e+01
1.922556549295278927e+01
1.853325247420030664e+01
1.823352787767705507e+01
1.846836292470041130e+01
1.835214508371578646e+01
1.921820833485996260e+01
2.108734677092710896e+01
2.330264333813903121e+01
2.522276725579410339e+01
2.597973112726284484e+01
2.560255201047296580e+01
2.498392085229395221e+01
2.522879056154657818e+01
2.532734375707119057e+01
2.544070577305887326e+01
2.465228889123398304e+01
2.447742678840791086e+01
2.515629217793551931e+01
2.421727123990517683e+01
2.345594247269328037e+01
2.271765405855967046e+01
2.236354448210805757e+01
2.156112335608412778e+01
2.013775585317839045e+01
1.939385762613309083e+01
1.867039210864502152e+01
1.831198800181180886e+01
1.861863914853241297e+01
1.857554870593022756e+01
1.930722088228878519e+01
2.112052521406276284e+01
2.339870889722583058e+01
2.478812884065420263e+01
2.540969326305902598e+01
2.527798325658861600e+01
2.460589008843171754e+01
2.463459077776503392e+01
2.461183341476091258e+01
2.415368831816628514e+01
2.391737360613230479e+01
2.394263744497843405e+01
2.461267135176939291e+01
2.346885618339277002e+01
2.277940794901003230e+01
2.264940838324722705e+01
2.239427277473980737e+01
2.160823382895512523e+01
2.026257724419237150e+01
1.938993851789923895e+01
1.877926141966996454e+01
1.850030173654028331e+01
1.867536358495103954e+01
1.881607568166500855e+01
1.963509826520424184e+01
2.151156555358221212e+01
2.383789695389242169e+01
2.536382596174737714e+01
2.621638464055915563e+01
2.615438532086857037e+01
2.591720997808980798e+01
2.581224061409521298e+01
2.571258291444678079e+01
2.496470571148213224e+01
2.402281010229582847e+01
2.390072113724185243e+01
2.394975782882067605e+01
2.283633157171216865e+01
2.176507678454657935e+01
2.135835999081611902e+01
2.087192745480765765e+01
1.983163556545163786e+01
1.865386090251369211e+01
1.801314051680672534e+01
1.753858008552531089e+01
1.723968800103927990e+01
1.741800665500191769e+01
1.759681989029400384e+01
1.853053660806474667e+01
2.004465047334457850e+01
2.163183791326902750e+01
2.304015595945877948e+01
2.372178492955251272e+01
2.326787454569608116e+01
2.260512342294790500e+01
2.245894252552719195e+01
2.197349675562106697e+01
2.116966928999629971e+01
2.039511859051111387e+01
2.079018399703835840e+01
2.168871001408744448e+01
2.144602914620924139e+01
2.123164268176063985e+01
2.073309519529615486e+01
2.018439600768737208e+01
1.912905734802975743e+01
1.799311060302854770e+01
1.740087169676463930e+01
1.687497687167896032e+01
1.670909605415025112e+01
1.685862876700105062e+01
1.697753742558483481e+01
1.768892062024546519e+01
1.895334434305088323e+01
2.015239551357978698e+01
2.068668351589233723e+01
2.039331296093748946e+01
1.978444586756934243e+01
1.923743186290623797e+01
1.929238407184687532e+01
1.879105099996383998e+01
1.795481027610858504e+01
1.754230744036371803e+01
1.784427890269019557e+01
1.872520908062604406e+01
1.958161824813510776e+01
1.984550901970521508e+01
1.993069645037284587e+01
1.977212759854646151e+01
1.903478060434277097e+01
1.784319994373950280e+01
1.719124877408472685e+01
1.659376121407800397e+01
1.630470205445899268e+01
1.650134991720164734e+01
1.678727355891966155e+01
1.773395437521575602e+01
1.996773214543114605e+01
2.267744782212406562e+01
2.474795635715297237e+01
2.549239483697462560e+01
2.481203723741537814e+01
2.401750114872986330e+01
2.383500048030634488e+01
2.343268495447415845e+01
2.268574165292561773e+01
2.207291785387464955e+01
2.211733131966371246e+01
2.256478272544055486e+01
2.145807823503951894e+01
2.075150927689058378e+01
2.049384472534910984e+01
1.975727534709482924e+01
1.847160923822435308e+01
1.732265842443230852e+01
1.660539518263405867e+01
1.627675773293628936e+01
1.599132123586417542e+01
1.627157075182442725e+01
1.656308750391457352e+01
1.765433925469444532e+01
1.982327382085177092e+01
2.262842403722842377e+01
2.456718918724717327e+01
2.537844624362783463e+01
2.471821303813814197e+01
2.383697439991970768e+01
2.353745476677921999e+01
2.305333781328101139e+01
2.252381144240429478e+01
2.208376962275490030e+01
2.223275437249720810e+01
2.263515519991542391e+01
2.173281470832974804e+01
2.138065255847244117e+01
2.094015336165572094e+01
2.057200881015969784e+01
1.938004898007724819e+01
1.836478903689881292e+01
1.694164396141423978e+01
1.641528030096310786e+01
1.615617185853237103e+01
1.673396990627835024e+01
1.682264093130597260e+01
1.742140470553304965e+01
1.976714967233985121e+01
2.245592489926745117e+01
2.456870458534405799e+01
2.567709888550734476e+01
2.525803371038297840e+01
2.414369328371574142e+01
2.355332276072829600e+01
2.308475251057756239e+01
2.248991546628440119e+01
2.197524993305977858e+01
2.211918730928581667e+01
2.250821041731321159e+01
2.179842118552770458e+01
2.149202899336444261e+01
2.121436645483316141e+01
2.081590201190019940e+01
1.974018452006353996e+01
1.804594778846158221e+01
1.734782180059815104e+01
1.665954104335658670e+01
1.638708639184379479e+01
1.652459237492529098e+01
1.686452568427041498e+01
1.820884588626880074e+01
2.022057426569442740e+01
2.255937698837862015e+01
2.470263036399681411e+01
2.524754244098403078e+01
2.478231750128367139e+01
2.365633599103144036e+01
2.310056047804061663e+01
2.240708343872834973e+01
2.162331598764075125e+01
2.131381653604270809e+01
2.145950878901764014e+01
2.204726897148153952e+01
2.129107862778191773e+01
2.070584804961123027e+01
2.013785422909574407e+01
1.984842944460264391e+01
1.896759422944332485e+01
1.739703799091267200e+01
1.670525430227880648e+01
1.619023039635309047e+01
1.620409218453542621e+01
1.645503186334692458e+01
1.675838142935368325e+01
1.811662232218120749e+01
2.013806795145771034e+01
2.278851677381966212e+01
2.473209870711724534e+01
2.531935917756974419e+01
2.454254941311396720e+01
2.349788122548174130e+01
2.325871274545527001e+01
2.270977922641849389e+01
2.184868382265755571e+01
2.142924904232367211e+01
2.160269738423192365e+01
2.178374178552680362e+01
2.130692412829597160e+01
2.108729965761446579e+01
2.069664136626810702e+01
1.965182217571201662e+01
1.882627779151984981e+01
1.736722087505497214e+01
1.669232687153987627e+01
1.622721644921967510e+01
1.592564102124091008e+01
1.634615051824727416e+01
1.661689828755361376e+01
1.783575687458025172e+01
1.946124095744392690e+01
2.140554560595986189e+01
2.314917753979489845e+01
2.387050225283236315e+01
2.355824922446986847e+01
2.289333665332136292e+01
2.259976196966441364e+01
2.209540447685515119e+01
2.131966073884799329e+01
2.070410261750057401e+01
2.100732782801222598e+01
2.157073660174334151e+01
2.134134580665159930e+01
2.096158740889644889e+01
2.032069069697946162e+01
2.019057047524364279e+01
1.919096732359180280e+01
1.784803114466201279e+01
1.691486442871532603e+01
1.616364915189608453e+01
1.597868750272218108e+01
1.630960057075350988e+01
1.656454373901455668e+01
1.739603895530612476e+01
1.873079301766852112e+01
2.013506657671798195e+01
2.045569768459689541e+01
2.082143114017475227e+01
2.065873827748379910e+01
1.989335175582669635e+01
1.978373919839132355e+01
1.941589030368218971e+01
1.892184313161025599e+01
1.843616443583479736e+01
1.863970481491835685e+01
1.923741347758378595e+01
1.947116731203735540e+01
1.983254386223642385e+01
1.917699974282821174e+01
2.013159559453136183e+01
1.963612982938479234e+01
1.824044901901017113e+01
1.718632929702686241e+01
1.643967137561999792e+01
1.619659814541102349e+01
1.642710502038111642e+01
1.684385415251737328e+01
1.811166068076283509e+01
2.066330058267189074e+01
2.369920907801328269e+01
2.590855827927499533e+01
2.650851252567360561e+01
2.631938660855018242e+01
2.531652761282200714e+01
2.510281788280839521e+01
2.480064837053319948e+01
2.448068420417597935e+01
2.362694392846395530e+01
2.395494342052370129e+01
2.351856534849759228e+01
2.186835648743300453e+01
2.103456873396603655e+01
2.122664494727469631e+01
2.070895046461199485e+01
1.988178753362172202e+01
1.843951739186123007e+01
1.728478990705912821e+01
1.652914527485726737e+01
1.625351673037008737e+01
1.661368837373113649e+01
1.699630825335218276e+01
1.828099708717393668e+01
2.044379713361304596e+01
2.325541960901468741e+01
2.508177599414481662e+01
2.574369131989408288e+01
2.564016311906923207e+01
2.462104700286470305e+01
2.397757107786913977e+01
2.337008314819608401e+01
2.275736788626965534e+01
2.234101144024033303e+01
2.243433390581806108e+01
2.244927125566246673e+01
2.144188802527100535e+01
2.084205813638477522e+01
2.081769183072372442e+01
1.991526763904778008e+01
1.872027171566572434e+01
1.741886199211834096e+01
1.651734459195605353e+01
1.593555904151736158e+01
1.572530308711209557e+01
1.603012911255661521e+01
1.641659226438616415e+01
1.746126663472361429e+01
1.960746730239880264e+01
2.221758542782173507e+01
2.389142265414358590e+01
2.433923440574540820e+01
2.404917926274785245e+01
2.312407817366092644e+01
2.277815830419574539e+01
2.200874558493903166e+01
2.106117328794513099e+01
2.041989633752951860e+01
2.065719820544539687e+01
2.095875772261769043e+01
2.045842096976388191e+01
1.991174339925068537e+01
1.976391866065854330e+01
1.914162263189539104e+01
1.806196951856102118e+01
1.670331698343419546e+01
1.579126429529624609e+01
1.524668809629052113e+01
1.513372430488266929e+01
1.548129026704446609e+01
1.595385598040651942e+01
1.726840975485980678e+01
1.973609764861269866e+01
2.267907587207162479e+01
2.478393892297251355e+01
2.568987932866937030e+01
2.545479078337399770e+01
2.450732651997929423e+01
2.412932288140913073e+01
2.372614475254895794e+01
2.324904079209798624e+01
2.289102635925335250e+01
2.271714987987369483e+01
2.266377014610199581e+01
2.179728290435076588e+01
2.123729023201658350e+01
2.103809548777844540e+01
2.033765732217560895e+01
1.952787514051439288e+01
1.801820795851531543e+01
1.687160801685881140e+01
1.614850051686518384e+01
1.582900366781492352e+01
1.618145955159389970e+01
1.667001768065413358e+01
1.794874111664602623e+01
2.027282727423267161e+01
2.321923997104721238e+01
2.532396959554939997e+01
2.614678937552019278e+01
2.580092291031588303e+01
2.461154411567157752e+01
2.432512597581103364e+01
2.385291758130978934e+01
2.344275324474099520e+01
2.303564838582045127e+01
2.283032555745786141e+01
2.254757520945503657e+01
2.151105869595273035e+01
2.087676400070804306e+01
2.058954201455675204e+01
2.018032348701542844e+01
1.932922900577475289e+01
1.805763845235337328e+01
1.699510697108743784e+01
1.622096390392538012e+01
1.583415374756982708e+01
1.624885613141634266e+01
1.660772897284826399e+01
1.772880910389690357e+01
1.948425521623758883e+01
2.157430999958373619e+01
2.324913628152678413e+01
2.390749448094887342e+01
2.391493587491558159e+01
2.305893540062386293e+01
2.267128137114310249e+01
2.229431750924128863e+01
2.181904805854578555e+01
2.148094413019921234e+01
2.150064673468246568e+01
2.155947501197699978e+01
2.121954577364288852e+01
2.064782408626981436e+01
2.048063871862156304e+01
2.023017370851746222e+01
1.936131318236276755e+01
1.838115643548463041e+01
1.738703742086418558e+01
1.654687117324799317e+01
1.626541973520646067e+01
1.644875950145627996e+01
1.671723460319099175e+01
1.770140144022106554e+01
1.894149832528271205e+01
2.006421069743574037e+01
2.089369197434536929e+01
2.098361897202924453e+01
2.058403664400260880e+01
2.005073036298882627e+01
2.000475645470003982e+01
1.952210805265476168e+01
1.902641474161309887e+01
1.865299515776408157e+01
1.885063249894566084e+01
1.919854052614130069e+01
1.931598496385506536e+01
1.934708518612772821e+01
1.972899461538332133e+01
1.976640909946135594e+01
1.938704799481292440e+01
1.838339533347104648e+01
1.740028638224353585e+01
1.667223861704492549e+01
1.634413397357801401e+01
1.646886434950507194e+01
1.685087416690705808e+01
1.785769226475553850e+01
2.009452542753157189e+01
2.307697822235914131e+01
2.496362466524640311e+01
2.553350749579360013e+01
2.543326062546643129e+01
2.488716554161134198e+01
2.431170509970550953e+01
2.413727869956635885e+01
2.372367775662807787e+01
2.339159963463896830e+01
2.368484916662745476e+01
2.341845155252878286e+01
2.182195285162818621e+01
2.105711109306593087e+01
2.073228619271065298e+01
2.041411215710358107e+01
1.969853938082703237e+01
1.896877899562441527e+01
1.785769982918244025e+01
1.705436766955588723e+01
1.664936729184318764e+01
1.703246863748286444e+01
1.713308697655389423e+01
1.834227363195730476e+01
2.053359595486809752e+01
2.306589753581502933e+01
2.474541850236946772e+01
2.604033930511042172e+01
2.576162989320870267e+01
2.483997141807303422e+01
2.470297394105081423e+01
2.460999941564591253e+01
2.427165371100121405e+01
2.392323268136190251e+01
2.389207882046802922e+01
2.347743040843842266e+01
2.218334796575503987e+01
2.127197161546930460e+01
2.094055028755181525e+01
2.076432416519154245e+01
2.026126161129211312e+01
1.903068392023702060e+01
1.823377230014973094e+01
1.721805940632466303e+01
1.673603481988662267e+01
1.688061226168979800e+01
1.731732451962083630e+01
1.821955364481736694e+01
2.055034367677827944e+01
2.304800207536164436e+01
2.521058768103387493e+01
2.619276615359506621e+01
2.597523783956804877e+01
2.513389030035793681e+01
2.507922876153569902e+01
2.486100306945100513e+01
2.434172612124858759e+01
2.377021084807629592e+01
2.365264038774190780e+01
2.363060396524151940e+01
2.218579751833294722e+01
2.114700883374768026e+01
2.112671942375348877e+01
2.105727479198690588e+01
2.030871571274589726e+01
1.924784689971101415e+01
1.831632252478862810e+01
1.765991610493108510e+01
1.712549017092814196e+01
1.720550055658905109e+01
1.759098517776397230e+01
1.875091773341512535e+01
2.076241973840405208e+01
2.308502632933145549e+01
2.556088716369823999e+01
2.611295351549225430e+01
2.609419387000145463e+01
2.476793310977060258e+01
2.471982982551553931e+01
2.455946026222121858e+01
2.423188695104188994e+01
2.370666751103856740e+01
2.368317191527810195e+01
2.396156896009991755e+01
2.260477537116262781e+01
2.198945911055733404e+01
2.160712093233225417e+01
2.134048801091001124e+01
2.037243853047035813e+01
1.904315517957917692e+01
1.835801026251312251e+01
1.781520971409728560e+01
1.742775663112363205e+01
1.789692595602308600e+01
1.822339212420953203e+01
1.937183367183920879e+01
2.072159046767104229e+01
2.197915189592371377e+01
2.291315501567732937e+01
2.325838229349620789e+01
2.304776669604427042e+01
2.325192315479478111e+01
2.316921887821593629e+01
2.287142572683740127e+01
2.234246693117883353e+01
2.179311365832166558e+01
2.212373427446480889e+01
2.267309960918798240e+01
2.170990773346103353e+01
2.139134259259121862e+01
2.128373710119988615e+01
2.103486332158676575e+01
2.085512395491414139e+01
1.998060396056600396e+01
1.892054046927600552e+01
1.809713426893053168e+01
1.751551047628567659e+01
1.777631520600998982e+01
1.798692858006641515e+01
1.903129352874418601e+01
2.078159727468926121e+01
2.312123399586474903e+01
2.497312286011529991e+01
2.589961554283089384e+01
2.604034332903400895e+01
2.497068068955974596e+01
2.501348525615067686e+01
2.503039191439043876e+01
2.453672624987891027e+01
2.379496966453145390e+01
2.403438153001657795e+01
2.395960695368806626e+01
2.182087793658790531e+01
2.073793416340744855e+01
2.034824757702543607e+01
1.988921949912887754e+01
1.934238744639407415e+01
1.859917124132707400e+01
1.792085164282839216e+01
1.730782765664242362e+01
1.677576962825503770e+01
1.675490597272929705e+01
1.702623384065545764e+01
1.773263496486041646e+01
1.903747821562097897e+01
2.011151583791449582e+01
2.067912216591983210e+01
2.074089755124055401e+01
2.058886070331887908e+01
1.996424052922212766e+01
2.026967708643673660e+01
1.972940690029140853e+01
1.904313334296453419e+01
1.845639409209076476e+01
1.898932495571166612e+01
1.969999086001494959e+01
1.973436347646179101e+01
1.950050076066183635e+01
1.946851277612114117e+01
1.939192415672162539e+01
1.903749922534575134e+01
1.815546762626476252e+01
1.728657508454195479e+01
1.669946203368063564e+01
1.635011342372602883e+01
1.664444462793929702e+01
1.702531294231083336e+01
1.826887503769458831e+01
2.064450643490751247e+01
2.379124617278011300e+01
2.605668485725723116e+01
2.671239342419652729e+01
2.670108460794626026e+01
2.494246033171285859e+01
2.472977426534833967e+01
2.496801361936406849e+01
2.477784097886746650e+01
2.446637513311722145e+01
2.454115127036159905e+01
2.367709402769726879e+01
2.277049630908013000e+01
2.177692353590218133e+01
2.130103807433581764e+01
2.083055404990435377e+01
2.014792049817972241e+01
1.906358408946825023e+01
1.809044093427687372e+01
1.726995443773073191e+01
1.682178837198037868e+01
1.717300904276267559e+01
1.742248705310620949e+01
1.857380802290445843e+01
2.069713848350774654e+01
2.355444196326602224e+01
2.599169401532347123e+01
2.688283275254277882e+01
2.664923018169161395e+01
2.587450546513494487e+01
2.590895323260346217e+01
2.586675970971776906e+01
2.541750435324523139e+01
2.481035331964073620e+01
2.484621606736691390e+01
2.406784834046403176e+01
2.296959763950153288e+01
2.212850035465391940e+01
2.154741985115524017e+01
2.128090719884358606e+01
2.053212662452992987e+01
1.941394717717417606e+01
1.838461120318060082e+01
1.786559832170926043e+01
1.742709236775208481e+01
1.764794755969140283e+01
1.805094291776394044e+01
1.910950426469919705e+01
2.133299998646820939e+01
2.417868360322199806e+01
2.643976128252649360e+01
2.752563368329209936e+01
2.734590912067277912e+01
2.647785694827870984e+01
2.645772340294274372e+01
2.655945371755211326e+01
2.613936251205957007e+01
2.557774308822931886e+01
2.558289206166507412e+01
2.475275074455260693e+01
2.358932688799760058e+01
2.257574700791776579e+01
2.200424315812515985e+01
2.179202502213791703e+01
2.097486663619388736e+01
2.006031541293996767e+01
1.907738663177784133e+01
1.837428748061680039e+01
1.800001121771150281e+01
1.838705890049843106e+01
1.870515801539375289e+01
1.976231334401006023e+01
2.204331352081376849e+01
2.453375572604129928e+01
2.670936762338661907e+01
2.750151898889962609e+01
2.761115782279296837e+01
2.680407213490803642e+01
2.683823377858649906e+01
2.670199328492941149e+01
2.609813880594134261e+01
2.509979358433774266e+01
2.510916259443094489e+01
2.471461191862777440e+01
2.348222131104682830e+01
2.223774643056596290e+01
2.191469307730016425e+01
2.192582560180358087e+01
2.123927734743080009e+01
2.018760495413809153e+01
1.930868789448427236e+01
1.843711796116624768e+01
1.807578249356403788e+01
1.845967065756276071e+01
1.869677513705463312e+01
1.968714959955459776e+01
2.190626660861037678e+01
2.471871560473384832e+01
2.677941388139406698e+01
2.742889089589922946e+01
2.737679093247252737e+01
2.662311521629375832e+01
2.704683871079790336e+01
2.719942522744988977e+01
2.665945285166936429e+01
2.586517793607763238e+01
2.564504542723219060e+01
2.509968292425359593e+01
2.398096324757727160e+01
2.309586880732008041e+01
2.319511003474033117e+01
2.217811724165823861e+01
2.188522952943539224e+01
2.092535961519909193e+01
1.989727468767414820e+01
1.908099007199962216e+01
1.880947700627193697e+01
1.899805526480463058e+01
1.921519609971216269e+01
2.013385668836070863e+01
2.186870972649454004e+01
2.367683266933338970e+01
2.496012400188910263e+01
2.571392978440954025e+01
2.594706470093096584e+01
2.550099733118458545e+01
2.592614854807690961e+01
2.622287085901637127e+01
2.533479054476672587e+01
2.446442200892104069e+01
2.497339745471170147e+01
2.513993098829437400e+01
2.391273001366181106e+01
2.319040196406343313e+01
2.257726440630103681e+01
2.270623651153166733e+01
2.162797466293455528e+01
2.020414914530250172e+01
1.947469221665989991e+01
1.886147488431650387e+01
1.839132885566484887e+01
1.868228456182226438e+01
1.877715721183464126e+01
1.941557867218431710e+01
2.062869921813309304e+01
2.162918411712518463e+01
2.230607555157445177e+01
2.239464537453032378e+01
2.216740347175349513e+01
2.182027614297001961e+01
2.246865516016841724e+01
2.189316120877893823e+01
2.084907513776482801e+01
2.017270922341926109e+01
2.052198306110728865e+01
2.156757057779300979e+01
2.170090643547262488e+01
2.209765259013177641e+01
2.217318075714453229e+01
2.268915686497296846e+01
2.187359452433075191e+01
2.002581581949620926e+01
1.937612024111349740e+01
1.890242354726055396e+01
1.870744898878096407e+01
1.876038851499924576e+01
1.893611243190097326e+01
1.998505172206773750e+01
2.224198190702114886e+01
2.441665933053132420e+01
2.617197109384829190e+01
8.350026149473851689e+00
5.708404061633728155e+00
8.545611068473819572e+00
1.493798002561596761e+01
2.032192269193217626e+01
2.197002813670129129e+01
2.228808732671106085e+01
2.300656868264007571e+01
2.221186604926344188e+01
2.255393737175484858e+01
2.262357020271305785e+01
2.208032647515494062e+01
2.193110283373806979e+01
2.148731264780784755e+01
1.988079922783661502e+01
1.864400115063278562e+01
1.799616808307631999e+01
1.755792329456124889e+01
1.791310514077339633e+01
1.835923018843197241e+01
1.914079521651204274e+01
2.144440906700243588e+01
2.471214624160600337e+01
2.126570534856562844e+01
3.034875704934274054e+01
3.747082861679516697e+01
2.964265136186574168e+01
2.527869831080025165e+01
2.505795142910422868e+01
2.580838122434527193e+01
2.565867556692798246e+01
2.566254098441333653e+01
2.594753290569021331e+01
2.404884643066288064e+01
2.266046492220403152e+01
2.243038260649801074e+01
2.252993167220926907e+01
2.084282944501534374e+01
1.973968810905342863e+01
1.866428405390413658e+01
1.788234464694651393e+01
1.744332308925314123e+01
1.789861763148708462e+01
1.815854120093222335e+01
1.908603050201649509e+01
2.133204628428551430e+01
2.453264730393533100e+01
2.203980653465629658e+01
2.873393632201068115e+01
3.607780838452178074e+01
3.034791299850247270e+01
2.589346726858218162e+01
2.475084090069705312e+01
2.505010606422307973e+01
2.530979021916057548e+01
2.568364872559657641e+01
2.633652070555664082e+01
2.477252750691589611e+01
2.357468548240153439e+01
2.392522412375356566e+01
2.434136331435990996e+01
2.298828782646137014e+01
1.860484306767380147e+01
1.738941553888951930e+01
1.711572197861577749e+01
1.711580645080628926e+01
1.780194845800438586e+01
1.829090206985867439e+01
1.970119190214040472e+01
2.118249187584735793e+01
2.328744041643340879e+01
2.252950624223626974e+01
2.717901287948544109e+01
3.348015797263093418e+01
3.079989080513792743e+01
2.652823402381401863e+01
2.486185133312139683e+01
2.448192839292757839e+01
2.437618335128852820e+01
2.489308293594916677e+01
2.491081921665173837e+01
2.358228747868518838e+01
2.266257457300411460e+01
2.214591078590435558e+01
2.178475097004122318e+01
1.928100756815392103e+01
1.942494409016117274e+01
1.830569582762355196e+01
1.743104637742283458e+01
1.682069152320074323e+01
1.710850244394450215e+01
1.766591306490565572e+01
1.872688621637567152e+01
2.118316960805761795e+01
2.444512175799010123e+01
2.363034425149762541e+01
2.637034686939405859e+01
3.159061425227422504e+01
3.060033887074923342e+01
2.714494748999934970e+01
2.462685888486140229e+01
2.387024633465934897e+01
2.388048189862015391e+01
2.416406059891027525e+01
2.465200541695474712e+01
2.391587900783192921e+01
2.315509627774225265e+01
2.223795409583272331e+01
2.176925107622586353e+01
1.948286149149494051e+01
1.908118946653436510e+01
1.817692115778893580e+01
1.749528945116798084e+01
1.722408041415922142e+01
1.735055116351561466e+01
1.782544895573485988e+01
1.849578647639905427e+01
2.045180131088937969e+01
2.303786856939592909e+01
2.236778260751693281e+01
2.403793206244534986e+01
2.862454368654496406e+01
2.731777183801376552e+01
2.540550505876879228e+01
2.345224488476099722e+01
2.261846113204813236e+01
2.253542777796558383e+01
2.292996827082384215e+01
2.314461698219733421e+01
2.285964416039275804e+01
2.211046605618826888e+01
2.162393238827328901e+01
2.110504610316131746e+01
1.921909253279736873e+01
1.864799932704385910e+01
1.796827255990403671e+01
1.726134898817034014e+01
1.695547388025671154e+01
1.714360471831382782e+01
1.746226979894454701e+01
1.813498170351394734e+01
1.946578491007247536e+01
2.084436645904671082e+01
1.987326039564728575e+01
2.042953181026708975e+01
2.290481618704997757e+01
2.242454275457053825e+01
2.157090004819935203e+01
1.991002868681546545e+01
1.883550673611335213e+01
1.850272866065862942e+01
1.990412977153249940e+01
2.021602395016654796e+01
2.088141859614599838e+01
2.065813077820894250e+01
2.092134925205440155e+01
2.094665082439308890e+01
1.961508261139579190e+01
1.862495433114534293e+01
1.783167230519271129e+01
1.711262718581723163e+01
1.691592834753257435e+01
1.721149685980921618e+01
1.760655408578703529e+01
1.876365653837688896e+01
2.111068903332878577e+01
2.435297277634824198e+01
2.530520175364678437e+01
2.628005193179350130e+01
2.862765542807871100e+01
2.876991910126167795e+01
2.765048673925269895e+01
2.610240596124619827e+01
2.477860720922331339e+01
2.449607990936263135e+01
2.449886351716918753e+01
2.482276982188705006e+01
2.352964795830439471e+01
2.282761351440301922e+01
2.239410323541007841e+01
2.224674445115417143e+01
2.092495314924443406e+01
1.957918753138967105e+01
1.863841911374379023e+01
1.785590327817900658e+01
1.747993097703138332e+01
1.781686810232055151e+01
1.823203445288372748e+01
1.936561323127420664e+01
2.175973497242182120e+01
2.484376760658970440e+01
2.605762559605244988e+01
2.691217157857442643e+01
2.873271848027393460e+01
2.983658486501581208e+01
2.933039597924413400e+01
2.783856171335052210e+01
2.602851019366592311e+01
2.517535754556443806e+01
2.528014667601820875e+01
2.568016811893288320e+01
2.452604583848408382e+01
2.391971949675319209e+01
2.354683123344289797e+01
2.353590201600704646e+01
2.229639045814475296e+01
2.056089134777295158e+01
1.946942502546643539e+01
1.877069790870204713e+01
1.839162184650819398e+01
1.874408587530433223e+01
1.894494576831517918e+01
2.005214166060541814e+01
2.222955240548234812e+01
2.510195101751138580e+01
2.644319671060318555e+01
2.726745916389680247e+01
2.844303442243582225e+01
2.955781222962811583e+01
2.959988493802364928e+01
2.838824774294309350e+01
2.716392702216356980e+01
2.617838978525518812e+01
2.615586634876173733e+01
2.605628057025528221e+01
2.501770159970520879e+01
2.420202117940357667e+01
2.379231146359421700e+01
2.338069754383174015e+01
2.194778559468487700e+01
2.016015938599255364e+01
1.906820209779320052e+01
1.844250733649363028e+01
1.813537817224946380e+01
1.850304494486488238e+01
1.893193341491550541e+01
2.002084916477291898e+01
2.235773951367550438e+01
2.522355720599277618e+01
2.676884639294632962e+01
2.748275887747652746e+01
2.827778156877841909e+01
2.922203421579332527e+01
2.986633283238597514e+01
2.899076831127639053e+01
2.748316817688262503e+01
2.630900041113854115e+01
2.627158761809544174e+01
2.620187311644943762e+01
2.469368030866658614e+01
2.327579215920885858e+01
2.271751251907845415e+01
2.203905488721454020e+01
2.094681075576385965e+01
1.974601109177490343e+01
1.870903487205765359e+01
1.804593531189829747e+01
1.765034816354218705e+01
1.812138367036994069e+01
1.850625861513685777e+01
1.954909172628735448e+01
2.159303954259696923e+01
2.430268301947343801e+01
2.575125287924344519e+01
2.620586293932799649e+01
2.704630525141784858e+01
2.817108414652866344e+01
2.912791617628446517e+01
2.840670490400984605e+01
2.692544866991262609e+01
2.579292760722245248e+01
2.598910923315809995e+01
2.585146064161200741e+01
2.471141922242067679e+01
2.388571035912961449e+01
2.343939714889608439e+01
2.363424704776904051e+01
2.228960691619654355e+01
2.070176293910926546e+01
1.955415688156124432e+01
1.892743247872398626e+01
1.853151126827794215e+01
1.881584779776412830e+01
1.908193993086657869e+01
2.019830275402507880e+01
2.198858651863599789e+01
2.389733649739910248e+01
2.484785898907398760e+01
2.549222661307166860e+01
2.569014448196593392e+01
2.594668327789819529e+01
2.694970783028269068e+01
2.644399445045716490e+01
2.507188927031254266e+01
2.385182787411280003e+01
2.411224527574113807e+01
2.414376572780034280e+01
2.349452755563185136e+01
2.301900046839074321e+01
2.287419224645826077e+01
2.293031510065432954e+01
2.179193574221396545e+01
2.072802173196956232e+01
1.952221239536789810e+01
1.876234053077656583e+01
1.857088791247193171e+01
1.887014798553444805e+01
1.905154356636430535e+01
1.984212897516841423e+01
2.086131985280452383e+01
2.178745903691326191e+01
2.204816394220097564e+01
2.145003517921581704e+01
2.084527476911416954e+01
2.109631787437610484e+01
2.217569067860950582e+01
2.199090408276744668e+01
2.109633006813428580e+01
2.030538407987781468e+01
2.064900888627048658e+01
2.143987139585366819e+01
2.138434620204623116e+01
2.140735305195207516e+01
2.187597811641853340e+01
2.215260026150840034e+01
2.187169484078278003e+01
1.973785550077823814e+01
1.870796248101761705e+01
1.786679668642510777e+01
1.767988374671239171e+01
1.813127129830032302e+01
1.845663787913932197e+01
1.918375349230704785e+01
2.125804741477733728e+01
2.406808017847815151e+01
2.621849566397075648e+01
2.675007300596688609e+01
2.665134196998156568e+01
2.663657754655218568e+01
2.752379277373902866e+01
2.791968337937811384e+01
2.724723028930842261e+01
2.639037226082125187e+01
2.681167744758664284e+01
2.595584046526545308e+01
2.461125247994667475e+01
2.319028549703494591e+01
2.271482730875780831e+01
2.241550868353225212e+01
2.116853762493925473e+01
1.962707938792940254e+01
1.863144489777267410e+01
1.792351701854315138e+01
1.744130538925942275e+01
1.753748685196496737e+01
1.772893179818258957e+01
1.854111985213495473e+01
2.085899435013728720e+01
2.361849906852536307e+01
2.539743657602718230e+01
2.632993377247365885e+01
2.640319750345750549e+01
2.615707482933649075e+01
2.717672228121667288e+01
2.727237320864826842e+01
2.653383662060919335e+01
2.560416286202612568e+01
2.578322699198195522e+01
2.509347421609756168e+01
2.398825956506841450e+01
2.320281756559805331e+01
2.269282970913290853e+01
2.252913996257331064e+01
2.167420555323423415e+01
1.992389726776112369e+01
1.871723653917979746e+01
1.782511347385222322e+01
1.739108236677540020e+01
1.785138571598321278e+01
1.799263790672614505e+01
1.902346848216727437e+01
2.126895044297148019e+01
2.403254681866069475e+01
2.608697892716796218e+01
2.719974101508655551e+01
2.690292804975529251e+01
2.687082070571008785e+01
2.764797158076725125e+01
2.781781308283209242e+01
2.711299217023446317e+01
2.613490639351243772e+01
2.614575762772759049e+01
2.538223245415561635e+01
2.418792206259163180e+01
2.331576023394393005e+01
2.283456102441354219e+01
2.249739112302320976e+01
2.169529351998802014e+01
2.007517569415928094e+01
1.877494692700861734e+01
1.787593907248613689e+01
1.746127667745063405e+01
1.776546914802178634e+01
1.798301981762045898e+01
1.922681520284896450e+01
2.137578776026419192e+01
2.444609921396140706e+01
2.653159196468402214e+01
2.714347767752554930e+01
2.701943818676873832e+01
2.653413727493279239e+01
2.744556355661464053e+01
2.761175564623246359e+01
2.688841115576557428e+01
2.598729141228038131e+01
2.614392617849738087e+01
2.562014492229866036e+01
2.448037130848938858e+01
2.348851970952729218e+01
2.297848992560579262e+01
2.298863067919301173e+01
2.219480861411341976e+01
2.050971709766319506e+01
1.920273928734940583e+01
1.819337855579731666e+01
1.779683113939777073e+01
1.784984741865027402e+01
1.807997775761036507e+01
1.907375399794910464e+01
2.128383607807775135e+01
2.389159631412018214e+01
2.566874896790992722e+01
2.617616149383316326e+01
2.599691990926134721e+01
2.555989091430934934e+01
2.630385320935507210e+01
2.658517685854135593e+01
2.594301088458576032e+01
2.521351879270618923e+01
2.545526915808780544e+01
2.506795039859006025e+01
2.413658056036835475e+01
2.302753358653399829e+01
2.234019809379584487e+01
2.199714537920800694e+01
2.105546539247582061e+01
1.974856271737940361e+01
1.854453617421675915e+01
1.762171742997550083e+01
1.715641421069263117e+01
1.759318459975901305e+01
1.769746417157124441e+01
1.891856397515893207e+01
2.044654178318294058e+01
2.282792730416853999e+01
2.457994783389487381e+01
2.506912394940735922e+01
2.497316683990292319e+01
2.442066735297022007e+01
2.501864796248746359e+01
2.527411465810558511e+01
2.502044391295563841e+01
2.452825336944233214e+01
2.478670903841217310e+01
2.447156103495717616e+01
2.360046888523237385e+01
2.265569858480121468e+01
2.197981631892226417e+01
2.144400501793983338e+01
2.036889240886750940e+01
1.895561591249555278e+01
1.778526761528976152e+01
1.664511683442743006e+01
1.628114897752434587e+01
1.728389568345995642e+01
1.757630915781591696e+01
1.825747251634162538e+01
1.960027176082023814e+01
2.056831733987004185e+01
2.142789878076845866e+01
2.099351044196030713e+01
2.073348811758272348e+01
2.037508388375630375e+01
2.102737017105289752e+01
2.101262457429049135e+01
2.060103223640980374e+01
1.986036672025150551e+01
2.024636956607253424e+01
2.061834039051863243e+01
2.054556958506662312e+01
2.056287246262016666e+01
2.063229565606172500e+01
2.069545823725429301e+01
1.986593060704061742e+01
1.862821454837458290e+01
1.744072910354663719e+01
1.665733217157948332e+01
1.655628169681155271e+01
1.672088371336473145e+01
1.725833393485550005e+01
1.851239467671938499e+01
2.059541041105669024e+01
2.406598508877270959e+01
2.641086188015958314e+01
2.752552045977313000e+01
2.703437250283020177e+01
2.637296000551409136e+01
2.666676330210350088e+01
2.732218424061515094e+01
2.713485992257870194e+01
2.651821980339246565e+01
2.686920659285033253e+01
2.617958818919595032e+01
2.507937745104899463e+01
2.364506526655630481e+01
2.306017656734439214e+01
2.277697430547033619e+01
2.157841173748775176e+01
1.997290775129312124e+01
1.853650777720234188e+01
1.764042876271855320e+01
1.742091414395206073e+01
1.760017868939821994e+01
1.810201177124283234e+01
1.930371493149388940e+01
2.134139781838373651e+01
2.435555787151466944e+01
2.655405727027821783e+01
2.737304116506373930e+01
2.707576705915428761e+01
2.653327782857793693e+01
2.681501114289879339e+01
2.729073341871898961e+01
2.703187182605092431e+01
2.631271200068321647e+01
2.686716083716943615e+01
2.627787041130985557e+01
2.505329923126799940e+01
2.399721162029101151e+01
2.271878034922936607e+01
2.219276447587590084e+01
2.105915577746598899e+01
1.993153846218462988e+01
1.866232665142540981e+01
1.782344456078940809e+01
1.739141202234564787e+01
1.763438359583429005e+01
1.802781191627802926e+01
1.924163271363586247e+01
2.148646678187972014e+01
2.439819213602497427e+01
2.645043768006513574e+01
2.736917029440734694e+01
2.695887423960263973e+01
2.639424322130203748e+01
2.661004402738652530e+01
2.689297113440397524e+01
2.665202824256727965e+01
2.620622705235088645e+01
2.656710427063617530e+01
2.590396453750889805e+01
2.470920920307634461e+01
2.331710600111296472e+01
2.296516792400336371e+01
2.252582421898715381e+01
2.158889787271434457e+01
1.973757322738140019e+01
1.852451154524754173e+01
1.742237295314098233e+01
1.730764954536249789e+01
1.742552017363548345e+01
1.777766569605722680e+01
1.922297395233768214e+01
2.125635744552905848e+01
2.381353513274253331e+01
2.608034907830038307e+01
2.792866338266735937e+01
2.735854136797002667e+01
2.596907108638270145e+01
2.544863245742407543e+01
2.609462336130619775e+01
2.607909934109348882e+01
2.613255701474137283e+01
2.666665695966311844e+01
2.589474880577096272e+01
2.474772818300434096e+01
2.313514678702824057e+01
2.237360660634554321e+01
2.165366987629297668e+01
2.053984268301873684e+01
1.894844238109046231e+01
1.760064906017140274e+01
1.700299602247697095e+01
1.671993364227022383e+01
1.711763397888768523e+01
1.749652232605225421e+01
1.849576850366482006e+01
2.053066836181587362e+01
2.354267583551602527e+01
2.554780539783316584e+01
2.608932902140782772e+01
2.634330075092396939e+01
2.528421134250152136e+01
2.610998371159925213e+01
2.626967916529163460e+01
2.599459863038539709e+01
2.522450640124464272e+01
2.599303338254374651e+01
2.578824128400433224e+01
2.429406376082544128e+01
2.301205274531104195e+01
2.218159016067535205e+01
2.165082150954864915e+01
2.033284149965400900e+01
1.901469451438939728e+01
1.765477688853680860e+01
1.679605721083038006e+01
1.667311436007600989e+01
1.692786105710060340e+01
1.730929820056157098e+01
1.832360943184490765e+01
2.019479067059572941e+01
2.229643890713545318e+01
2.400976828688881426e+01
2.483257068468061490e+01
2.476381910460763791e+01
2.406408284913551654e+01
2.457729833477851500e+01
2.484284474663610709e+01
2.483336383921047741e+01
2.481351784847447917e+01
2.513435085366028332e+01
2.533364724382785127e+01
2.420151851992228842e+01
2.290471354375824475e+01
2.223925906784131357e+01
2.157814192649337315e+01
2.036826287801615010e+01
1.903100545342517691e+01
1.776255494723924500e+01
1.710730499969875851e+01
1.683290342484016477e+01
1.711096247064818954e+01
1.753820662463612123e+01
1.845739496277980862e+01
1.955647636582150994e+01
2.089887441844936333e+01
2.157976137301579911e+01
2.143474467568466224e+01
2.119502638974474351e+01
2.066919316177226662e+01
2.135831427895964651e+01
2.145053282059614475e+01
2.102989219159325884e+01
2.077952589364485192e+01
2.125231969328038417e+01
2.176770403735179826e+01
2.181779715447125767e+01
2.150027595093322574e+01
2.106309617796359746e+01
2.118998721843204081e+01
2.022749773811786511e+01
1.877470843064170936e+01
1.758953580190091159e+01
1.684593945763410261e+01
1.664854825204349353e+01
1.706459602974497969e+01
1.725466075554763279e+01
1.854236073109613514e+01
2.066100066832694537e+01
2.355877983719325641e+01
2.604740447144398630e+01
2.667303782338054674e+01
2.647680874805478979e+01
2.577327520208660872e+01
2.606698229868525019e+01
2.622349454209355812e+01
2.607086728179088198e+01
2.597878135970997349e+01
2.625802457063110396e+01
2.568746920497385133e+01
2.449028913664207963e+01
2.273893098356525400e+01
2.287842093562854018e+01
2.141553298479625411e+01
2.005289688468564080e+01
1.869140834351487968e+01
1.758053495866184335e+01
1.678451184818567299e+01
1.642776394123261952e+01
1.681427688585777958e+01
1.724874625671582962e+01
1.822927742393742179e+01
2.053532487465896139e+01
2.329254655302419863e+01
2.552849938175870292e+01
2.615737352773354374e+01
2.586204072201334014e+01
2.496180391338712568e+01
2.518047185343781180e+01
2.544853432974808172e+01
2.497378473874040239e+01
2.491371492757583184e+01
2.564664192540589127e+01
2.529369970033616966e+01
2.433684619171607366e+01
2.339103255903328105e+01
2.160234796941887936e+01
2.063988869907736046e+01
1.942407438487476057e+01
1.799146541936823596e+01
1.680818267237077990e+01
1.606957096977528465e+01
1.582710637845173096e+01
1.623796961109852077e+01
1.658788292605041903e+01
1.759297020214875573e+01
1.966027432724116863e+01
2.244347001300781841e+01
2.451428358710393596e+01
2.532295739025392933e+01
2.515545630240646346e+01
2.419868435977168630e+01
2.442061345935279348e+01
2.454368240357966613e+01
2.448591244861865945e+01
2.427021245534233529e+01
2.493062196109196549e+01
2.466434213349657867e+01
2.357524832743932919e+01
2.200308422032366806e+01
2.053999485525183744e+01
2.001661096632402703e+01
1.876316406392336589e+01
1.698341088559352130e+01
1.587916738202569178e+01
1.521144254364362602e+01
1.500509001469954207e+01
1.542704843069927456e+01
1.597494462961864059e+01
1.700153851373678293e+01
1.916839901323761453e+01
2.179727113304742403e+01
2.387133921292587857e+01
2.471274820237657721e+01
2.463741632801805537e+01
2.409008506236352787e+01
2.427484625643121063e+01
2.438621592093891977e+01
2.441888086404511427e+01
2.429158696745768964e+01
2.488432468392066710e+01
2.445149011327753641e+01
2.347567618436372783e+01
2.228249433517738254e+01
2.104452020288278291e+01
2.036705623607982218e+01
1.862097467054191924e+01
1.714038917354001867e+01
1.592585837380629243e+01
1.514729288958850795e+01
1.497343568097653588e+01
1.543634718868998945e+01
1.610325338769289516e+01
1.720730849345910940e+01
1.938490729388429301e+01
2.190828265527329322e+01
2.404653291380891389e+01
2.509915606090305928e+01
2.528759376206207321e+01
2.487903451191394666e+01
2.522952816456603742e+01
2.532572242869600387e+01
2.507974536617505379e+01
2.437387006175467974e+01
2.460387668368348102e+01
2.413628738909021365e+01
2.328576400952512770e+01
2.241391795406556753e+01
2.142615274447516427e+01
2.063157907870254704e+01
1.993113980225378157e+01
1.829187498829962522e+01
1.706732301885493186e+01
1.625447924202396521e+01
1.594846283377488305e+01
1.645964643066552924e+01
1.715631833021491559e+01
1.834751279447946715e+01
1.991182787292615686e+01
2.114738379324780482e+01
2.158264509627360894e+01
2.157913859527191391e+01
2.112824654204801078e+01
2.047692261662469804e+01
2.089552259823220126e+01
2.097178731606032898e+01
2.067186579577872152e+01
2.036600149568884888e+01
2.138485406988068149e+01
2.248301520835715195e+01
2.247298041847484384e+01
2.189173208603172682e+01
2.093835027428266216e+01
2.072169102011748620e+01
2.079534431296566410e+01
1.924406612178440668e+01
1.803926893063058756e+01
1.709345432722847491e+01
1.678828575866712569e+01
1.725099618886286379e+01
1.747563924032702687e+01
1.799416506167544938e+01
1.890718759005894256e+01
1.992640735057368317e+01
2.045903407812505392e+01
2.049842216922185045e+01
2.025658142663860772e+01
1.977873357583349545e+01
2.019695265310084764e+01
2.030955416458616014e+01
2.003407781212494854e+01
1.981323582788359516e+01
2.065509306286070768e+01
2.090389812242394640e+01
2.104328906171346603e+01
2.085366894703574658e+01
2.049140538183053195e+01
2.030660640013065787e+01
2.017868961676780515e+01
1.905490381622898255e+01
1.789213807458158101e+01
1.709026389138405477e+01
1.677953723197184743e+01
1.740689702329132516e+01
1.761727969060902410e+01
1.813099547231166397e+01
1.945044662779055145e+01
2.079415583073987150e+01
2.161361427818247094e+01
2.201464030769954050e+01
2.169815286854260350e+01
2.100252416191258931e+01
2.091768794890165495e+01
2.100901187474566001e+01
2.103536089792011410e+01
2.097330190974920328e+01
2.208897710600916398e+01
2.181116692689948877e+01
2.170303431835306895e+01
2.177971721910423142e+01
2.104171717813569131e+01
2.051719762434309757e+01
2.039362680830064889e+01
1.949132294109756103e+01
1.831100519517158531e+01
1.750883674233583065e+01
1.715428263172375978e+01
1.759062942674998808e+01
1.784003312478306924e+01
1.870068918282522219e+01
2.045263921339346780e+01
2.298820168859450064e+01
2.537942338397809294e+01
2.650987540065415260e+01
2.675204624341814608e+01
2.627467062233767692e+01
2.609797332287591587e+01
2.637191620790150992e+01
2.625789367895283632e+01
2.631529071894414784e+01
2.714382176458934381e+01
2.559094601730802410e+01
2.443265461862959498e+01
2.327964049602983465e+01
2.226678783800925387e+01
2.196719813345040961e+01
2.126516411440255894e+01
2.010473850217239189e+01
1.907177650501007093e+01
1.814798134830643050e+01
1.791679914912235461e+01
1.812203975648780485e+01
1.842288907620378069e+01
1.892654983915328515e+01
2.077166850833867429e+01
2.341441847084486838e+01
2.578794897790357510e+01
2.689039817613520000e+01
2.694925304730842797e+01
2.656577662493713277e+01
2.636610594053395573e+01
2.655192714374976859e+01
2.626860653146853863e+01
2.625648829736751466e+01
2.746681850196029018e+01
2.619465264175222075e+01
2.474412125056062806e+01
2.351411859360525725e+01
2.247711106324059571e+01
2.191795782687076510e+01
2.129383371778058631e+01
2.011329155166129112e+01
1.898632702195504862e+01
1.796846343053072559e+01
1.765340959235665252e+01
1.799952886486977732e+01
1.837265984132861263e+01
1.918896003031690256e+01
2.124462916793247658e+01
2.395877997669898818e+01
2.624687453905748313e+01
2.734263368057938237e+01
2.746633619016293792e+01
2.679365989827851635e+01
2.674564836425034287e+01
2.654503378068806896e+01
2.623717293062127354e+01
2.594822692688486399e+01
2.683708899010990834e+01
2.585169985741195831e+01
2.432769365841311426e+01
2.290531154568413541e+01
2.190599758157830479e+01
2.083140888312114569e+01
1.992069493635371558e+01
1.878507830167182391e+01
1.781667728767846270e+01
1.706431278853858657e+01
1.684855118277009822e+01
1.719836410969564611e+01
1.758981170289945695e+01
1.848261447258776613e+01
2.043395481654437162e+01
2.306756329322452359e+01
2.530782656404860731e+01
2.651849565513750306e+01
2.662641846897130549e+01
2.606169359054049295e+01
2.599830426724453147e+01
2.592589380478202443e+01
2.548001607141490155e+01
2.522392291462080394e+01
2.629844322054124106e+01
2.550975012990942403e+01
2.421748342058897663e+01
2.270352620510607622e+01
2.123459776670729227e+01
2.051726667812806681e+01
1.959953478555972950e+01
1.838236221316638108e+01
1.740099964140936706e+01
1.668487369535122866e+01
1.638501480058005910e+01
1.683537603294620055e+01
1.724866643630071295e+01
1.811276542120777933e+01
1.970250722151033784e+01
2.177214623351872547e+01
2.364655626612634975e+01
2.454712409592207933e+01
2.479906396373974786e+01
2.413706836126316446e+01
2.405244011849947938e+01
2.397817588236756947e+01
2.385745648366394178e+01
2.373519942767489610e+01
2.428981002329663852e+01
2.456681283254325976e+01
2.351277809537790375e+01
2.247054618852240182e+01
2.108079488183776817e+01
2.018624774304006309e+01
1.917845545260630402e+01
1.804417939492115508e+01
1.714391520823913240e+01
1.652175209409992718e+01
1.630621895203141491e+01
1.674414256756884001e+01
1.693722360333236310e+01
1.761535091851634505e+01
1.879896263136109624e+01
2.006733563101290230e+01
2.071335768638825670e+01
2.088398716194339499e+01
2.088141274103725209e+01
2.041373268370272598e+01
2.079804768001487147e+01
2.058420812029584113e+01
1.996117669711995646e+01
1.963613948053222558e+01
2.094971718521695081e+01
2.088154507808265947e+01
2.092490990635808856e+01
2.088355998891040244e+01
2.034142540959378564e+01
1.993810553912769734e+01
1.917166213058475321e+01
1.776832580416156304e+01
1.680505975158301624e+01
1.616213548152428103e+01
1.598310658849204557e+01
1.646991419303935089e+01
1.677497752384199003e+01
1.761498308496753396e+01
1.969143508169992529e+01
2.248432686315220863e+01
2.495931739050037024e+01
2.617032458148059959e+01
2.615646269467838536e+01
2.525154768404194172e+01
2.496339996651985160e+01
2.456562056925732307e+01
2.401510782436715630e+01
2.371637304489486908e+01
2.501906850570895102e+01
2.462243128850559515e+01
2.321498078044573887e+01
2.210594105465109038e+01
2.072969496811636603e+01
1.972934418154510539e+01
1.870335453933017078e+01
1.736603831494673500e+01
1.639214142046724376e+01
1.583427027217391903e+01
1.561247231537974400e+01
1.611364557747475246e+01
1.663449901707286216e+01
1.776888640573293543e+01
1.973192708186877553e+01
2.231856873271718555e+01
2.453352990066607475e+01
2.548972130534826874e+01
2.537494627742110609e+01
2.470348091627555220e+01
2.486763838698126250e+01
2.494026342983062250e+01
2.440784599730987736e+01
2.413082574698611182e+01
2.555944053804377347e+01
2.522244150044186028e+01
2.396694309173959070e+01
2.237655511047419665e+01
2.083834656025558729e+01
2.029269798359489485e+01
1.894005954975716577e+01
1.778519831871747314e+01
1.673392051704400174e+01
1.611055452014005951e+01
1.604970965935007499e+01
1.655663396760860451e+01
1.692454780916592938e+01
1.795415167518347488e+01
2.023733475206001131e+01
2.294833179132136536e+01
2.517871505048029945e+01
2.624912872004700404e+01
2.610043811235214406e+01
2.526135925331525911e+01
2.541572952336230529e+01
2.550267708848345549e+01
2.499306898449312087e+01
2.447518560781913877e+01
2.583947997897978865e+01
2.555877680337793834e+01
2.407967153726410103e+01
2.255241409146006859e+01
2.158886266499197859e+01
2.047937056945504963e+01
1.921963732177460926e+01
1.790261966850078323e+01
1.685704788279111810e+01
1.623612486066458516e+01
1.599439319375561297e+01
1.652852104943386990e+01
1.707905872745852349e+01
1.794176421448095837e+01
2.006560018765173581e+01
2.283507722259492922e+01
2.496048914845078670e+01
2.587726096149595278e+01
2.564676975725663155e+01
2.476649518037983100e+01
2.492718743421895056e+01
2.482414904378958909e+01
2.452708224709837381e+01
2.449316928025155704e+01
2.554129433529676518e+01
2.531990542579969627e+01
2.410587976726888471e+01
2.242980870904354518e+01
2.151390617096640767e+01
2.030594131375723421e+01
1.901315171595688724e+01
1.775647975301438208e+01
1.660780785727345688e+01
1.592508981389027056e+01
1.585271771362945259e+01
1.640402739428023438e+01
1.690257520073393138e+01
1.783940509706317101e+01
1.996465189807702600e+01
2.255775186722928538e+01
2.463566180946592254e+01
2.551645433805636287e+01
2.553801675640418622e+01
2.485561205873932167e+01
2.495120010441253555e+01
2.484635322506331434e+01
2.443733122388592349e+01
2.431090989465705476e+01
2.531536876465771257e+01
2.507971792058641114e+01
2.361911116854891901e+01
2.201786747576717929e+01
2.077399306650016442e+01
1.957873195509730735e+01
1.833390430155202822e+01
1.723751303366645615e+01
1.637411614867206566e+01
1.565142242529169891e+01
1.555100567451975380e+01
1.608998400641439019e+01
1.654103962360952451e+01
1.757410819179266070e+01
1.915799548093038496e+01
2.089077907431875403e+01
2.237608917170679845e+01
2.321020137865631838e+01
2.315319523080788144e+01
2.245544587215586319e+01
2.260147559690438612e+01
2.263359869163393157e+01
2.210501773498346978e+01
2.199576247736682078e+01
2.333739847963867931e+01
2.372728099678813862e+01
2.302084918358361421e+01
2.205704444335846404e+01
2.114855596408536798e+01
2.032935368342087656e+01
1.939631956756236519e+01
1.797258123166010790e+01
1.699836096062558255e+01
1.643997495470908277e+01
1.612568265449480620e+01
1.664273015359421137e+01
1.702704468964771323e+01
1.782824089862580053e+01
1.904498992980949978e+01
2.020669229890708962e+01
2.082677937838468551e+01
2.097490102054196015e+01
2.078585594361690170e+01
2.021760912253806808e+01
2.063305917537584477e+01
2.029831656718905109e+01
1.987904643587658171e+01
1.974335465277633972e+01
2.035291811081541979e+01
2.080798611732245718e+01
2.062660756811090934e+01
2.023048635196036926e+01
1.995328252388643619e+01
1.967593277953057296e+01
1.896585774343456521e+01
1.785780623834415692e+01
1.687599527457753013e+01
1.628393462931637004e+01
1.610184554383617694e+01
1.664609118644697361e+01
1.704028492421420182e+01
1.836772253230449437e+01
2.017909603943009955e+01
2.240504086723327859e+01
2.424389813495866264e+01
2.524219981871774010e+01
2.541298233158672915e+01
2.473957274860873667e+01
2.476606438724675741e+01
2.504159705826095106e+01
2.481472481625219828e+01
2.464201137727239654e+01
2.551488791028518222e+01
2.507151535878904625e+01
2.409884263233407609e+01
2.326114136584415348e+01
2.154990980949762047e+01
2.152451730868910218e+01
2.013719956307756576e+01
1.904761849343369562e+01
1.799530491864769033e+01
1.718900923088343191e+01
1.700679600958042315e+01
1.755772058901826327e+01
1.800984065400769651e+01
1.914463098628256787e+01
2.125739380972962422e+01
2.396639064309520606e+01
2.599030326953126391e+01
2.706965074955803985e+01
2.707045934917774588e+01
2.639509859417725224e+01
2.666379549193102250e+01
2.683615058580433654e+01
2.677774691041860677e+01
2.668064759880939363e+01
2.722609054233365811e+01
2.637353596280354040e+01
2.504110491801941052e+01
2.323500602870849008e+01
2.258176225660862357e+01
2.120643402612755324e+01
2.064450973138028544e+01
1.945047597959356622e+01
1.882573932587576593e+01
1.822987360555034186e+01
1.762322514149213504e+01
1.810696954821395011e+01
1.843136760118261819e+01
1.959083415183333443e+01
2.168653041057390141e+01
2.421059658955294580e+01
2.635530654555424945e+01
2.731371334683329266e+01
2.696659412923771981e+01
2.595801919012293979e+01
2.618963783601357775e+01
2.629951719847873193e+01
2.627518625735205759e+01
2.631834981631648063e+01
2.715603862703264326e+01
2.644191166730488263e+01
2.497282375546275546e+01
2.302552083652855686e+01
2.213589559467985168e+01
2.106538643761433249e+01
2.038382385765223503e+01
1.892792131456447180e+01
1.768058224721837490e+01
1.677331533715113565e+01
1.665797326678519852e+01
1.699905560884742428e+01
1.744889059351530136e+01
1.844957545576154345e+01
2.077243722111592206e+01
2.325541968130470138e+01
2.487487027391884453e+01
2.569300000001674533e+01
2.566331093166690280e+01
2.496205192621290792e+01
2.515141639978727639e+01
2.525343779264025557e+01
2.505712257374404928e+01
2.495816120413965677e+01
2.556554919510799095e+01
2.498127004034648024e+01
2.382144469199218761e+01
2.251132558698202857e+01
2.127804492321240204e+01
2.098685506792104150e+01
1.911388708015919846e+01
1.805637672648220970e+01
1.699388914064549638e+01
1.623246790020588293e+01
1.615814605713294227e+01
1.661538541464605956e+01
1.708201489093972469e+01
1.826110272716448790e+01
2.027002966812043638e+01
2.294019694489559313e+01
2.465425078053500485e+01
2.540820017095039773e+01
2.549775934710320513e+01
2.478411909530628776e+01
2.470286709628469879e+01
2.448386811304064636e+01
2.449393278985943923e+01
2.433163238940013429e+01
2.508019304535729432e+01
2.444563900650091881e+01
2.340245394628550812e+01
2.200428046910775137e+01
2.140344557782316315e+01
1.980177856214414334e+01
1.921798722777871760e+01
1.751338097362325641e+01
1.654958373252103954e+01
1.573386155712975132e+01
1.559097879108804818e+01
1.625256139682228707e+01
1.673666038836749337e+01
1.777444670286917372e+01
1.947380199042935800e+01
2.140527183265130162e+01
2.297085646660913838e+01
2.366184516012179273e+01
2.377205520498178615e+01
2.328093705107044542e+01
2.320222347540132901e+01
2.335244627339308110e+01
2.329476640342200611e+01
2.321530119071801579e+01
2.398606136084839591e+01
2.377980505569887271e+01
2.287899162697516786e+01
2.173846653807424900e+01
2.077848880451841396e+01
1.946356815440421073e+01
1.884856766648429627e+01
1.749048863251670127e+01
1.659595541191109902e+01
1.587741668802433104e+01
1.574994559596885857e+01
1.622757216998880381e+01
1.677779892373070680e+01
1.740853541880010980e+01
1.846459531723559522e+01
1.945176734202096824e+01
1.983622130339562872e+01
1.970083555013237486e+01
1.959892414703917396e+01
1.900383735442930089e+01
1.929134256724338670e+01
1.916900325828434148e+01
1.870010721548910837e+01
1.850329460066896559e+01
1.948786099101779357e+01
2.003861761401176622e+01
1.985730833854425725e+01
1.934972092188137083e+01
1.912443202750521110e+01
1.839576683404673929e+01
1.785494960983688273e+01
1.671380755510985239e+01
1.592956501773355349e+01
1.527500253687971821e+01
1.515038439813829640e+01
1.568311288204189147e+01
1.612345807746908832e+01
1.716011238430039043e+01
1.941165917804102747e+01
2.218450145067953372e+01
2.412528796423652722e+01
2.470417528992578937e+01
2.466631084754245862e+01
2.395066808092292732e+01
2.393740817834905954e+01
2.422025208942457652e+01
2.410030524881729264e+01
2.400998256703526224e+01
2.474594038422590714e+01
2.422985995538119042e+01
2.311601883200002661e+01
2.154399406689397267e+01
2.081128712057626728e+01
1.944543247705387756e+01
1.857603107515041785e+01
1.745371266681654632e+01
1.644675396559030389e+01
1.572645624979007550e+01
1.551945592208041091e+01
1.610457298379870039e+01
1.664875821859012461e+01
1.753791338371288333e+01
1.950243997271261875e+01
2.225014330624018299e+01
2.411645383775258011e+01
2.474827236148047405e+01
2.442616456835290606e+01
2.352623464785261476e+01
2.374748608298155261e+01
2.420332912644976631e+01
2.433343869496468770e+01
2.416901768251393179e+01
2.465522315145603471e+01
2.404227894424084866e+01
2.307283554601667674e+01
2.189252708341394538e+01
2.068726118642753065e+01
1.990345964862882866e+01
1.897833181012968851e+01
1.781081327792225721e+01
1.673850041280256917e+01
1.606712861381197399e+01
1.591949329933054891e+01
1.651101937810620868e+01
1.704506874319710263e+01
1.826476803632236923e+01
2.038509376561009745e+01
2.287759560539126369e+01
2.478489540618650011e+01
2.540544283433191453e+01
2.535731697500074233e+01
2.440304754317430636e+01
2.483738775171546109e+01
2.515150136978055784e+01
2.496595048289977115e+01
2.475765500121195473e+01
2.557155959768477160e+01
2.485674436424044842e+01
2.363038330430411094e+01
2.242345346594424527e+01
2.130438924664233014e+01
2.061835708234787390e+01
1.957206081067891290e+01
1.868486962071361290e+01
1.768266748954126655e+01
1.689747738807029265e+01
1.687022863184572330e+01
1.740309518625337049e+01
1.800760099410558368e+01
1.911862673753569553e+01
2.137795782542325895e+01
2.373886736009264098e+01
2.579005412595783753e+01
2.638099435001897675e+01
2.628429511341533242e+01
2.532598818512465755e+01
2.523434013913835017e+01
2.531723113168000694e+01
2.527695283792914793e+01
2.521643716691839998e+01
2.596984703438045727e+01
2.531999521264025432e+01
2.423850675268656829e+01
2.326952823498237066e+01
2.222909546432177663e+01
2.148427577991502702e+01
2.067421248304906101e+01
1.914932299750267219e+01
1.811791701604735394e+01
1.722428687896510979e+01
1.698651430529909589e+01
1.753416547399241310e+01
1.812244016875786201e+01
1.918477283250242138e+01
2.135029768911168802e+01
2.361940761758139118e+01
2.540674583179361434e+01
2.570572497786982424e+01
2.513852394002002910e+01
2.426276614461930237e+01
2.393606990839762361e+01
2.374420004277978435e+01
2.341028983893939142e+01
2.342053326535515367e+01
2.394715040243623960e+01
2.387921867146827637e+01
2.323322758072800553e+01
2.201181544957019298e+01
2.093839705253384054e+01
2.011425746468884412e+01
1.905367927339761636e+01
1.770507844724436453e+01
1.678659798735521491e+01
1.615495135646351343e+01
1.600132212569325318e+01
1.666125555917200884e+01
1.724858306635439575e+01
1.810104104626557842e+01
1.993792832293720707e+01
2.154980799248832213e+01
2.325033989811283419e+01
2.359824298954693589e+01
2.379669635474717992e+01
2.283599181649388399e+01
2.274470310352667823e+01
2.260000679424467407e+01
2.254045510344102254e+01
2.251308233869320219e+01
2.341371518481462388e+01
2.352568303925509596e+01
2.293068776977194645e+01
2.146512446187578504e+01
2.016173654139444338e+01
1.923555966446156873e+01
1.779391805838640650e+01
1.683807260163922948e+01
1.613369006303812370e+01
1.552873471442345554e+01
1.538983603678687295e+01
1.597640864905173430e+01
1.652849310604057465e+01
1.751319927738226312e+01
1.864721648005386712e+01
1.985569326221844833e+01
2.001903653131066108e+01
1.990211142872840355e+01
1.938097831048477815e+01
1.876364006085204750e+01
1.887227298524500796e+01
1.861519618761286665e+01
1.788043425428916677e+01
1.755358976328512455e+01
1.816892203236530534e+01
1.861152977684507093e+01
1.836953896807074216e+01
1.828833795238602633e+01
1.803867164677708246e+01
1.746638999253447366e+01
1.660170922842605989e+01
1.564169063990816433e+01
1.495745009468958742e+01
1.431543576972616627e+01
1.437384418701707567e+01
1.495390824958137443e+01
1.567569566353413002e+01
1.691137758360397214e+01
1.910921572816742753e+01
2.204230873781894218e+01
2.366294401995167007e+01
2.398232583007028396e+01
2.354287584991678983e+01
2.239165636865077147e+01
2.272843264224585980e+01
2.269214489105772614e+01
2.243069000362449827e+01
2.232761463124523615e+01
2.296959948137729413e+01
2.201704977401144347e+01
2.173908504933359254e+01
2.017828540311278829e+01
1.887689429374975703e+01
1.790527509128996542e+01
1.660130337495635189e+01
1.552674415948464315e+01
1.467075811290535015e+01
1.432388200443213400e+01
1.442222162724677581e+01
1.484262084370982215e+01
1.555509121350644719e+01
1.672286665135789008e+01
1.926843492137504654e+01
2.197476865313337768e+01
2.360329347700506730e+01
2.463119360413158176e+01
2.402582029105988681e+01
2.313810428220335069e+01
2.246144668588140547e+01
2.317952513972453232e+01
2.318582009111111120e+01
2.310195328256805780e+01
2.344762585757358409e+01
2.327467767137806831e+01
2.177304459574811446e+01
2.104178565602739326e+01
1.968231150017834352e+01
1.855954388513456621e+01
1.702183989678783860e+01
1.596489921226543984e+01
1.506219820124270292e+01
1.451572287941624673e+01
1.436521964339528523e+01
1.482997853824133827e+01
1.552076334277574432e+01
1.690525789490946806e+01
1.929572349541195209e+01
2.169478290290756206e+01
2.366997914252261737e+01
2.451520161151761101e+01
2.440666423671429897e+01
2.360532409541974985e+01
2.312557456284940827e+01
2.349089716662136951e+01
2.356199481216188119e+01
2.351723202015614689e+01
2.398514992220871278e+01
2.374412158296942721e+01
2.210402678391129427e+01
2.126993595307619245e+01
2.007686426109712485e+01
1.878937432960850629e+01
1.741711574126987117e+01
1.625725660583021437e+01
1.523522763426785609e+01
1.465024119282549897e+01
1.456931408125080551e+01
1.508466023915710252e+01
1.577895277597488821e+01
1.738815189062868782e+01
1.986636900605185119e+01
2.210405269138240669e+01
2.400209523619755458e+01
2.474495108467354143e+01
2.466154975473350319e+01
2.384775873661515178e+01
2.333487979236894461e+01
2.369732294650098225e+01
2.373665652683026650e+01
2.369675946142246659e+01
2.416449603738847429e+01
2.379881011668456736e+01
2.224644585816020737e+01
2.120222399212711295e+01
1.990591377089408098e+01
1.884166182306043424e+01
1.739402973895094462e+01
1.636036054195158229e+01
1.547523898337217751e+01
1.480228117451908076e+01
1.477544493515000390e+01
1.528202402764873646e+01
1.609336493058402340e+01
1.738436206883757151e+01
1.980781626972973086e+01
2.200294707197790345e+01
2.401746820402491522e+01
2.475838394937053621e+01
2.471203413081970268e+01
2.420676992918538417e+01
2.365004853177902433e+01
2.360099433557437720e+01
2.378463931875299409e+01
2.386505089675528524e+01
2.422921752390595884e+01
2.387234651030397004e+01
2.250415714064765993e+01
2.114539110530049371e+01
1.979512225827204830e+01
1.868021503457468668e+01
1.740983298580367844e+01
1.663423221761683024e+01
1.591158862901434823e+01
1.531101527078118707e+01
1.515371997785555891e+01
1.571627600153876791e+01
1.629601240467327017e+01
1.768513162637230351e+01
1.941660240400989679e+01
2.117278149905292395e+01
2.264450542819913892e+01
2.347420165162182926e+01
2.342615769171339934e+01
2.246625169765872343e+01
2.213955724215273690e+01
2.205799329007460940e+01
2.218829719232254050e+01
2.227184067585417182e+01
2.292474443877098267e+01
2.285844253524408387e+01
2.196390290007355972e+01
2.065264439027462728e+01
1.950726529276321131e+01
1.833196246467592516e+01
1.705086241449449602e+01
1.630370148721620183e+01
1.568565237429707437e+01
1.510854044946948527e+01
1.497274426287997606e+01
1.540904735686852867e+01
1.594746402504599558e+01
1.681400347182008304e+01
1.783749823524262368e+01
1.890585012769042805e+01
1.942768567976578709e+01
1.933560852616727388e+01
1.909239439829421769e+01
1.838449434692487827e+01
1.856621065633678924e+01
1.825780191947362852e+01
1.778416915665716047e+01
1.777351213273816199e+01
1.871015984763352336e+01
1.924067769616251056e+01
1.887202844274349189e+01
1.833494412882861369e+01
1.776938242294389170e+01
1.716274409943515877e+01
1.645583721021959178e+01
1.575217394814165850e+01
1.498782946703752117e+01
1.452028051010176135e+01
1.436972173847172840e+01
1.491133568134933185e+01
1.553717265757651234e+01
1.685400142459446826e+01
1.930702497056961420e+01
2.125434606714012276e+01
2.293950311345693649e+01
2.346466146624802818e+01
2.336454678640631499e+01
2.233609407075394060e+01
2.193748282034850661e+01
2.206250835178412828e+01
2.226645774238449960e+01
2.238031831757035306e+01
2.326160950451070164e+01
2.264029277584548794e+01
2.135848248026547580e+01
2.021154020058784084e+01
1.896082465122462679e+01
1.764384364919356685e+01
1.675251381035779730e+01
1.545737544771627014e+01
1.475318180963158277e+01
1.430151229208411401e+01
1.416130639536340219e+01
1.468894363684154492e+01
1.527808182920980151e+01
1.688846678635210097e+01
1.921326076421385665e+01
2.154120884126381696e+01
2.298410234371022298e+01
2.326852254692003541e+01
2.296382349828109426e+01
2.189518727676954057e+01
2.172876182256474920e+01
2.165818981563984735e+01
2.185314540632372626e+01
2.208236849257340140e+01
2.291909278623853297e+01
2.246835543979547722e+01
2.121816004888578178e+01
2.015421102425170830e+01
1.848365705548689775e+01
1.728499546087443761e+01
1.627775700091845579e+01
1.492003776480146016e+01
1.418548062379633201e+01
1.370282005136344949e+01
1.358506482911812618e+01
1.418855403427576967e+01
1.491353274151468078e+01
1.632377344677688313e+01
1.870343318930283871e+01
2.099781582267977242e+01
2.254912933410268039e+01
2.310359983743728662e+01
2.299187486309783424e+01
2.211302820603912522e+01
2.199417374895218913e+01
2.210043882286768735e+01
2.216950891348465902e+01
2.213888924884460963e+01
2.292715195049443722e+01
2.255481955872186006e+01
2.126434568112354029e+01
1.994777835706050695e+01
1.847191499155066197e+01
1.759577713851660263e+01
1.623130134615523446e+01
1.505616064443553981e+01
1.428570805895948226e+01
1.380492400671909081e+01
1.374361501501918781e+01
1.439475683171619202e+01
1.506670124998792382e+01
1.665180240972889791e+01
1.886404384802115075e+01
2.104187119922318416e+01
2.274641013138964496e+01
2.322765079929482468e+01
2.308455699065172340e+01
2.203963025970052669e+01
2.194331410658504922e+01
2.208438371288400504e+01
2.212124359643913252e+01
2.225346157668873559e+01
2.317648778504199214e+01
2.265572115328363623e+01
2.166109542357508744e+01
2.015785092069823747e+01
1.832673648527689991e+01
1.737910961657298259e+01
1.646439659659732868e+01
1.540421665146866204e+01
1.452126220183937555e+01
1.406369253333456015e+01
1.406218786043990399e+01
1.463106830257138569e+01
1.554339737066883664e+01
1.663553887982671498e+01
1.838654030938695527e+01
1.980387594759812586e+01
2.088905111883654087e+01
2.143554320197747387e+01
2.144881073020310680e+01
2.063943507736656713e+01
2.064671281387271051e+01
2.037645655309504633e+01
2.029205550658545931e+01
2.049317306566167929e+01
2.152627408634112527e+01
2.185503724312723506e+01
2.089664622739086752e+01
1.976739036168072516e+01
1.864916541359760416e+01
1.799636639015156803e+01
1.684060876341502677e+01
1.590552523593670031e+01
1.513969311979122701e+01
1.460317395509515670e+01
1.457134934849797858e+01
1.517667217643724875e+01
1.590014752195159708e+01
1.709121385062155696e+01
1.887544010956509055e+01
2.067198398292276806e+01
2.200198491392772127e+01
2.263558674673087978e+01
2.242185590650583649e+01
2.150628842122890205e+01
2.149349521712843725e+01
2.151388653790711558e+01
2.131024791952959418e+01
2.142615987235919661e+01
2.240334794254751216e+01
2.245096959406960124e+01
2.127826412316878901e+01
2.030497418790198338e+01
1.907627881887341914e+01
1.838773479696043012e+01
1.732236947296715002e+01
1.661097124790368085e+01
1.587436492445939429e+01
1.540192509832024470e+01
1.537677959653532334e+01
1.605470995268558099e+01
1.673494478011820874e+01
1.755999039682465934e+01
1.896485302572668630e+01
1.999881117544038744e+01
2.033520023644094366e+01
2.017935077778854236e+01
1.991773631955744506e+01
1.895535708933268637e+01
1.917038769855262714e+01
1.867838957959748925e+01
1.826528858180900627e+01
1.816409383101906627e+01
1.904544677495061222e+01
1.934038060627604949e+01
1.881708494848567170e+01
1.840737195011976723e+01
1.771647517463658872e+01
1.723586834137391222e+01
1.652806027691395840e+01
1.553856764568773308e+01
1.498242305469072733e+01
1.458176645213981182e+01
1.449431065625862125e+01
1.517753533946943101e+01
1.590420624672147021e+01
1.694539614143630502e+01
1.913168228469509557e+01
2.148730364566303663e+01
2.320948629381731720e+01
2.345711650628494738e+01
2.305241575719907487e+01
2.187559469440049753e+01
2.153348124291100518e+01
2.158458927688707973e+01
2.150320977795942312e+01
2.166244002048430417e+01
2.240303950310589087e+01
2.197306796424269493e+01
2.040789839730742727e+01
1.895090602574246574e+01
1.740190499745399677e+01
1.627764272415459601e+01
1.529171485806183384e+01
1.424799616612269126e+01
1.349323897555086305e+01
1.301927573789602555e+01
1.320033041903148252e+01
1.380163027994292868e+01
1.460641326075029234e+01
1.588902515341122701e+01
1.818945583921810183e+01
2.067720219963336348e+01
2.243260400961705514e+01
2.289017570029503901e+01
2.226900367059018393e+01
2.121656136878871024e+01
2.099250260752918606e+01
2.114905765198687604e+01
2.119324670978835456e+01
2.129481340124936395e+01
2.231134366117706946e+01
2.200673501700914514e+01
2.066120071804866853e+01
1.953910572692326397e+01
1.801686248843665084e+01
1.684123351855049933e+01
1.559837617756698336e+01
1.407782696618470375e+01
1.344416810456734801e+01
1.300543809533084882e+01
1.298943688430208354e+01
1.360213883315390149e+01
1.445839709072951429e+01
1.579314474500288057e+01
1.795956285082753823e+01
2.048081074161441606e+01
2.220922152985123788e+01
2.279270471877919135e+01
2.256093410198413451e+01
2.159703387947121200e+01
2.136052881097984013e+01
2.144859786411265290e+01
2.146001574655542754e+01
2.147875714609181941e+01
2.239101040347808080e+01
2.208700514139655624e+01
2.082147395651606203e+01
1.960374425002576970e+01
1.805762851461584617e+01
1.687824646084477820e+01
1.558248494294748454e+01
1.470070811752553297e+01
1.390820073088412911e+01
1.348280558348642622e+01
1.339364154989254274e+01
1.415278396811756600e+01
1.509612073274837307e+01
1.640651323455771049e+01
1.866483555867446498e+01
2.103257214128543851e+01
2.285783266305588057e+01
2.362137634280401244e+01
2.323254341201720763e+01
2.224200345020171099e+01
2.212482555128592665e+01
2.237637757166765340e+01
2.236246290627833133e+01
2.242331144206942284e+01
2.325240682465619813e+01
2.307332475294210283e+01
2.163588882215518794e+01
1.976711065509617171e+01
1.837004623737205122e+01
1.736680073387719858e+01
1.625341080770884972e+01
1.563026067341640513e+01
1.512283648438577544e+01
1.455782517305028279e+01
1.459764703952163245e+01
1.528899594338689916e+01
1.618693409457379317e+01
1.732277308436805541e+01
1.919744543827625449e+01
2.100943989100785814e+01
2.233600271104794643e+01
2.304072950505166517e+01
2.288656561627435693e+01
2.208982897252899136e+01
2.203921091709261049e+01
2.172244713248854708e+01
2.149977493545857499e+01
2.134518813031815654e+01
2.227184986555178625e+01
2.208659218416668324e+01
2.102479938379758551e+01
1.951103266087044830e+01
1.842910672261091420e+01
1.764540178598147691e+01
1.665537082980272388e+01
1.601934566413610739e+01
1.538484231742901542e+01
1.493041650242285456e+01
1.496055609580463575e+01
1.569250774066202858e+01
1.659212630373660602e+01
1.771032780911447091e+01
1.967729760359126701e+01
2.164538418214016602e+01
2.333944498547058544e+01
2.392530822625639075e+01
2.368051752848943536e+01
2.231217389920005445e+01
2.210462386673979651e+01
2.193317730083577288e+01
2.185077147947552589e+01
2.178333142653377053e+01
2.238974937751340732e+01
2.220155557019927883e+01
2.114739597381431224e+01
1.946161051445642798e+01
1.795852169849795033e+01
1.693006475372857622e+01
1.584223316170205820e+01
1.529040018802263567e+01
1.480342823645511174e+01
1.442821101863961175e+01
1.455267342055789115e+01
1.528173120505244142e+01
1.607380327267490827e+01
1.716366558414881993e+01
1.835950154612159579e+01
1.939068871599522836e+01
1.983698462451960154e+01
1.969251680074318145e+01
1.935463154827279197e+01
1.834232269422586725e+01
1.824064459948481698e+01
1.771690799554146878e+01
1.732334538605781660e+01
1.702372629221803990e+01
1.781477207761436077e+01
1.824737226548818469e+01
1.798379277442922941e+01
1.714665437809166804e+01
1.625649873910803223e+01
1.553911102199782235e+01
1.471894690676153061e+01
1.418635092121709107e+01
1.381452291588203707e+01
1.354431469068507710e+01
1.361717432639423819e+01
1.446176102542659692e+01
1.524678353446122969e+01
1.661432865277198090e+01
1.920048074568791918e+01
2.207320677056049973e+01
2.394780030316843877e+01
2.405632435590748841e+01
2.350306983301843644e+01
2.203115418900834754e+01
2.155360113506862874e+01
2.144934243868689450e+01
2.161049692063436112e+01
2.181210806732559959e+01
2.256331132319844457e+01
2.198658895307801941e+01
2.079180648351547589e+01
1.934804882407581061e+01
1.771934617699006509e+01
1.652611622566348970e+01
1.527775325622966740e+01
1.433837953480324501e+01
1.382906403743581691e+01
1.347253659732883690e+01
1.357750902480974098e+01
1.431143626372722721e+01
1.528872765738195127e+01
1.678817461165554903e+01
1.931678973602222982e+01
2.191894897480352356e+01
2.376283398785534473e+01
2.392004996752553936e+01
2.336635275215476426e+01
2.220970339121141279e+01
2.179459726633330519e+01
2.159840753972983052e+01
2.155025559171872018e+01
2.170982756741063469e+01
2.266199368511080792e+01
2.229293826451266014e+01
2.089422464721842587e+01
1.935873332796553470e+01
1.744177688054469755e+01
1.623292820833192351e+01
1.538363937139815185e+01
1.445864376229390125e+01
1.387436932772695464e+01
1.353873254547702842e+01
1.357021643666689137e+01
1.423566473308709845e+01
1.520456290210540473e+01
1.671750996325860328e+01
1.918958637647034493e+01
2.160215232674145369e+01
2.326974956391997296e+01
2.372575591937212280e+01
2.318264150522011136e+01
2.186090455486132100e+01
2.166966670177518850e+01
2.157081669092271525e+01
2.171178786922072135e+01
2.184256926621346651e+01
2.264011977704025469e+01
2.257565531546118720e+01
2.107577003075507704e+01
1.939607218998240867e+01
1.785690147767331482e+01
1.663345368265888879e+01
1.521962344412404988e+01
1.441275078848664926e+01
1.386298269344367107e+01
1.357078517390431927e+01
1.366921033085327508e+01
1.441986358487876885e+01
1.550125230549388178e+01
1.703682168754033199e+01
1.953466110907704945e+01
2.187595594158301182e+01
2.360896606987366653e+01
2.423090365344923214e+01
2.369413542774291770e+01
2.246987720082282891e+01
2.206873959653913531e+01
2.206365795768366667e+01
2.222373904725202465e+01
2.231139285551147111e+01
2.337419011447152428e+01
2.284408002863472120e+01
2.137507013028603708e+01
1.963937451733829676e+01
1.832172035602677695e+01
1.725665014348827953e+01
1.623544647431630850e+01
1.537229703605079045e+01
1.480169145687683141e+01
1.449812777770974037e+01
1.463056597675262971e+01
1.546604740536463574e+01
1.648371321910558507e+01
1.827921806173486274e+01
2.056371732123075802e+01
2.282593404856412889e+01
2.470635627748946916e+01
2.536535038181452606e+01
2.492670779567310291e+01
2.353345623022635280e+01
2.305423053277327838e+01
2.262588034252394920e+01
2.276190524875795163e+01
2.278897136287515224e+01
2.370412952654474381e+01
2.323299516806753928e+01
2.190418835320239310e+01
2.037857431902396144e+01
1.878775032754010610e+01
1.758371147547600444e+01
1.651211929482080620e+01
1.566027033688787107e+01
1.513574788662072201e+01
1.477523740117736040e+01
1.478856261868587296e+01
1.565731120771836693e+01
1.664357418076919970e+01
1.799259984586525007e+01
1.979057458562492045e+01
2.137210837265917007e+01
2.278466187711538282e+01
2.352114285289095008e+01
2.341799428635572156e+01
2.204296141022017252e+01
2.198879254671770411e+01
2.187303456640720611e+01
2.143939536583789618e+01
2.126846894706874025e+01
2.215625863461184508e+01
2.222263092471983015e+01
2.129514245506502945e+01
2.042189205923983053e+01
1.896528147155335731e+01
1.779188157733357656e+01
1.669486394707247356e+01
1.580957498528637473e+01
1.531461551209076966e+01
1.494789708502433712e+01
1.508897962718750385e+01
1.581267402787021759e+01
1.677190366098475138e+01
1.782964769750691048e+01
1.915020797873455649e+01
1.993919232161770694e+01
2.030338582840666461e+01
2.063230425906076348e+01
2.035863768569291210e+01
1.951361957877039899e+01
1.960356976555478070e+01
1.933433358448453632e+01
1.894353749068011439e+01
1.868578062598432510e+01
1.950518549786212574e+01
1.997571965368164371e+01
1.960877486893666344e+01
1.899241316186646600e+01
1.823671336796530085e+01
1.765163561038068352e+01
1.695341226936569612e+01
1.708460427299801054e+01
1.688016365340649116e+01
1.666020418086942456e+01
1.656579946162073469e+01
1.724431682328052062e+01
1.812356747471089946e+01
1.957517771295889020e+01
2.200315957422658286e+01
2.455929497533524142e+01
2.625325362966264819e+01
2.684322466025233922e+01
2.652031493620739511e+01
2.494827164910626038e+01
2.453226943721418962e+01
2.481647056631358339e+01
2.483584405112774363e+01
2.502862901075672397e+01
2.590781537187054795e+01
2.469916696520210309e+01
2.328170879238664881e+01
2.207204915796870992e+01
2.014922554572169844e+01
1.912271512949599384e+01
1.855782112194219380e+01
1.742379460746164099e+01
1.694484205580780767e+01
1.653665936385745638e+01
1.668104305682938460e+01
1.752290394634246695e+01
1.840697863385058852e+01
1.985005048312993381e+01
2.237864097729431734e+01
2.482063438862087779e+01
2.645871377821424986e+01
2.695107391851948719e+01
2.663668464664512570e+01
2.537320195766529451e+01
2.512482638714874739e+01
2.503148357190899276e+01
2.519112462974083400e+01
2.513701179409616770e+01
2.539536169374776975e+01
2.460260340792288858e+01
2.310308860001500619e+01
2.124326059703095737e+01
1.976568310717932420e+01
1.858233501311559621e+01
1.775725227735666678e+01
1.664577477360816005e+01
1.602131133005216412e+01
1.571083460168289214e+01
1.583951872171120634e+01
1.666611544531188116e+01
1.774655352817588394e+01
1.944372744272650166e+01
2.162092584096772185e+01
2.383207540507139655e+01
2.533057619148611295e+01
2.582415132562428894e+01
2.544951128543313601e+01
2.416082687139989105e+01
2.384278312192463645e+01
2.365242012321710163e+01
2.356384901391587761e+01
2.369750597511107060e+01
2.412995407567163397e+01
2.343758173346746432e+01
2.214309961144708794e+01
2.058751827563225589e+01
1.912495803056660293e+01
1.808589933403076344e+01
1.712590650076268517e+01
1.610121425082679281e+01
1.553132458410392580e+01
1.512319409400340042e+01
1.527196225992378231e+01
1.608929209541777183e+01
1.721969858832289901e+01
1.891985779872183571e+01
2.108545808705427760e+01
2.351998930798927390e+01
2.519416169990005372e+01
2.552542333701816446e+01
2.514466935856001584e+01
2.398297764883334082e+01
2.350617120407234140e+01
2.314476601101134534e+01
2.288351816913411696e+01
2.278024289692472948e+01
2.328582701144684819e+01
2.334263694115843890e+01
2.210464317739135964e+01
2.044831787626692332e+01
1.889237254764380580e+01
1.757941850366407976e+01
1.644994004255011433e+01
1.526478449289141714e+01
1.465535046076259640e+01
1.445608705421205897e+01
1.450594773010175764e+01
1.533360801258043615e+01
1.640663110298623906e+01
1.774738221178198216e+01
1.993444837043684359e+01
2.183879988317116982e+01
2.310315286675639257e+01
2.344569970333606079e+01
2.301690345225878431e+01
2.169664981694822714e+01
2.146965114362652116e+01
2.137182376952159046e+01
2.123712622661428995e+01
2.113179873833102107e+01
2.197298472005758541e+01
2.235979419807762270e+01
2.135129807724283779e+01
1.998219593933930227e+01
1.863738089019234678e+01
1.742155425468014229e+01
1.619216696185158710e+01
1.511651263026246106e+01
1.460191036775363749e+01
1.427302964414668551e+01
1.424011810522748434e+01
1.512240240670790925e+01
1.605747750261740592e+01
1.723886590525612306e+01
1.875601899971665532e+01
1.975539624981491826e+01
2.011000231820447581e+01
1.985946505637308945e+01
1.957899259353661137e+01
1.857378599393261709e+01
1.830736620405984993e+01
1.779606612826827927e+01
1.757957877663247714e+01
1.744731164228817377e+01
1.802462361433881455e+01
1.885014571026324859e+01
1.859137290322689751e+01
1.804863197109380835e+01
1.734372728318421863e+01
1.656204079467982027e+01
1.571175536411500318e+01
1.489473286035670085e+01
1.436832251616469591e+01
1.399540145103395083e+01
1.429064617816685434e+01
1.518062382572464486e+01
1.632144011714478182e+01
1.790265370644987897e+01
2.075701668774810926e+01
2.355102963685382278e+01
2.537417249749558934e+01
2.559582851647474655e+01
2.490588306985189604e+01
2.341583660698792713e+01
2.327567301872881700e+01
2.333662939009355597e+01
2.318723710950046879e+01
2.303183258200028405e+01
2.393151079674527892e+01
2.364705130919784182e+01
2.208611492688986999e+01
2.065314211424482238e+01
1.903026783910025088e+01
1.772683136375559698e+01
1.645615685715985421e+01
1.532278297345071216e+01
1.467206672885835417e+01
1.433717183377755866e+01
1.449960290184117184e+01
1.541915332917293924e+01
1.651280865133735531e+01
1.818826201613153870e+01
2.084896412460884818e+01
2.354747414896429447e+01
2.518835317064560542e+01
2.553532294915978440e+01
2.500565652729613220e+01
2.376269946541907530e+01
2.351306299568586056e+01
2.364307091501830982e+01
2.351640560962104942e+01
2.343570735200567157e+01
2.405965214569472721e+01
2.402260767005994779e+01
2.290932549884857750e+01
2.130079280428141786e+01
1.965600115456486563e+01
1.837131770030416433e+01
1.709839363283251501e+01
1.602481232770957220e+01
1.531638295876278377e+01
1.488211554735593722e+01
1.508476651966105919e+01
1.596464094708514025e+01
1.707895886580899969e+01
1.858863675437916640e+01
2.103296356141310142e+01
2.368939156967753590e+01
2.531743373021792465e+01
2.568539446628271250e+01
2.511950522101307470e+01
2.394147524597719823e+01
2.359064913480974823e+01
2.352857301957319081e+01
2.341441569473582263e+01
2.325858435257499579e+01
2.382201440262011261e+01
2.383548632614583340e+01
2.255829175061167646e+01
2.091695657010266274e+01
1.916751690395916086e+01
1.767264280312013014e+01
1.647191179068081723e+01
1.546981050121569012e+01
1.481052189801863506e+01
1.443925511270996509e+01
1.458412260154598350e+01
1.546133466229222009e+01
1.661021074212966653e+01
1.826983223611727425e+01
2.067346559153111585e+01
2.309843387008784177e+01
2.471790514424697704e+01
2.465976011251385458e+01
2.425552639873288996e+01
2.296791392474543514e+01
2.256164201310068762e+01
2.248391998470244246e+01
2.233362822281142712e+01
2.198641350860860655e+01
2.276450303818584686e+01
2.300823659314446701e+01
2.202633607929911363e+01
2.061554928292413180e+01
1.905888565570231918e+01
1.769503753677276237e+01
1.655879534389073626e+01
1.538165240361680297e+01
1.455925707789555901e+01
1.421034105642498879e+01
1.427598212602854666e+01
1.517251085892485740e+01
1.630604784425976916e+01
1.796111622664196616e+01
2.050767010954912095e+01
2.287625428692453156e+01
2.446600729794368689e+01
2.517424036711887325e+01
2.466245221322835945e+01
2.344235335278368737e+01
2.320114292341805751e+01
2.294621428637723071e+01
2.277373623097250643e+01
2.262321006368948417e+01
2.317891743916913683e+01
2.345212881341054967e+01
2.236306688601098003e+01
2.089257967632679680e+01
1.926727728567658104e+01
1.795013459875418604e+01
1.671993224165980507e+01
1.551601963924023764e+01
1.481169116244222650e+01
1.446005832431233706e+01
1.460006962372168360e+01
1.540345191846889961e+01
1.665361105074000747e+01
1.804500080382987903e+01
2.000880522829292474e+01
2.168229106923886462e+01
2.296614121945622244e+01
2.370344534836467432e+01
2.347579824860267195e+01
2.210089384657619149e+01
2.184480086940886423e+01
2.165068789864486476e+01
2.148832709055821510e+01
2.114305085241607784e+01
2.179683315336500016e+01
2.241733780795792796e+01
2.174945961498478653e+01
2.078178559908465672e+01
1.936414123018743894e+01
1.815598618863090863e+01
1.700899262221120978e+01
1.586256556064403611e+01
1.514616710592777338e+01
1.484143567870544800e+01
1.494669052664466591e+01
1.566926702394829718e+01
1.652767546078042216e+01
1.765688411734916130e+01
1.921336375654363593e+01
2.029525449191001840e+01
2.063616479771689072e+01
2.057234890490531853e+01
2.019820229911874776e+01
1.911050716497070212e+01
1.913209273685164646e+01
1.864764498672192872e+01
1.819469544878798928e+01
1.790702551508690021e+01
1.821923283346376010e+01
1.879963121466717979e+01
1.872834439771270354e+01
1.803747900548200889e+01
1.719148420335335103e+01
1.629906693455879463e+01
1.524400846086785677e+01
1.450970106775979396e+01
1.394528908459579419e+01
1.358886724856227168e+01
1.363806754204437865e+01
1.446519740940261123e+01
1.545982884644194044e+01
1.705059702558213175e+01
1.978400423401912889e+01
2.257903920011071008e+01
2.420056341364355035e+01
2.450103015852897670e+01
2.402075077239424417e+01
2.266841467232129403e+01
2.227911747237620332e+01
2.223715873205867410e+01
2.192409660606229593e+01
2.173927026080224323e+01
2.235243737868027125e+01
2.250886209437959451e+01
2.145090706315734863e+01
2.014104681193760982e+01
1.848019815672683563e+01
1.714223629670586746e+01
1.578652918199716382e+01
1.476363992362300337e+01
1.410865866210815867e+01
1.361816735720824489e+01
1.359846014697462202e+01
1.442027603997312113e+01
1.536045135437977116e+01
1.687294930183247743e+01
1.872553276729951222e+01
1.994478378217923975e+01
2.034441258474965863e+01
1.973517726838633379e+01
1.894164324582985159e+01
1.791214562828804446e+01
1.747246014372511880e+01
1.698028661893609126e+01
1.663939482682486570e+01
1.645157943760838748e+01
1.728819654950802942e+01
1.813819167037065938e+01
1.804712738007715345e+01
1.754511103589509702e+01
1.664070346914229859e+01
1.562853291467605921e+01
1.455067652156173530e+01
1.352858731908549217e+01
1.286111158220198547e+01
1.247646634322602388e+01
1.262310268704230865e+01
1.335646897624381424e+01
1.435215553830610702e+01
1.588758191763542627e+01
1.877314413358438117e+01
2.153091328755463607e+01
2.356776804004396908e+01
2.424077503994355354e+01
2.371683394170617021e+01
2.214240365931614463e+01
2.177494529707743709e+01
2.164614318156973383e+01
2.170717233518837119e+01
2.163691304360989420e+01
2.224258587297628509e+01
2.228557491564142268e+01
2.098973372513202662e+01
1.963367812602950835e+01
1.795709426582815382e+01
1.651701500762409225e+01
1.508125701116786921e+01
1.394990945181773512e+01
1.320730294123130300e+01
1.274854699763777433e+01
1.271827979796206165e+01
1.352456536651891028e+01
1.457265527031728070e+01
1.631049345760731129e+01
1.909214252390924216e+01
2.171724441494231783e+01
2.364119015111257838e+01
2.431359219095419277e+01
2.417620508404116819e+01
2.281352638368500862e+01
2.209170822869413087e+01
2.217242127382082728e+01
2.204332476892277981e+01
2.183476544608608805e+01
2.236193418158002544e+01
2.228925045173807362e+01
2.105942885673402287e+01
1.988641032915102969e+01
1.817971417771916265e+01
1.675343775923733247e+01
1.533708542215049597e+01
1.417216280712381149e+01
1.331084711706071566e+01
1.289755533842401292e+01
1.312255529392508890e+01
1.395517934354616685e+01
1.505757822473184682e+01
1.679302675208983331e+01
1.963235932869927325e+01
2.227402355404857559e+01
2.405136001330199136e+01
2.476297705047334929e+01
2.446673830438502506e+01
2.321453708777168856e+01
2.279041766865673679e+01
2.252210005006011073e+01
2.241783901174373383e+01
2.208367960717445655e+01
2.261852195539061228e+01
2.268205701101120297e+01
2.148711427576657940e+01
2.020725424300076867e+01
1.863678948657668499e+01
1.716922842705566765e+01
1.569976177806713125e+01
1.446274859249421851e+01
1.371628683148561123e+01
1.326066887240173564e+01
1.332211698168736014e+01
1.419634519869649836e+01
1.517665281260529220e+01
1.667283473010499151e+01
1.894478529579733106e+01
2.106767424844838743e+01
2.284888003619695240e+01
2.370663084267444276e+01
2.362979830575223161e+01
2.215854313514742913e+01
2.181039000638135761e+01
2.144260471305702964e+01
2.121825772509667374e+01
2.108652251795002996e+01
2.159996991776159803e+01
2.199405625812433485e+01
2.089758347960824736e+01
1.963940527619844900e+01
1.799454665556100963e+01
1.653109080028055899e+01
