4.614651879389860056e+01
4.477162891549637180e+01
4.610983031333652349e+01
4.341045774277070279e+01
4.530410998981422921e+01
4.461562284085265873e+01
4.458662575652391524e+01
4.612536621861434583e+01
4.659145571605413494e+01
4.715996070097343562e+01
4.151238798580154565e+01
4.484601136503891183e+01
4.567193422248016788e+01
4.583376931837157997e+01
4.675913324661041770e+01
4.873394471280052187e+01
4.768283585199045405e+01
4.439904034350996653e+01
5.203523478685227843e+01
5.366131610962438003e+01
5.159016179663889545e+01
4.995574504657957249e+01
4.681978248911497786e+01
4.158974477936366299e+01
4.722489807271521300e+01
4.933994503975108614e+01
4.986376322679809192e+01
4.850728474791980460e+01
4.851450349247697602e+01
4.723074668259209119e+01
4.262827585140037456e+01
4.552869754893797705e+01
4.019203028061542682e+01
4.370053198205243916e+01
4.522262720521145951e+01
4.648326589700942435e+01
