1.736574951171875000e+03
1.970314575195312500e+03
2.231134521484375000e+03
2.444623046875000000e+03
2.529263916015625000e+03
2.517893310546875000e+03
2.481179443359375000e+03
2.414531250000000000e+03
2.494017333984375000e+03
2.486023437500000000e+03
2.376052978515625000e+03
2.325959228515625000e+03
2.309400390625000000e+03
2.290423828125000000e+03
2.163272216796875000e+03
2.128957031250000000e+03
2.068479003906250000e+03
1.959387451171875000e+03
1.888279785156250000e+03
1.767111206054687500e+03
1.702085449218750000e+03
1.614598632812500000e+03
1.635747314453125000e+03
1.735736083984375000e+03
1.796354858398437500e+03
1.940823364257812500e+03
2.165160644531250000e+03
2.396233886718750000e+03
2.486486083984375000e+03
2.485500976562500000e+03
2.392659912109375000e+03
2.345056640625000000e+03
2.415251464843750000e+03
2.381621093750000000e+03
2.338108642578125000e+03
2.297209472656250000e+03
2.284419677734375000e+03
2.352606689453125000e+03
2.265959472656250000e+03
2.242998779296875000e+03
2.222327880859375000e+03
2.162719970703125000e+03
2.056370605468750000e+03
1.916693847656250000e+03
1.833118041992187500e+03
1.800439453125000000e+03
1.796988525390625000e+03
1.835058837890625000e+03
1.839766845703125000e+03
1.884350830078125000e+03
1.956405639648437500e+03
2.064318603515625000e+03
2.192006103515625000e+03
2.214520751953125000e+03
2.189072998046875000e+03
2.135255126953125000e+03
2.121046142578125000e+03
2.093041015625000000e+03
2.002999267578125000e+03
2.016481445312500000e+03
2.105081054687500000e+03
2.234981933593750000e+03
2.231704833984375000e+03
2.183405761718750000e+03
2.173578857421875000e+03
2.099119873046875000e+03
1.998478515625000000e+03
1.844775756835937500e+03
1.806403198242187500e+03
1.751643798828125000e+03
1.737958862304687500e+03
1.799251708984375000e+03
1.802054809570312500e+03
1.953880371093750000e+03
2.194477539062500000e+03
2.484542968750000000e+03
2.640295654296875000e+03
2.625479492187500000e+03
2.528031494140625000e+03
2.402608886718750000e+03
2.473946533203125000e+03
2.431419677734375000e+03
2.356330566406250000e+03
2.292510253906250000e+03
2.290857666015625000e+03
2.319177734375000000e+03
2.213088623046875000e+03
2.217815673828125000e+03
2.147122802734375000e+03
2.068895019531250000e+03
1.952607543945312500e+03
1.808023681640625000e+03
1.755618530273437500e+03
1.700760620117187500e+03
1.718478637695312500e+03
1.795117187500000000e+03
1.845783447265625000e+03
2.043199218750000000e+03
2.275960449218750000e+03
2.504792724609375000e+03
2.564621337890625000e+03
2.565511718750000000e+03
2.458122070312500000e+03
2.457179931640625000e+03
2.533547607421875000e+03
2.484933593750000000e+03
2.440226806640625000e+03
2.378808593750000000e+03
2.322324462890625000e+03
2.333355957031250000e+03
2.252207031250000000e+03
2.212430908203125000e+03
2.187864013671875000e+03
2.129531250000000000e+03
2.007623535156250000e+03
1.871054321289062500e+03
1.809645263671875000e+03
1.759423461914062500e+03
1.753050781250000000e+03
1.796735717773437500e+03
1.872058837890625000e+03
2.037113037109375000e+03
2.288637451171875000e+03
2.576977539062500000e+03
2.678948730468750000e+03
2.645696044921875000e+03
2.557266113281250000e+03
2.534417724609375000e+03
2.640170654296875000e+03
2.654480468750000000e+03
2.499686279296875000e+03
2.430064208984375000e+03
2.430594238281250000e+03
2.423095458984375000e+03
2.321306884765625000e+03
2.265144042968750000e+03
2.248072021484375000e+03
2.181255126953125000e+03
2.035147705078125000e+03
1.902925537109375000e+03
1.816940917968750000e+03
1.764237548828125000e+03
1.776604125976562500e+03
1.814469726562500000e+03
1.849808715820312500e+03
2.005814697265625000e+03
2.262500732421875000e+03
2.508094970703125000e+03
2.615746582031250000e+03
2.634731933593750000e+03
2.517357910156250000e+03
2.463899414062500000e+03
2.552688964843750000e+03
2.529026123046875000e+03
2.453925048828125000e+03
2.382990722656250000e+03
2.392290039062500000e+03
2.359551513671875000e+03
2.284944335937500000e+03
2.271469238281250000e+03
2.246621337890625000e+03
2.194432373046875000e+03
2.054420410156250000e+03
1.910650268554687500e+03
1.841238403320312500e+03
1.789978027343750000e+03
1.786084716796875000e+03
1.842753662109375000e+03
1.879053833007812500e+03
2.061459472656250000e+03
2.319810302734375000e+03
2.541552734375000000e+03
2.663523193359375000e+03
2.717638183593750000e+03
2.653189697265625000e+03
2.553704101562500000e+03
2.666274169921875000e+03
2.619577148437500000e+03
2.473675048828125000e+03
2.392628662109375000e+03
2.345023437500000000e+03
2.296201171875000000e+03
2.172033203125000000e+03
2.141234130859375000e+03
2.096231201171875000e+03
2.041898315429687500e+03
1.932998046875000000e+03
1.807447021484375000e+03
1.739320312500000000e+03
1.679265625000000000e+03
1.677987426757812500e+03
1.737253540039062500e+03
1.779314819335937500e+03
1.880924072265625000e+03
2.061354492187500000e+03
2.277997070312500000e+03
2.393119140625000000e+03
2.380260498046875000e+03
2.307600097656250000e+03
2.230792480468750000e+03
2.244365478515625000e+03
2.189325927734375000e+03
2.110556640625000000e+03
2.125015869140625000e+03
2.168191406250000000e+03
2.183992187500000000e+03
2.119256835937500000e+03
2.061696289062500000e+03
2.002107666015625000e+03
1.937657958984375000e+03
1.839145629882812500e+03
1.734619140625000000e+03
1.673316162109375000e+03
1.648695312500000000e+03
1.638360229492187500e+03
1.699026855468750000e+03
1.707756469726562500e+03
1.794678100585937500e+03
1.885564208984375000e+03
1.990393310546875000e+03
2.023955322265625000e+03
2.051539550781250000e+03
1.994197631835937500e+03
1.943620117187500000e+03
1.929148071289062500e+03
1.881310668945312500e+03
1.878006591796875000e+03
1.897192138671875000e+03
1.980780639648437500e+03
2.116517333984375000e+03
2.008610595703125000e+03
2.007157714843750000e+03
1.974382446289062500e+03
1.935415283203125000e+03
1.813901123046875000e+03
1.723597290039062500e+03
1.645775024414062500e+03
1.630518676757812500e+03
1.633324951171875000e+03
1.729522949218750000e+03
1.755362915039062500e+03
1.950079101562500000e+03
2.202724853515625000e+03
2.460010742187500000e+03
2.551693847656250000e+03
2.519611816406250000e+03
2.437810058593750000e+03
2.365090087890625000e+03
2.400582275390625000e+03
2.339830566406250000e+03
2.247456054687500000e+03
2.207367431640625000e+03
2.213866210937500000e+03
2.185037109375000000e+03
2.058832519531250000e+03
2.013138793945312500e+03
1.897434570312500000e+03
1.834990356445312500e+03
1.759180297851562500e+03
1.669666992187500000e+03
1.625529907226562500e+03
1.576883911132812500e+03
1.587089599609375000e+03
1.669398315429687500e+03
1.729916748046875000e+03
1.941189331054687500e+03
2.217832275390625000e+03
2.447370605468750000e+03
2.524704589843750000e+03
2.487571777343750000e+03
2.405008300781250000e+03
2.333112060546875000e+03
2.368487548828125000e+03
2.342474365234375000e+03
2.272748779296875000e+03
2.243663330078125000e+03
2.249792236328125000e+03
2.218029296875000000e+03
2.105800781250000000e+03
2.036756347656250000e+03
1.952253662109375000e+03
1.878775268554687500e+03
1.846676269531250000e+03
1.647332763671875000e+03
1.638142578125000000e+03
1.579788574218750000e+03
1.656098876953125000e+03
1.669932128906250000e+03
1.695906982421875000e+03
1.957200195312500000e+03
2.183809326171875000e+03
2.436086914062500000e+03
2.586424072265625000e+03
2.564161865234375000e+03
2.430141357421875000e+03
2.299395019531250000e+03
2.356084472656250000e+03
2.333270263671875000e+03
2.250148681640625000e+03
2.222998046875000000e+03
2.232530761718750000e+03
2.213244873046875000e+03
2.116955566406250000e+03
2.072964355468750000e+03
1.985885253906250000e+03
1.903648803710937500e+03
1.816019042968750000e+03
1.706865112304687500e+03
1.650582519531250000e+03
1.599101074218750000e+03
1.614511474609375000e+03
1.707299560546875000e+03
1.788336791992187500e+03
2.006833129882812500e+03
2.231499267578125000e+03
2.486308593750000000e+03
2.534916992187500000e+03
2.479158935546875000e+03
2.368729492187500000e+03
2.274502929687500000e+03
2.282274902343750000e+03
2.242565185546875000e+03
2.209974365234375000e+03
2.184935791015625000e+03
2.232006347656250000e+03
2.181145019531250000e+03
2.047843750000000000e+03
1.979338256835937500e+03
1.911030151367187500e+03
1.839508789062500000e+03
1.753806640625000000e+03
1.665268676757812500e+03
1.626311523437500000e+03
1.614663452148437500e+03
1.611706787109375000e+03
1.701187744140625000e+03
1.773700195312500000e+03
1.980286743164062500e+03
2.232888671875000000e+03
2.465938476562500000e+03
2.505165039062500000e+03
2.429624755859375000e+03
2.358993896484375000e+03
2.297279541015625000e+03
2.296797363281250000e+03
2.240965820312500000e+03
2.218907958984375000e+03
2.186420166015625000e+03
2.209322265625000000e+03
2.200570312500000000e+03
2.088824462890625000e+03
2.014935546875000000e+03
1.854507446289062500e+03
1.834970092773437500e+03
1.737488525390625000e+03
1.677568115234375000e+03
1.633185913085937500e+03
1.582703002929687500e+03
1.615778686523437500e+03
1.671294189453125000e+03
1.757109863281250000e+03
1.864104980468750000e+03
2.063497802734375000e+03
2.327517578125000000e+03
2.396785644531250000e+03
2.341547851562500000e+03
2.320703125000000000e+03
2.215971923828125000e+03
2.217902832031250000e+03
2.167701416015625000e+03
2.141575927734375000e+03
2.143846679687500000e+03
2.209972167968750000e+03
2.218180419921875000e+03
2.082267089843750000e+03
2.011477905273437500e+03
1.929234130859375000e+03
1.849740234375000000e+03
1.771124877929687500e+03
1.670445678710937500e+03
1.609134887695312500e+03
1.582673461914062500e+03
1.608230224609375000e+03
1.671074829101562500e+03
1.690004516601562500e+03
1.784366943359375000e+03
1.882912841796875000e+03
1.988999145507812500e+03
2.103686035156250000e+03
2.074940185546875000e+03
2.028044921875000000e+03
1.971156860351562500e+03
1.973963134765625000e+03
1.933966796875000000e+03
1.934364135742187500e+03
1.943418090820312500e+03
2.055076904296875000e+03
2.113411865234375000e+03
2.028028808593750000e+03
1.910604858398437500e+03
2.029969360351562500e+03
1.906840576171875000e+03
1.810402465820312500e+03
1.717871704101562500e+03
1.651445068359375000e+03
1.628981933593750000e+03
1.637905273437500000e+03
1.737629882812500000e+03
1.801656860351562500e+03
2.032643066406250000e+03
2.341395996093750000e+03
2.601732177734375000e+03
2.669970458984375000e+03
2.608513916015625000e+03
2.518304931640625000e+03
2.501867431640625000e+03
2.536006103515625000e+03
2.490363769531250000e+03
2.376182861328125000e+03
2.371827392578125000e+03
2.344876708984375000e+03
2.261757568359375000e+03
2.137390136718750000e+03
2.050832275390625000e+03
1.982118408203125000e+03
1.895926635742187500e+03
1.798750488281250000e+03
1.692235595703125000e+03
1.631773559570312500e+03
1.603096801757812500e+03
1.636591918945312500e+03
1.726313354492187500e+03
1.816341796875000000e+03
1.997887817382812500e+03
2.274262695312500000e+03
2.504843994140625000e+03
2.575044677734375000e+03
2.539263183593750000e+03
2.436274658203125000e+03
2.356424316406250000e+03
2.379101806640625000e+03
2.332924560546875000e+03
2.286351318359375000e+03
2.283705810546875000e+03
2.295924804687500000e+03
2.244585205078125000e+03
2.120798583984375000e+03
2.020782470703125000e+03
1.905894287109375000e+03
1.798065917968750000e+03
1.723084472656250000e+03
1.640234985351562500e+03
1.601313354492187500e+03
1.574161376953125000e+03
1.592628906250000000e+03
1.671097167968750000e+03
1.735818237304687500e+03
1.940062011718750000e+03
2.176481933593750000e+03
2.380263916015625000e+03
2.439460449218750000e+03
2.403082519531250000e+03
2.314391845703125000e+03
2.223577636718750000e+03
2.204806396484375000e+03
2.132044189453125000e+03
2.084243652343750000e+03
2.110009033203125000e+03
2.150043945312500000e+03
2.143776611328125000e+03
2.024401855468750000e+03
1.934796875000000000e+03
1.841835571289062500e+03
1.731237060546875000e+03
1.646855957031250000e+03
1.570819091796875000e+03
1.539797607421875000e+03
1.526669921875000000e+03
1.544201416015625000e+03
1.641716430664062500e+03
1.735819213867187500e+03
1.997845703125000000e+03
2.270000488281250000e+03
2.487438232421875000e+03
2.567842041015625000e+03
2.529177001953125000e+03
2.439557861328125000e+03
2.376937255859375000e+03
2.411237060546875000e+03
2.369892578125000000e+03
2.314469238281250000e+03
2.291290039062500000e+03
2.314089111328125000e+03
2.267812011718750000e+03
2.127172607421875000e+03
2.018299072265625000e+03
1.910744873046875000e+03
1.835758544921875000e+03
1.717391723632812500e+03
1.633839599609375000e+03
1.588505126953125000e+03
1.564899047851562500e+03
1.596923217773437500e+03
1.702259033203125000e+03
1.790016601562500000e+03
2.040000000000000000e+03
2.338594726562500000e+03
2.550744628906250000e+03
2.613881591796875000e+03
2.552685058593750000e+03
2.420125488281250000e+03
2.404419921875000000e+03
2.422404541015625000e+03
2.387908935546875000e+03
2.331118164062500000e+03
2.295752441406250000e+03
2.306544677734375000e+03
2.251320312500000000e+03
2.120928222656250000e+03
2.013152099609375000e+03
1.926750976562500000e+03
1.842334716796875000e+03
1.736849609375000000e+03
1.653385009765625000e+03
1.602777709960937500e+03
1.569251220703125000e+03
1.610801757812500000e+03
1.680320556640625000e+03
1.762350708007812500e+03
1.904933105468750000e+03
2.126551513671875000e+03
2.333922607421875000e+03
2.416583740234375000e+03
2.400383544921875000e+03
2.290526611328125000e+03
2.208078857421875000e+03
2.234560058593750000e+03
2.204555419921875000e+03
2.167188232421875000e+03
2.154517089843750000e+03
2.216018554687500000e+03
2.246609375000000000e+03
2.113650878906250000e+03
2.037401611328125000e+03
1.965303955078125000e+03
1.861177001953125000e+03
1.781563720703125000e+03
1.683578247070312500e+03
1.630325683593750000e+03
1.606571044921875000e+03
1.610733398437500000e+03
1.689554565429687500e+03
1.732697265625000000e+03
1.816178100585937500e+03
1.913948242187500000e+03
2.056959228515625000e+03
2.092696289062500000e+03
2.069363281250000000e+03
2.030662963867187500e+03
1.970166015625000000e+03
1.955146728515625000e+03
1.950649414062500000e+03
1.933270507812500000e+03
1.952294921875000000e+03
2.054385253906250000e+03
2.146397216796875000e+03
2.038007568359375000e+03
2.033020751953125000e+03
1.983694458007812500e+03
1.914515502929687500e+03
1.800160766601562500e+03
1.705093750000000000e+03
1.662177124023437500e+03
1.644003662109375000e+03
1.636657348632812500e+03
1.742764526367187500e+03
1.775471435546875000e+03
1.997108886718750000e+03
2.306946289062500000e+03
2.534575683593750000e+03
2.572424804687500000e+03
2.562744873046875000e+03
2.495928222656250000e+03
2.362613769531250000e+03
2.426327392578125000e+03
2.398929687500000000e+03
2.326754638671875000e+03
2.315177246093750000e+03
2.323688964843750000e+03
2.295504882812500000e+03
2.168691162109375000e+03
2.072877685546875000e+03
1.987522460937500000e+03
1.901227905273437500e+03
1.845119995117187500e+03
1.706201904296875000e+03
1.668788330078125000e+03
1.635250610351562500e+03
1.661637451171875000e+03
1.704910278320312500e+03
1.821217285156250000e+03
2.003948364257812500e+03
2.294781982421875000e+03
2.501868408203125000e+03
2.634246093750000000e+03
2.592755615234375000e+03
2.476263671875000000e+03
2.399601318359375000e+03
2.478915771484375000e+03
2.459722656250000000e+03
2.400450683593750000e+03
2.358005615234375000e+03
2.342844970703125000e+03
2.342748779296875000e+03
2.193626953125000000e+03
2.107443603515625000e+03
2.046369506835937500e+03
1.965923339843750000e+03
1.853171020507812500e+03
1.759176879882812500e+03
1.663769287109375000e+03
1.645852905273437500e+03
1.639114135742187500e+03
1.740104248046875000e+03
1.779211059570312500e+03
2.052194335937500000e+03
2.323865234375000000e+03
2.543929687500000000e+03
2.661193359375000000e+03
2.606149658203125000e+03
2.505393066406250000e+03
2.425549804687500000e+03
2.499470703125000000e+03
2.472441162109375000e+03
2.399901611328125000e+03
2.346447021484375000e+03
2.354114257812500000e+03
2.328737304687500000e+03
2.174432861328125000e+03
2.136097900390625000e+03
2.075786376953125000e+03
1.967723266601562500e+03
1.879791870117187500e+03
1.768478393554687500e+03
1.711672241210937500e+03
1.671552490234375000e+03
1.658403198242187500e+03
1.766967529296875000e+03
1.828120605468750000e+03
2.050048339843750000e+03
2.321441162109375000e+03
2.594711669921875000e+03
2.649027587890625000e+03
2.595941650390625000e+03
2.440711425781250000e+03
2.409298095703125000e+03
2.468891357421875000e+03
2.447276855468750000e+03
2.392219238281250000e+03
2.354369873046875000e+03
2.398641113281250000e+03
2.364974121093750000e+03
2.244525390625000000e+03
2.174011718750000000e+03
2.113465087890625000e+03
1.975882568359375000e+03
1.864840087890625000e+03
1.795509521484375000e+03
1.738900024414062500e+03
1.723790039062500000e+03
1.746984252929687500e+03
1.828763916015625000e+03
1.879914306640625000e+03
1.947856933593750000e+03
2.076809082031250000e+03
2.233807861328125000e+03
2.303155517578125000e+03
2.288499511718750000e+03
2.368385009765625000e+03
2.222825195312500000e+03
2.259433593750000000e+03
2.262649414062500000e+03
2.223146484375000000e+03
2.231963378906250000e+03
2.331121093750000000e+03
2.318516113281250000e+03
2.259233398437500000e+03
2.203680908203125000e+03
2.143645996093750000e+03
2.083007812500000000e+03
1.967961303710937500e+03
1.846404785156250000e+03
1.774529663085937500e+03
1.733919189453125000e+03
1.747977416992187500e+03
1.805965454101562500e+03
1.857970947265625000e+03
2.015803344726562500e+03
2.286167480468750000e+03
2.545864990234375000e+03
2.649673339843750000e+03
2.609253173828125000e+03
2.510801025390625000e+03
2.434038085937500000e+03
2.512831787109375000e+03
2.472708740234375000e+03
2.394061035156250000e+03
2.382598144531250000e+03
2.413547851562500000e+03
2.254218017578125000e+03
2.172861572265625000e+03
2.098299560546875000e+03
2.018762573242187500e+03
1.950846435546875000e+03
1.863629150390625000e+03
1.769985229492187500e+03
1.696630859375000000e+03
1.640099853515625000e+03
1.616116943359375000e+03
1.703906250000000000e+03
1.702027465820312500e+03
1.801386840820312500e+03
1.881459594726562500e+03
2.017333007812500000e+03
2.096679199218750000e+03
2.066867187500000000e+03
2.053040039062500000e+03
1.973804077148437500e+03
1.941933837890625000e+03
1.931658691406250000e+03
1.911288818359375000e+03
1.978729003906250000e+03
2.123724853515625000e+03
2.104294189453125000e+03
2.063469238281250000e+03
2.025231201171875000e+03
1.977528198242187500e+03
1.926549682617187500e+03
1.809641113281250000e+03
1.712494995117187500e+03
1.665796508789062500e+03
1.646459350585937500e+03
1.661618286132812500e+03
1.771655639648437500e+03
1.838040527343750000e+03
2.055988037109375000e+03
2.385225830078125000e+03
2.614618896484375000e+03
2.667228271484375000e+03
2.628358398437500000e+03
2.452028076171875000e+03
2.441352294921875000e+03
2.503770507812500000e+03
2.469156738281250000e+03
2.409616210937500000e+03
2.376871337890625000e+03
2.384637939453125000e+03
2.324591308593750000e+03
2.184018310546875000e+03
2.101625976562500000e+03
2.022696533203125000e+03
1.965671142578125000e+03
1.856828125000000000e+03
1.753993652343750000e+03
1.674451416015625000e+03
1.646696289062500000e+03
1.671590454101562500e+03
1.757506591796875000e+03
1.855459960937500000e+03
2.033546630859375000e+03
2.365999267578125000e+03
2.641901855468750000e+03
2.703121093750000000e+03
2.643197753906250000e+03
2.551121582031250000e+03
2.529804931640625000e+03
2.591574462890625000e+03
2.574082275390625000e+03
2.496949462890625000e+03
2.446187255859375000e+03
2.435609375000000000e+03
2.366747314453125000e+03
2.244902343750000000e+03
2.152970214843750000e+03
2.098221923828125000e+03
2.030868530273437500e+03
1.906039428710937500e+03
1.791022094726562500e+03
1.744388793945312500e+03
1.690172241210937500e+03
1.703662841796875000e+03
1.811767211914062500e+03
1.884004638671875000e+03
2.086761474609375000e+03
2.423104003906250000e+03
2.678934570312500000e+03
2.758856201171875000e+03
2.704339111328125000e+03
2.602877929687500000e+03
2.594939453125000000e+03
2.663445556640625000e+03
2.641139648437500000e+03
2.576013183593750000e+03
2.521528076171875000e+03
2.484628906250000000e+03
2.416947265625000000e+03
2.282667236328125000e+03
2.193915771484375000e+03
2.157916992187500000e+03
2.091617431640625000e+03
1.991677490234375000e+03
1.858913818359375000e+03
1.799688720703125000e+03
1.749145874023437500e+03
1.769173217773437500e+03
1.859851318359375000e+03
1.930848266601562500e+03
2.131670166015625000e+03
2.430147460937500000e+03
2.688007080078125000e+03
2.761907958984375000e+03
2.739939697265625000e+03
2.649938232421875000e+03
2.620664062500000000e+03
2.673330566406250000e+03
2.637075195312500000e+03
2.533033447265625000e+03
2.496797607421875000e+03
2.489105957031250000e+03
2.409819335937500000e+03
2.260868164062500000e+03
2.205921142578125000e+03
2.195072998046875000e+03
2.134575927734375000e+03
2.028394531250000000e+03
1.894937744140625000e+03
1.806064086914062500e+03
1.761771728515625000e+03
1.775030151367187500e+03
1.850576538085937500e+03
1.923921997070312500e+03
2.123883056640625000e+03
2.461372558593750000e+03
2.708632568359375000e+03
2.744084472656250000e+03
2.722391357421875000e+03
2.648477539062500000e+03
2.639307373046875000e+03
2.730229980468750000e+03
2.697325439453125000e+03
2.598921875000000000e+03
2.532710937500000000e+03
2.509554199218750000e+03
2.462068847656250000e+03
2.332869873046875000e+03
2.322975097656250000e+03
2.204915527343750000e+03
2.228603515625000000e+03
2.128556396484375000e+03
1.950074218750000000e+03
1.875454345703125000e+03
1.831854248046875000e+03
1.812003662109375000e+03
1.891124145507812500e+03
1.922729248046875000e+03
2.045899169921875000e+03
2.290727783203125000e+03
2.519332519531250000e+03
2.616897460937500000e+03
2.627264648437500000e+03
2.580952636718750000e+03
2.504802001953125000e+03
2.630262451171875000e+03
2.544303222656250000e+03
2.461973632812500000e+03
2.495445556640625000e+03
2.523289550781250000e+03
2.473192626953125000e+03
2.391000488281250000e+03
2.326973388671875000e+03
2.275677978515625000e+03
2.217935791015625000e+03
2.078813720703125000e+03
1.945799682617187500e+03
1.860027465820312500e+03
1.800850830078125000e+03
1.800811401367187500e+03
1.850187744140625000e+03
1.864662597656250000e+03
1.895231689453125000e+03
2.007717895507812500e+03
2.171947021484375000e+03
2.233719970703125000e+03
2.232055664062500000e+03
2.244811279296875000e+03
2.189615966796875000e+03
2.158117919921875000e+03
2.086841064453125000e+03
2.057620849609375000e+03
2.088012207031250000e+03
2.248851562500000000e+03
2.303565429687500000e+03
2.315110839843750000e+03
2.297192871093750000e+03
2.282582031250000000e+03
2.219841308593750000e+03
2.006613891601562500e+03
1.950195556640625000e+03
1.891302856445312500e+03
1.882923461914062500e+03
1.835831420898437500e+03
1.913374755859375000e+03
1.971543334960937500e+03
2.132908935546875000e+03
2.356612304687500000e+03
2.638427734375000000e+03
1.834676391601562500e+03
1.258556884765625000e+03
1.054629760742187500e+03
1.462111328125000000e+03
1.956784423828125000e+03
2.331650878906250000e+03
2.359147949218750000e+03
2.343967529296875000e+03
2.236948486328125000e+03
2.303328613281250000e+03
2.248850341796875000e+03
2.181705078125000000e+03
2.193571777343750000e+03
2.278972167968750000e+03
2.141052001953125000e+03
2.025050537109375000e+03
1.881497192382812500e+03
1.751631958007812500e+03
1.683648071289062500e+03
1.721149414062500000e+03
1.728505126953125000e+03
1.914864013671875000e+03
2.185957519531250000e+03
2.539550292968750000e+03
2.816293457031250000e+03
2.815442626953125000e+03
2.683533203125000000e+03
2.691244384765625000e+03
2.750771972656250000e+03
2.700704833984375000e+03
2.591637939453125000e+03
2.550024902343750000e+03
2.544225585937500000e+03
2.443892822265625000e+03
2.310276367187500000e+03
2.236157714843750000e+03
2.196509277343750000e+03
2.133319824218750000e+03
1.987465820312500000e+03
1.852656494140625000e+03
1.760115600585937500e+03
1.719054565429687500e+03
1.742970825195312500e+03
1.810494384765625000e+03
1.864971923828125000e+03
2.092139404296875000e+03
2.434241943359375000e+03
2.686694091796875000e+03
2.806041748046875000e+03
2.815502441406250000e+03
2.652682128906250000e+03
2.604295898437500000e+03
2.681616699218750000e+03
2.648101074218750000e+03
2.576664306640625000e+03
2.564487548828125000e+03
2.606549072265625000e+03
2.485745605468750000e+03
2.366228271484375000e+03
2.370090576171875000e+03
2.339052246093750000e+03
2.295153320312500000e+03
1.865780639648437500e+03
1.746615600585937500e+03
1.713025634765625000e+03
1.739678344726562500e+03
1.801845703125000000e+03
1.876837402343750000e+03
1.972508666992187500e+03
2.014811523437500000e+03
2.219240722656250000e+03
2.566213134765625000e+03
2.736383056640625000e+03
2.689813476562500000e+03
2.620742919921875000e+03
2.602388183593750000e+03
2.643296875000000000e+03
2.594370117187500000e+03
2.522570312500000000e+03
2.532074462890625000e+03
2.524258544921875000e+03
2.395415039062500000e+03
2.280893310546875000e+03
2.198395996093750000e+03
2.108369384765625000e+03
2.036281372070312500e+03
1.929686035156250000e+03
1.801460449218750000e+03
1.717925292968750000e+03
1.651195922851562500e+03
1.695086669921875000e+03
1.775352539062500000e+03
1.877682128906250000e+03
2.084574951171875000e+03
2.420472412109375000e+03
2.693660644531250000e+03
2.752899169921875000e+03
2.706621093750000000e+03
2.676982177734375000e+03
2.548071044921875000e+03
2.576773925781250000e+03
2.555317871093750000e+03
2.468885742187500000e+03
2.435205566406250000e+03
2.512577636718750000e+03
2.431716796875000000e+03
2.297995117187500000e+03
2.175028320312500000e+03
2.095528808593750000e+03
2.004811889648437500e+03
1.900183105468750000e+03
1.776863891601562500e+03
1.719904296875000000e+03
1.679745849609375000e+03
1.693795166015625000e+03
1.789649536132812500e+03
1.806444335937500000e+03
1.976896850585937500e+03
2.226220703125000000e+03
2.452645751953125000e+03
2.554628906250000000e+03
2.600428710937500000e+03
2.427805419921875000e+03
2.329388671875000000e+03
2.399858398437500000e+03
2.373661132812500000e+03
2.313518066406250000e+03
2.282493164062500000e+03
2.362854980468750000e+03
2.358183593750000000e+03
2.247543701171875000e+03
2.158389160156250000e+03
2.070828613281250000e+03
1.986106323242187500e+03
1.908242797851562500e+03
1.778375244140625000e+03
1.709333740234375000e+03
1.661303344726562500e+03
1.667778930664062500e+03
1.752201660156250000e+03
1.773179077148437500e+03
1.866604980468750000e+03
1.947112792968750000e+03
2.056320068359375000e+03
2.145187500000000000e+03
2.162446777343750000e+03
2.012313110351562500e+03
2.004544067382812500e+03
1.984810058593750000e+03
1.968982910156250000e+03
1.954389038085937500e+03
2.080379638671875000e+03
2.106331054687500000e+03
2.262530517578125000e+03
2.140429443359375000e+03
2.127327880859375000e+03
2.085082031250000000e+03
2.018000732421875000e+03
1.913721801757812500e+03
1.784098876953125000e+03
1.726836425781250000e+03
1.724874267578125000e+03
1.735616821289062500e+03
1.836170532226562500e+03
1.886066040039062500e+03
2.091366455078125000e+03
2.421481445312500000e+03
2.699660888671875000e+03
2.777311035156250000e+03
2.750599609375000000e+03
2.545506835937500000e+03
2.545358886718750000e+03
2.596838623046875000e+03
2.536552978515625000e+03
2.498001464843750000e+03
2.459807617187500000e+03
2.483996582031250000e+03
2.418783935546875000e+03
2.285858642578125000e+03
2.204614746093750000e+03
2.140152587890625000e+03
2.073787841796875000e+03
1.970600708007812500e+03
1.840255004882812500e+03
1.752642578125000000e+03
1.716762573242187500e+03
1.733184448242187500e+03
1.847183227539062500e+03
1.917501220703125000e+03
2.153623779296875000e+03
2.496501953125000000e+03
2.746442871093750000e+03
2.809139160156250000e+03
2.811044677734375000e+03
2.686517333984375000e+03
2.683378417968750000e+03
2.737857421875000000e+03
2.656624023437500000e+03
2.583127685546875000e+03
2.550394042968750000e+03
2.586713623046875000e+03
2.510010498046875000e+03
2.407070312500000000e+03
2.332929931640625000e+03
2.283681640625000000e+03
2.208794677734375000e+03
2.064941894531250000e+03
1.932316650390625000e+03
1.848731933593750000e+03
1.805368652343750000e+03
1.820249511718750000e+03
1.902188110351562500e+03
1.957688720703125000e+03
2.155104736328125000e+03
2.499159179687500000e+03
2.788026855468750000e+03
2.869939453125000000e+03
2.842353515625000000e+03
2.717243164062500000e+03
2.708839843750000000e+03
2.772014160156250000e+03
2.754082519531250000e+03
2.657786376953125000e+03
2.611171386718750000e+03
2.633818359375000000e+03
2.561562744140625000e+03
2.443399902343750000e+03
2.370405029296875000e+03
2.301213867187500000e+03
2.217475585937500000e+03
2.061456298828125000e+03
1.928138305664062500e+03
1.843718017578125000e+03
1.800625366210937500e+03
1.816843627929687500e+03
1.919573364257812500e+03
1.951879272460937500e+03
2.183679199218750000e+03
2.516475830078125000e+03
2.775032714843750000e+03
2.854812255859375000e+03
2.830050781250000000e+03
2.718812988281250000e+03
2.754481201171875000e+03
2.808017578125000000e+03
2.762380126953125000e+03
2.670569824218750000e+03
2.618773193359375000e+03
2.639473632812500000e+03
2.508599365234375000e+03
2.359305664062500000e+03
2.278257568359375000e+03
2.166183837890625000e+03
2.126736328125000000e+03
2.030132080078125000e+03
1.887250366210937500e+03
1.805581665039062500e+03
1.743839477539062500e+03
1.775522460937500000e+03
1.856796875000000000e+03
1.885426757812500000e+03
2.081779296875000000e+03
2.392291748046875000e+03
2.640462402343750000e+03
2.704880371093750000e+03
2.743141113281250000e+03
2.697536376953125000e+03
2.641456787109375000e+03
2.737169677734375000e+03
2.706935791015625000e+03
2.609057373046875000e+03
2.581298583984375000e+03
2.619723632812500000e+03
2.537071044921875000e+03
2.430026855468750000e+03
2.356151123046875000e+03
2.305256835937500000e+03
2.209191894531250000e+03
2.094671875000000000e+03
1.956810913085937500e+03
1.885042724609375000e+03
1.810025756835937500e+03
1.820759521484375000e+03
1.912136840820312500e+03
1.951819091796875000e+03
2.082769042968750000e+03
2.310440917968750000e+03
2.530659179687500000e+03
2.647868164062500000e+03
2.621780273437500000e+03
2.513405029296875000e+03
2.494599121093750000e+03
2.538209716796875000e+03
2.470196044921875000e+03
2.406368896484375000e+03
2.417170410156250000e+03
2.493798095703125000e+03
2.466840820312500000e+03
2.402883789062500000e+03
2.335417480468750000e+03
2.280842041015625000e+03
2.192032714843750000e+03
2.149902099609375000e+03
1.959559814453125000e+03
1.890175415039062500e+03
1.840781005859375000e+03
1.834363891601562500e+03
1.909873413085937500e+03
1.933597167968750000e+03
1.924673706054687500e+03
2.000201782226562500e+03
2.121532714843750000e+03
2.132445556640625000e+03
2.111165527343750000e+03
2.120809082031250000e+03
2.081306396484375000e+03
2.104778320312500000e+03
2.088244873046875000e+03
2.066427001953125000e+03
2.097939453125000000e+03
2.284887207031250000e+03
2.284041992187500000e+03
2.290390380859375000e+03
2.292080566406250000e+03
2.228977539062500000e+03
2.200109130859375000e+03
2.022067016601562500e+03
1.916408691406250000e+03
1.854002563476562500e+03
1.838557006835937500e+03
1.846318847656250000e+03
1.914930541992187500e+03
1.904791625976562500e+03
2.064677246093750000e+03
2.348138916015625000e+03
2.681093017578125000e+03
2.778433105468750000e+03
2.709268310546875000e+03
2.601153076171875000e+03
2.580753662109375000e+03
2.685466308593750000e+03
2.665649902343750000e+03
2.607190429687500000e+03
2.602347656250000000e+03
2.617062988281250000e+03
2.501900878906250000e+03
2.363228271484375000e+03
2.299289794921875000e+03
2.214990722656250000e+03
2.113376708984375000e+03
2.013608032226562500e+03
1.888737060546875000e+03
1.806069702148437500e+03
1.727778076171875000e+03
1.708432250976562500e+03
1.808562500000000000e+03
1.811112792968750000e+03
2.043904296875000000e+03
2.323678222656250000e+03
2.605146484375000000e+03
2.739171142578125000e+03
2.716643798828125000e+03
2.579457031250000000e+03
2.502034667968750000e+03
2.620654541015625000e+03
2.617469970703125000e+03
2.533360839843750000e+03
2.503826171875000000e+03
2.535929687500000000e+03
2.461434814453125000e+03
2.366096679687500000e+03
2.291288818359375000e+03
2.226335449218750000e+03
2.147618164062500000e+03
2.007477050781250000e+03
1.873893188476562500e+03
1.781238525390625000e+03
1.716578613281250000e+03
1.743211914062500000e+03
1.825439453125000000e+03
1.872084472656250000e+03
2.094275634765625000e+03
2.372555664062500000e+03
2.657303710937500000e+03
2.803179687500000000e+03
2.738145263671875000e+03
2.641030029296875000e+03
2.577156982421875000e+03
2.675515136718750000e+03
2.671823974609375000e+03
2.581380859375000000e+03
2.538243164062500000e+03
2.560038085937500000e+03
2.470761962890625000e+03
2.370615478515625000e+03
2.296594238281250000e+03
2.219515136718750000e+03
2.157881835937500000e+03
2.020658691406250000e+03
1.882234375000000000e+03
1.795600463867187500e+03
1.724985839843750000e+03
1.739753662109375000e+03
1.830398193359375000e+03
1.894818115234375000e+03
2.105152832031250000e+03
2.437557617187500000e+03
2.710974609375000000e+03
2.791593505859375000e+03
2.735267822265625000e+03
2.610426757812500000e+03
2.602727294921875000e+03
2.662881591796875000e+03
2.639709960937500000e+03
2.573995361328125000e+03
2.551128906250000000e+03
2.583097167968750000e+03
2.481616699218750000e+03
2.374826171875000000e+03
2.304948730468750000e+03
2.257779785156250000e+03
2.194660156250000000e+03
2.045583007812500000e+03
1.918055664062500000e+03
1.824552124023437500e+03
1.762479980468750000e+03
1.736763549804687500e+03
1.842823730468750000e+03
1.852526245117187500e+03
2.099294189453125000e+03
2.375610107421875000e+03
2.624286621093750000e+03
2.728297119140625000e+03
2.666537109375000000e+03
2.547812744140625000e+03
2.488879394531250000e+03
2.569671875000000000e+03
2.541168457031250000e+03
2.486708740234375000e+03
2.473282958984375000e+03
2.533072509765625000e+03
2.467115722656250000e+03
2.343061767578125000e+03
2.252415039062500000e+03
2.186258300781250000e+03
2.123557373046875000e+03
1.997476806640625000e+03
1.860462890625000000e+03
1.769616699218750000e+03
1.703312744140625000e+03
1.723956298828125000e+03
1.786735351562500000e+03
1.862192504882812500e+03
1.971508789062500000e+03
2.237567626953125000e+03
2.495273193359375000e+03
2.584188232421875000e+03
2.545966552734375000e+03
2.435121093750000000e+03
2.378073486328125000e+03
2.446044189453125000e+03
2.443894775390625000e+03
2.412586914062500000e+03
2.402798583984375000e+03
2.480794433593750000e+03
2.431318359375000000e+03
2.320668945312500000e+03
2.220131835937500000e+03
2.127824707031250000e+03
2.053688720703125000e+03
1.918192504882812500e+03
1.791897949218750000e+03
1.671619384765625000e+03
1.636219238281250000e+03
1.760380126953125000e+03
1.770828857421875000e+03
1.807346191406250000e+03
1.873507324218750000e+03
1.878326049804687500e+03
2.066390136718750000e+03
2.047526977539062500e+03
2.099883300781250000e+03
2.062720947265625000e+03
2.020954833984375000e+03
2.012576904296875000e+03
2.026175903320312500e+03
1.999399902343750000e+03
2.038072021484375000e+03
2.184075927734375000e+03
2.180543457031250000e+03
2.172744628906250000e+03
2.115247802734375000e+03
2.062290527343750000e+03
2.008834838867187500e+03
1.889512695312500000e+03
1.778058593750000000e+03
1.705913208007812500e+03
1.691453002929687500e+03
1.723709472656250000e+03
1.814366577148437500e+03
1.873560546875000000e+03
2.080595214843750000e+03
2.418320556640625000e+03
2.700067626953125000e+03
2.772078613281250000e+03
2.708868896484375000e+03
2.595569091796875000e+03
2.608527587890625000e+03
2.663635253906250000e+03
2.642482421875000000e+03
2.581921875000000000e+03
2.558209716796875000e+03
2.594095947265625000e+03
2.502611083984375000e+03
2.359552490234375000e+03
2.283047851562500000e+03
2.200117187500000000e+03
2.103003662109375000e+03
1.975683959960937500e+03
1.846019042968750000e+03
1.757153564453125000e+03
1.719578369140625000e+03
1.752493530273437500e+03
1.868067504882812500e+03
1.914451416015625000e+03
2.120245605468750000e+03
2.438490966796875000e+03
2.695215332031250000e+03
2.735404052734375000e+03
2.696526367187500000e+03
2.615598388671875000e+03
2.618715332031250000e+03
2.665412353515625000e+03
2.649274414062500000e+03
2.579555664062500000e+03
2.595718505859375000e+03
2.624502685546875000e+03
2.512201660156250000e+03
2.410567382812500000e+03
2.255202636718750000e+03
2.183814941406250000e+03
2.101135009765625000e+03
2.015926757812500000e+03
1.873710693359375000e+03
1.784571411132812500e+03
1.710639892578125000e+03
1.753450805664062500e+03
1.841311645507812500e+03
1.899319091796875000e+03
2.129425537109375000e+03
2.446733398437500000e+03
2.689134033203125000e+03
2.743909179687500000e+03
2.687672119140625000e+03
2.617926513671875000e+03
2.583493896484375000e+03
2.630813476562500000e+03
2.627304931640625000e+03
2.561885253906250000e+03
2.560952148437500000e+03
2.587392333984375000e+03
2.487180908203125000e+03
2.363202392578125000e+03
2.280865478515625000e+03
2.200694335937500000e+03
2.128934082031250000e+03
1.977025634765625000e+03
1.867081054687500000e+03
1.743761108398437500e+03
1.726863647460937500e+03
1.726832763671875000e+03
1.844950927734375000e+03
1.921467773437500000e+03
2.104038330078125000e+03
2.390456787109375000e+03
2.680319335937500000e+03
2.841651611328125000e+03
2.711332519531250000e+03
2.523465820312500000e+03
2.459116699218750000e+03
2.543625488281250000e+03
2.545424560546875000e+03
2.576257812500000000e+03
2.606676025390625000e+03
2.575885009765625000e+03
2.459249755859375000e+03
2.298338378906250000e+03
2.189876464843750000e+03
2.093594238281250000e+03
2.029180175781250000e+03
1.892972045898437500e+03
1.783555053710937500e+03
1.718388183593750000e+03
1.676103393554687500e+03
1.726548583984375000e+03
1.802297973632812500e+03
1.839149047851562500e+03
2.029247802734375000e+03
2.344803710937500000e+03
2.586342529296875000e+03
2.651938232421875000e+03
2.639789306640625000e+03
2.517493896484375000e+03
2.494893066406250000e+03
2.573037109375000000e+03
2.549575439453125000e+03
2.469467773437500000e+03
2.530682861328125000e+03
2.540776367187500000e+03
2.427261962890625000e+03
2.343118164062500000e+03
2.215494873046875000e+03
2.102743652343750000e+03
2.007279785156250000e+03
1.901481201171875000e+03
1.766651123046875000e+03
1.681322265625000000e+03
1.658054565429687500e+03
1.675351318359375000e+03
1.790458740234375000e+03
1.816262084960937500e+03
1.985612915039062500e+03
2.187625244140625000e+03
2.410864501953125000e+03
2.543970947265625000e+03
2.492692871093750000e+03
2.403471679687500000e+03
2.343892089843750000e+03
2.424776123046875000e+03
2.437872314453125000e+03
2.412305908203125000e+03
2.444603271484375000e+03
2.535768798828125000e+03
2.429070556640625000e+03
2.330095947265625000e+03
2.232250000000000000e+03
2.094581542968750000e+03
2.003802124023437500e+03
1.907075683593750000e+03
1.774083496093750000e+03
1.716648437500000000e+03
1.668792358398437500e+03
1.692939331054687500e+03
1.817617797851562500e+03
1.818586914062500000e+03
1.867247070312500000e+03
1.975958007812500000e+03
2.071921386718750000e+03
2.133277587890625000e+03
2.125619873046875000e+03
2.095041503906250000e+03
2.062227539062500000e+03
2.079912597656250000e+03
2.070874023437500000e+03
2.075180908203125000e+03
2.129822998046875000e+03
2.270475097656250000e+03
2.262171142578125000e+03
2.246063476562500000e+03
2.152821777343750000e+03
2.116135009765625000e+03
2.014715576171875000e+03
1.903212890625000000e+03
1.780062500000000000e+03
1.728640991210937500e+03
1.712890258789062500e+03
1.733316406250000000e+03
1.813239135742187500e+03
1.912210327148437500e+03
2.061134277343750000e+03
2.395700439453125000e+03
2.698154052734375000e+03
2.743824707031250000e+03
2.658047363281250000e+03
2.562214111328125000e+03
2.553144042968750000e+03
2.582848632812500000e+03
2.571586425781250000e+03
2.533492187500000000e+03
2.515170410156250000e+03
2.565859130859375000e+03
2.438623779296875000e+03
2.286847412109375000e+03
2.282413574218750000e+03
2.047837646484375000e+03
1.950356079101562500e+03
1.879941528320312500e+03
1.760735351562500000e+03
1.690530151367187500e+03
1.643168090820312500e+03
1.673653930664062500e+03
1.783964599609375000e+03
1.844230224609375000e+03
2.047174438476562500e+03
2.349007568359375000e+03
2.602521484375000000e+03
2.648928955078125000e+03
2.574276855468750000e+03
2.469720458984375000e+03
2.443579345703125000e+03
2.496935302734375000e+03
2.451461425781250000e+03
2.454780761718750000e+03
2.474875976562500000e+03
2.530205566406250000e+03
2.433290039062500000e+03
2.331366455078125000e+03
2.174067626953125000e+03
1.988506103515625000e+03
1.890105224609375000e+03
1.810062988281250000e+03
1.686307373046875000e+03
1.627637329101562500e+03
1.590919311523437500e+03
1.629079467773437500e+03
1.723225952148437500e+03
1.785030395507812500e+03
1.950551635742187500e+03
2.260614746093750000e+03
2.520297851562500000e+03
2.582252197265625000e+03
2.526014404296875000e+03
2.400628662109375000e+03
2.357689208984375000e+03
2.412151123046875000e+03
2.399792724609375000e+03
2.380911376953125000e+03
2.399841796875000000e+03
2.471921875000000000e+03
2.346203125000000000e+03
2.199227783203125000e+03
2.078723632812500000e+03
1.920667968750000000e+03
1.789627685546875000e+03
1.684075317382812500e+03
1.589460205078125000e+03
1.541485961914062500e+03
1.518674194335937500e+03
1.565791259765625000e+03
1.686180908203125000e+03
1.746562011718750000e+03
1.931953369140625000e+03
2.209299560546875000e+03
2.450278808593750000e+03
2.517508789062500000e+03
2.474424804687500000e+03
2.397879638671875000e+03
2.335196289062500000e+03
2.395014892578125000e+03
2.404011230468750000e+03
2.387099853515625000e+03
2.393994873046875000e+03
2.463240722656250000e+03
2.340998535156250000e+03
2.202541992187500000e+03
2.092082275390625000e+03
1.927665893554687500e+03
1.733076416015625000e+03
1.686996215820312500e+03
1.567064086914062500e+03
1.531758666992187500e+03
1.508416503906250000e+03
1.560143798828125000e+03
1.709496093750000000e+03
1.767198242187500000e+03
1.962602050781250000e+03
2.228040771484375000e+03
2.467139892578125000e+03
2.546873779296875000e+03
2.526198730468750000e+03
2.467528076171875000e+03
2.435573486328125000e+03
2.491908691406250000e+03
2.476419921875000000e+03
2.403373046875000000e+03
2.383364746093750000e+03
2.449107666015625000e+03
2.330764404296875000e+03
2.219233886718750000e+03
2.137875976562500000e+03
1.979740112304687500e+03
1.857251342773437500e+03
1.776543457031250000e+03
1.665655273437500000e+03
1.611492919921875000e+03
1.573724975585937500e+03
1.625359130859375000e+03
1.787663696289062500e+03
1.861492553710937500e+03
1.968280761718750000e+03
2.044789672851562500e+03
2.099804199218750000e+03
2.117783691406250000e+03
2.078651611328125000e+03
2.049246826171875000e+03
2.030118041992187500e+03
2.045235107421875000e+03
2.049114013671875000e+03
2.059209472656250000e+03
2.148111572265625000e+03
2.359980224609375000e+03
2.285523437500000000e+03
2.219942382812500000e+03
2.187852783203125000e+03
2.083197998046875000e+03
2.005432373046875000e+03
1.872516235351562500e+03
1.776130126953125000e+03
1.722180419921875000e+03
1.723816284179687500e+03
1.754992431640625000e+03
1.837050415039062500e+03
1.824434448242187500e+03
1.831424682617187500e+03
1.902983154296875000e+03
1.986186035156250000e+03
2.037407104492187500e+03
2.035275878906250000e+03
2.009251831054687500e+03
2.006396484375000000e+03
2.006229736328125000e+03
1.994407714843750000e+03
1.977566284179687500e+03
2.031216674804687500e+03
2.242134277343750000e+03
2.195983886718750000e+03
2.168245605468750000e+03
2.175723388671875000e+03
2.066889160156250000e+03
1.999152954101562500e+03
1.891656860351562500e+03
1.782180175781250000e+03
1.736462646484375000e+03
1.711843872070312500e+03
1.769321044921875000e+03
1.823378784179687500e+03
1.839288574218750000e+03
1.895778442382812500e+03
1.989869506835937500e+03
2.101082519531250000e+03
2.181257568359375000e+03
2.133241210937500000e+03
2.085753662109375000e+03
2.061086181640625000e+03
2.085849121093750000e+03
2.107762451171875000e+03
2.090246093750000000e+03
2.140854492187500000e+03
2.291223632812500000e+03
2.252385009765625000e+03
2.249049560546875000e+03
2.184038330078125000e+03
2.072804687500000000e+03
2.046150634765625000e+03
1.936849975585937500e+03
1.804777343750000000e+03
1.772107666015625000e+03
1.729687133789062500e+03
1.792258300781250000e+03
1.857739501953125000e+03
1.939777587890625000e+03
2.061864013671875000e+03
2.333807373046875000e+03
2.624909423828125000e+03
2.722351562500000000e+03
2.670978027343750000e+03
2.578740966796875000e+03
2.579592041015625000e+03
2.631013671875000000e+03
2.601677978515625000e+03
2.541413818359375000e+03
2.505004150390625000e+03
2.560309082031250000e+03
2.465725830078125000e+03
2.346730712890625000e+03
2.276603027343750000e+03
2.190711181640625000e+03
2.088934570312500000e+03
1.984652465820312500e+03
1.867494750976562500e+03
1.791189819335937500e+03
1.750774169921875000e+03
1.761890258789062500e+03
1.870793334960937500e+03
1.897524658203125000e+03
2.080688964843750000e+03
2.362901855468750000e+03
2.620431640625000000e+03
2.705141357421875000e+03
2.674314208984375000e+03
2.611297851562500000e+03
2.576796630859375000e+03
2.654310791015625000e+03
2.621607910156250000e+03
2.555635498046875000e+03
2.550602050781250000e+03
2.595443847656250000e+03
2.484367187500000000e+03
2.374359375000000000e+03
2.300557617187500000e+03
2.205562500000000000e+03
2.120703613281250000e+03
2.006150268554687500e+03
1.871219238281250000e+03
1.776847412109375000e+03
1.737406738281250000e+03
1.761682373046875000e+03
1.884152587890625000e+03
1.937519042968750000e+03
2.149258056640625000e+03
2.447209472656250000e+03
2.677295410156250000e+03
2.745976562500000000e+03
2.712940429687500000e+03
2.622274902343750000e+03
2.634745117187500000e+03
2.655480224609375000e+03
2.620322998046875000e+03
2.548823730468750000e+03
2.523979003906250000e+03
2.568335693359375000e+03
2.426639892578125000e+03
2.288456054687500000e+03
2.222092285156250000e+03
2.072268554687500000e+03
1.989910888671875000e+03
1.890029174804687500e+03
1.774785766601562500e+03
1.701719848632812500e+03
1.675694824218750000e+03
1.695951416015625000e+03
1.820775024414062500e+03
1.864398193359375000e+03
2.063145996093750000e+03
2.348333007812500000e+03
2.581912841796875000e+03
2.674814941406250000e+03
2.638198730468750000e+03
2.557360351562500000e+03
2.528753662109375000e+03
2.587773437500000000e+03
2.554621826171875000e+03
2.488749511718750000e+03
2.482701171875000000e+03
2.525944335937500000e+03
2.414901855468750000e+03
2.246974853515625000e+03
2.141239257812500000e+03
2.023513427734375000e+03
1.930824218750000000e+03
1.830520996093750000e+03
1.721252685546875000e+03
1.649899658203125000e+03
1.617888305664062500e+03
1.656798217773437500e+03
1.787422607421875000e+03
1.826856567382812500e+03
1.964558959960937500e+03
2.178714599609375000e+03
2.391955322265625000e+03
2.481085693359375000e+03
2.464177978515625000e+03
2.386452880859375000e+03
2.312194335937500000e+03
2.379284912109375000e+03
2.390151611328125000e+03
2.343168945312500000e+03
2.309107177734375000e+03
2.467594726562500000e+03
2.383019287109375000e+03
2.222408203125000000e+03
2.115906982421875000e+03
1.977600830078125000e+03
1.885224121093750000e+03
1.798417846679687500e+03
1.696514648437500000e+03
1.640542968750000000e+03
1.614456176757812500e+03
1.646065673828125000e+03
1.742261352539062500e+03
1.771997680664062500e+03
1.841356079101562500e+03
1.938625366210937500e+03
2.022088012695312500e+03
2.086638183593750000e+03
2.106849853515625000e+03
2.057663085937500000e+03
2.008757812500000000e+03
2.024993164062500000e+03
2.010383178710937500e+03
1.999216796875000000e+03
2.038232421875000000e+03
2.172276611328125000e+03
2.199866943359375000e+03
2.142808837890625000e+03
2.076137939453125000e+03
1.989640014648437500e+03
1.911160644531250000e+03
1.772257812500000000e+03
1.686077880859375000e+03
1.623860107421875000e+03
1.622188598632812500e+03
1.659550903320312500e+03
1.767490600585937500e+03
1.827584228515625000e+03
2.025843261718750000e+03
2.326103759765625000e+03
2.585948242187500000e+03
2.663091308593750000e+03
2.617680664062500000e+03
2.497028076171875000e+03
2.428933349609375000e+03
2.441463378906250000e+03
2.414501220703125000e+03
2.360012451171875000e+03
2.351325683593750000e+03
2.422410400390625000e+03
2.324029052734375000e+03
2.196912109375000000e+03
2.044861938476562500e+03
1.907815307617187500e+03
1.828703735351562500e+03
1.705027832031250000e+03
1.628459228515625000e+03
1.572221435546875000e+03
1.548978271484375000e+03
1.600391235351562500e+03
1.734263061523437500e+03
1.837998413085937500e+03
2.012441284179687500e+03
2.286812500000000000e+03
2.503524414062500000e+03
2.560027587890625000e+03
2.521224365234375000e+03
2.445802978515625000e+03
2.433289550781250000e+03
2.474866455078125000e+03
2.447550048828125000e+03
2.419293701171875000e+03
2.439061279296875000e+03
2.487974853515625000e+03
2.373156250000000000e+03
2.205291748046875000e+03
2.037842163085937500e+03
1.955836059570312500e+03
1.827913818359375000e+03
1.744265014648437500e+03
1.643935424804687500e+03
1.595933349609375000e+03
1.588573974609375000e+03
1.630485961914062500e+03
1.746969360351562500e+03
1.838449096679687500e+03
2.060983154296875000e+03
2.355686523437500000e+03
2.585152343750000000e+03
2.661561035156250000e+03
2.610318359375000000e+03
2.500091308593750000e+03
2.485604492187500000e+03
2.539225341796875000e+03
2.498579101562500000e+03
2.432618408203125000e+03
2.467469970703125000e+03
2.503084472656250000e+03
2.373032226562500000e+03
2.245489013671875000e+03
2.112011230468750000e+03
1.974068115234375000e+03
1.858658447265625000e+03
1.754269775390625000e+03
1.659059692382812500e+03
1.608789672851562500e+03
1.581452514648437500e+03
1.640073974609375000e+03
1.768106079101562500e+03
1.814189941406250000e+03
2.049686523437500000e+03
2.358781005859375000e+03
2.571167480468750000e+03
2.618203613281250000e+03
2.557487304687500000e+03
2.454889648437500000e+03
2.439037841796875000e+03
2.473390136718750000e+03
2.461774902343750000e+03
2.434130371093750000e+03
2.450484375000000000e+03
2.500741699218750000e+03
2.383149902343750000e+03
2.215403076171875000e+03
2.100946289062500000e+03
1.946025634765625000e+03
1.834609741210937500e+03
1.740801757812500000e+03
1.628252807617187500e+03
1.586838867187500000e+03
1.578405029296875000e+03
1.632805664062500000e+03
1.759303710937500000e+03
1.791315063476562500e+03
2.034400512695312500e+03
2.327851562500000000e+03
2.541142822265625000e+03
2.593865478515625000e+03
2.560268066406250000e+03
2.475158203125000000e+03
2.430146484375000000e+03
2.470592285156250000e+03
2.455447021484375000e+03
2.418948486328125000e+03
2.437299072265625000e+03
2.481714599609375000e+03
2.338968750000000000e+03
2.179262207031250000e+03
2.037536987304687500e+03
1.873034423828125000e+03
1.766937255859375000e+03
1.703548217773437500e+03
1.611103759765625000e+03
1.554045532226562500e+03
1.550089477539062500e+03
1.593765869140625000e+03
1.723928466796875000e+03
1.751792968750000000e+03
1.906382324218750000e+03
2.098211181640625000e+03
2.300274414062500000e+03
2.383062011718750000e+03
2.332702148437500000e+03
2.260991943359375000e+03
2.176350341796875000e+03
2.217232421875000000e+03
2.185716308593750000e+03
2.191010742187500000e+03
2.271105224609375000e+03
2.370175537109375000e+03
2.307529541015625000e+03
2.211002441406250000e+03
2.088895507812500000e+03
1.941958618164062500e+03
1.853084594726562500e+03
1.740537841796875000e+03
1.656894897460937500e+03
1.620474243164062500e+03
1.590394409179687500e+03
1.648714965820312500e+03
1.762166625976562500e+03
1.765858642578125000e+03
1.871747192382812500e+03
1.968535278320312500e+03
2.084146484375000000e+03
2.116565429687500000e+03
2.100109375000000000e+03
2.063105224609375000e+03
2.010428222656250000e+03
1.995825927734375000e+03
1.995871337890625000e+03
1.997580688476562500e+03
2.033349975585937500e+03
2.188671386718750000e+03
2.145693603515625000e+03
2.098768310546875000e+03
2.049745605468750000e+03
1.938790649414062500e+03
1.866075683593750000e+03
1.771284912109375000e+03
1.671430175781250000e+03
1.643468627929687500e+03
1.619010986328125000e+03
1.673073608398437500e+03
1.789477905273437500e+03
1.885509887695312500e+03
2.040026489257812500e+03
2.290930664062500000e+03
2.518966064453125000e+03
2.575364746093750000e+03
2.544400390625000000e+03
2.486289794921875000e+03
2.440237792968750000e+03
2.489522705078125000e+03
2.453122314453125000e+03
2.419182128906250000e+03
2.446269775390625000e+03
2.507232666015625000e+03
2.401697509765625000e+03
2.312376220703125000e+03
2.119719970703125000e+03
2.090351074218750000e+03
1.915773803710937500e+03
1.867472412109375000e+03
1.742242797851562500e+03
1.686310424804687500e+03
1.659835815429687500e+03
1.708030883789062500e+03
1.840215698242187500e+03
1.924878295898437500e+03
2.136851806640625000e+03
2.453446777343750000e+03
2.689869873046875000e+03
2.750945312500000000e+03
2.707235839843750000e+03
2.623987060546875000e+03
2.661681884765625000e+03
2.691303222656250000e+03
2.666464843750000000e+03
2.620346923828125000e+03
2.596213623046875000e+03
2.617186279296875000e+03
2.468560791015625000e+03
2.326250976562500000e+03
2.221936767578125000e+03
2.082328369140625000e+03
1.990438232421875000e+03
1.914417602539062500e+03
1.846218261718750000e+03
1.790169921875000000e+03
1.695051147460937500e+03
1.753140991210937500e+03
1.844581420898437500e+03
1.955086669921875000e+03
2.142081787109375000e+03
2.460511474609375000e+03
2.742765625000000000e+03
2.809713867187500000e+03
2.701812011718750000e+03
2.575505371093750000e+03
2.607653320312500000e+03
2.630616210937500000e+03
2.616881835937500000e+03
2.597307128906250000e+03
2.599766845703125000e+03
2.623912353515625000e+03
2.464226074218750000e+03
2.304575439453125000e+03
2.200862060546875000e+03
2.073896240234375000e+03
1.983171630859375000e+03
1.859104003906250000e+03
1.736633666992187500e+03
1.673456542968750000e+03
1.638672851562500000e+03
1.674929809570312500e+03
1.795640991210937500e+03
1.856687988281250000e+03
2.097840576171875000e+03
2.393412597656250000e+03
2.602700683593750000e+03
2.674217041015625000e+03
2.596844238281250000e+03
2.495163574218750000e+03
2.487186767578125000e+03
2.526203613281250000e+03
2.505171630859375000e+03
2.484572509765625000e+03
2.470001220703125000e+03
2.505502441406250000e+03
2.377180664062500000e+03
2.244809082031250000e+03
2.094959228515625000e+03
2.051308349609375000e+03
1.811084594726562500e+03
1.797581542968750000e+03
1.657984741210937500e+03
1.630833007812500000e+03
1.592165771484375000e+03
1.629881469726562500e+03
1.750324462890625000e+03
1.836952636718750000e+03
2.030015625000000000e+03
2.344214599609375000e+03
2.574894775390625000e+03
2.642908935546875000e+03
2.583466796875000000e+03
2.473144775390625000e+03
2.433473144531250000e+03
2.443957763671875000e+03
2.463265136718750000e+03
2.429334960937500000e+03
2.426930419921875000e+03
2.457749023437500000e+03
2.336840087890625000e+03
2.183880126953125000e+03
2.071355957031250000e+03
1.924371704101562500e+03
1.812281005859375000e+03
1.701325805664062500e+03
1.615516479492187500e+03
1.561889526367187500e+03
1.546890258789062500e+03
1.611242675781250000e+03
1.716530395507812500e+03
1.800793090820312500e+03
1.928450195312500000e+03
2.150484375000000000e+03
2.370800048828125000e+03
2.466151367187500000e+03
2.410409667968750000e+03
2.352931640625000000e+03
2.262491455078125000e+03
2.307805908203125000e+03
2.333504394531250000e+03
2.322408935546875000e+03
2.344163818359375000e+03
2.411603515625000000e+03
2.301167480468750000e+03
2.168218505859375000e+03
2.020023925781250000e+03
1.885841186523437500e+03
1.792695068359375000e+03
1.692757568359375000e+03
1.619741821289062500e+03
1.572488647460937500e+03
1.551425415039062500e+03
1.590459106445312500e+03
1.716004760742187500e+03
1.724929077148437500e+03
1.782052001953125000e+03
1.860278686523437500e+03
1.955570068359375000e+03
2.012631591796875000e+03
2.001219360351562500e+03
1.957977661132812500e+03
1.890466308593750000e+03
1.888685424804687500e+03
1.893965087890625000e+03
1.917793701171875000e+03
1.989820434570312500e+03
2.122397216796875000e+03
2.055147460937500000e+03
2.013661132812500000e+03
1.934954223632812500e+03
1.828995727539062500e+03
1.756228881835937500e+03
1.649093872070312500e+03
1.596413208007812500e+03
1.549629638671875000e+03
1.538038085937500000e+03
1.569362915039062500e+03
1.675539794921875000e+03
1.774283447265625000e+03
1.982310302734375000e+03
2.285903076171875000e+03
2.509101562500000000e+03
2.563646728515625000e+03
2.521059814453125000e+03
2.446463378906250000e+03
2.363700195312500000e+03
2.412351074218750000e+03
2.408945312500000000e+03
2.377011230468750000e+03
2.384694335937500000e+03
2.430076904296875000e+03
2.290331054687500000e+03
2.126130859375000000e+03
2.027729003906250000e+03
1.843753417968750000e+03
1.770726196289062500e+03
1.666883422851562500e+03
1.593544433593750000e+03
1.543566284179687500e+03
1.518148559570312500e+03
1.578233764648437500e+03
1.697840698242187500e+03
1.763151611328125000e+03
1.960952758789062500e+03
2.275516113281250000e+03
2.492068359375000000e+03
2.550112548828125000e+03
2.480852783203125000e+03
2.391617919921875000e+03
2.352527832031250000e+03
2.413582519531250000e+03
2.430760253906250000e+03
2.393436523437500000e+03
2.388056640625000000e+03
2.429768798828125000e+03
2.305682373046875000e+03
2.158893310546875000e+03
2.034506591796875000e+03
1.901490234375000000e+03
1.814497192382812500e+03
1.704547119140625000e+03
1.618540527343750000e+03
1.583107788085937500e+03
1.555944091796875000e+03
1.619490966796875000e+03
1.729201171875000000e+03
1.846357299804687500e+03
2.036620849609375000e+03
2.346546630859375000e+03
2.557291503906250000e+03
2.614784667968750000e+03
2.567992187500000000e+03
2.465263183593750000e+03
2.486445068359375000e+03
2.518804199218750000e+03
2.501055664062500000e+03
2.473071289062500000e+03
2.491183593750000000e+03
2.495962402343750000e+03
2.353429687500000000e+03
2.222091796875000000e+03
2.101631103515625000e+03
1.975684692382812500e+03
1.871441284179687500e+03
1.797228027343750000e+03
1.692547973632812500e+03
1.652177246093750000e+03
1.640999389648437500e+03
1.683314086914062500e+03
1.806148315429687500e+03
1.905615600585937500e+03
2.124396484375000000e+03
2.426579833984375000e+03
2.641967041015625000e+03
2.702188964843750000e+03
2.656285888671875000e+03
2.541435058593750000e+03
2.533332275390625000e+03
2.541103271484375000e+03
2.540071044921875000e+03
2.511815917968750000e+03
2.540316894531250000e+03
2.552485839843750000e+03
2.417966552734375000e+03
2.305173828125000000e+03
2.193232421875000000e+03
2.071018554687500000e+03
1.984625854492187500e+03
1.833446166992187500e+03
1.746755981445312500e+03
1.680212402343750000e+03
1.666351074218750000e+03
1.714122436523437500e+03
1.821934082031250000e+03
1.902633666992187500e+03
2.118646240234375000e+03
2.425898437500000000e+03
2.625344726562500000e+03
2.634044189453125000e+03
2.531565185546875000e+03
2.454842041015625000e+03
2.396214599609375000e+03
2.365635009765625000e+03
2.358052246093750000e+03
2.355458251953125000e+03
2.369910888671875000e+03
2.447092773437500000e+03
2.356597656250000000e+03
2.195450683593750000e+03
2.086412841796875000e+03
1.958633422851562500e+03
1.865667968750000000e+03
1.711437622070312500e+03
1.643937255859375000e+03
1.599699218750000000e+03
1.595505737304687500e+03
1.661625244140625000e+03
1.739236816406250000e+03
1.799795898437500000e+03
1.963308349609375000e+03
2.137966064453125000e+03
2.367606201171875000e+03
2.421746093750000000e+03
2.424391845703125000e+03
2.330768310546875000e+03
2.236346923828125000e+03
2.231301757812500000e+03
2.261948486328125000e+03
2.252649169921875000e+03
2.304497070312500000e+03
2.402649414062500000e+03
2.326090332031250000e+03
2.128461181640625000e+03
1.999522460937500000e+03
1.855503051757812500e+03
1.731285156250000000e+03
1.635125488281250000e+03
1.577522216796875000e+03
1.537918823242187500e+03
1.522703979492187500e+03
1.599069580078125000e+03
1.683204467773437500e+03
1.731787841796875000e+03
1.786925903320312500e+03
1.914431396484375000e+03
1.968286499023437500e+03
1.995810180664062500e+03
1.977071899414062500e+03
1.943473876953125000e+03
1.867642211914062500e+03
1.814318847656250000e+03
1.804003173828125000e+03
1.821662841796875000e+03
1.887768310546875000e+03
2.030558349609375000e+03
1.963126342773437500e+03
1.914263549804687500e+03
1.843404052734375000e+03
1.714004760742187500e+03
1.652144287109375000e+03
1.529761840820312500e+03
1.494337402343750000e+03
1.436278198242187500e+03
1.458265625000000000e+03
1.518087890625000000e+03
1.636280639648437500e+03
1.739021118164062500e+03
1.934768432617187500e+03
2.251634765625000000e+03
2.412408203125000000e+03
2.378232666015625000e+03
2.357806640625000000e+03
2.275421386718750000e+03
2.292809570312500000e+03
2.226217041015625000e+03
2.225366210937500000e+03
2.229018310546875000e+03
2.242504150390625000e+03
2.230043945312500000e+03
2.234114501953125000e+03
1.967692016601562500e+03
1.836622558593750000e+03
1.703554199218750000e+03
1.609496459960937500e+03
1.497509643554687500e+03
1.445127807617187500e+03
1.427683593750000000e+03
1.442651000976562500e+03
1.487458984375000000e+03
1.606689819335937500e+03
1.675416137695312500e+03
1.944063964843750000e+03
2.260704345703125000e+03
2.423726318359375000e+03
2.492343505859375000e+03
2.427937744140625000e+03
2.326191650390625000e+03
2.280280517578125000e+03
2.313222412109375000e+03
2.298015380859375000e+03
2.284743896484375000e+03
2.292493896484375000e+03
2.326199462890625000e+03
2.220758544921875000e+03
2.047170410156250000e+03
1.893949951171875000e+03
1.746484008789062500e+03
1.623519897460937500e+03
1.519532836914062500e+03
1.455879150390625000e+03
1.428537475585937500e+03
1.421921020507812500e+03
1.485826782226562500e+03
1.614811279296875000e+03
1.704339233398437500e+03
1.951027343750000000e+03
2.266986328125000000e+03
2.465720703125000000e+03
2.520888916015625000e+03
2.477087890625000000e+03
2.373772705078125000e+03
2.336947509765625000e+03
2.363378173828125000e+03
2.353313476562500000e+03
2.340164062500000000e+03
2.353356445312500000e+03
2.385639160156250000e+03
2.247498046875000000e+03
2.091623779296875000e+03
1.942941284179687500e+03
1.769433593750000000e+03
1.660236938476562500e+03
1.534422485351562500e+03
1.458623046875000000e+03
1.432611938476562500e+03
1.432876464843750000e+03
1.502822753906250000e+03
1.639265625000000000e+03
1.758567993164062500e+03
2.000620849609375000e+03
2.311966064453125000e+03
2.498392822265625000e+03
2.547662841796875000e+03
2.498778320312500000e+03
2.393387451171875000e+03
2.362958984375000000e+03
2.399449462890625000e+03
2.375382324218750000e+03
2.364175292968750000e+03
2.379072265625000000e+03
2.398883544921875000e+03
2.245751220703125000e+03
2.092797851562500000e+03
1.936424072265625000e+03
1.780360961914062500e+03
1.658129150390625000e+03
1.555417968750000000e+03
1.478174926757812500e+03
1.443604980468750000e+03
1.457457397460937500e+03
1.517626953125000000e+03
1.671024658203125000e+03
1.724580322265625000e+03
2.002139648437500000e+03
2.290264892578125000e+03
2.487704589843750000e+03
2.549871093750000000e+03
2.505186279296875000e+03
2.444788085937500000e+03
2.366718505859375000e+03
2.396576416015625000e+03
2.403616943359375000e+03
2.381272460937500000e+03
2.372693115234375000e+03
2.421763183593750000e+03
2.275910156250000000e+03
2.088708007812500000e+03
1.933690063476562500e+03
1.774157470703125000e+03
1.664492187500000000e+03
1.594858520507812500e+03
1.520005737304687500e+03
1.484927612304687500e+03
1.476470336914062500e+03
1.538613159179687500e+03
1.662302734375000000e+03
1.737776611328125000e+03
1.898255859375000000e+03
2.152877685546875000e+03
2.360830322265625000e+03
2.449980224609375000e+03
2.386677246093750000e+03
2.289237060546875000e+03
2.185799560546875000e+03
2.211945312500000000e+03
2.222116943359375000e+03
2.216891357421875000e+03
2.240284423828125000e+03
2.335793212890625000e+03
2.254655029296875000e+03
2.062267578125000000e+03
1.931450439453125000e+03
1.752159179687500000e+03
1.633193603515625000e+03
1.583271728515625000e+03
1.511462768554687500e+03
1.476731567382812500e+03
1.469452270507812500e+03
1.505445190429687500e+03
1.628928955078125000e+03
1.628252075195312500e+03
1.694596679687500000e+03
1.857658203125000000e+03
1.938333862304687500e+03
1.993752075195312500e+03
1.965340087890625000e+03
1.915540161132812500e+03
1.837168701171875000e+03
1.810296386718750000e+03
1.778447509765625000e+03
1.819270874023437500e+03
1.884407592773437500e+03
2.061541015625000000e+03
2.006028320312500000e+03
1.909073242187500000e+03
1.839290405273437500e+03
1.690848876953125000e+03
1.612581787109375000e+03
1.561062377929687500e+03
1.467561767578125000e+03
1.443339477539062500e+03
1.424275268554687500e+03
1.475914306640625000e+03
1.611074829101562500e+03
1.701842163085937500e+03
1.932366943359375000e+03
2.173449218750000000e+03
2.363482177734375000e+03
2.419297363281250000e+03
2.363062011718750000e+03
2.281103027343750000e+03
2.177189453125000000e+03
2.215434326171875000e+03
2.214428955078125000e+03
2.215929443359375000e+03
2.245140625000000000e+03
2.293777099609375000e+03
2.187800292968750000e+03
2.009924682617187500e+03
1.874199340820312500e+03
1.669516967773437500e+03
1.591208251953125000e+03
1.483489257812500000e+03
1.433083374023437500e+03
1.402056274414062500e+03
1.397194213867187500e+03
1.453900512695312500e+03
1.596017211914062500e+03
1.713578857421875000e+03
1.917312866210937500e+03
2.221734619140625000e+03
2.403620849609375000e+03
2.405138916015625000e+03
2.335202636718750000e+03
2.238354736328125000e+03
2.158073486328125000e+03
2.171913574218750000e+03
2.187923095703125000e+03
2.202203857421875000e+03
2.224106689453125000e+03
2.282742675781250000e+03
2.176807617187500000e+03
2.002650634765625000e+03
1.824659545898437500e+03
1.629086914062500000e+03
1.547053344726562500e+03
1.426397460937500000e+03
1.384144042968750000e+03
1.350111083984375000e+03
1.354020874023437500e+03
1.420936645507812500e+03
1.567028076171875000e+03
1.668715332031250000e+03
1.882624389648437500e+03
2.173911865234375000e+03
2.361637207031250000e+03
2.397254638671875000e+03
2.349167968750000000e+03
2.263278320312500000e+03
2.173336181640625000e+03
2.208552246093750000e+03
2.217609863281250000e+03
2.211851806640625000e+03
2.238398437500000000e+03
2.294311523437500000e+03
2.175555908203125000e+03
1.986838378906250000e+03
1.834431274414062500e+03
1.658217407226562500e+03
1.535080444335937500e+03
1.431890014648437500e+03
1.380749633789062500e+03
1.353605468750000000e+03
1.355367553710937500e+03
1.425658569335937500e+03
1.562066650390625000e+03
1.711109130859375000e+03
1.874428588867187500e+03
2.173777099609375000e+03
2.389520751953125000e+03
2.405264404296875000e+03
2.346536132812500000e+03
2.251734375000000000e+03
2.172325683593750000e+03
2.211116699218750000e+03
2.220412597656250000e+03
2.232061279296875000e+03
2.267885986328125000e+03
2.299773437500000000e+03
2.222463867187500000e+03
1.993951416015625000e+03
1.811753417968750000e+03
1.650886108398437500e+03
1.572087158203125000e+03
1.464051757812500000e+03
1.400871459960937500e+03
1.374647827148437500e+03
1.376020141601562500e+03
1.441119262695312500e+03
1.605382324218750000e+03
1.668666259765625000e+03
1.801730346679687500e+03
1.975950195312500000e+03
2.139221191406250000e+03
2.212693115234375000e+03
2.185278320312500000e+03
2.113509765625000000e+03
2.006697509765625000e+03
2.013359497070312500e+03
2.034693359375000000e+03
2.062647216796875000e+03
2.116461669921875000e+03
2.227538330078125000e+03
2.173220458984375000e+03
1.999982299804687500e+03
1.885523071289062500e+03
1.731859252929687500e+03
1.616758789062500000e+03
1.516020507812500000e+03
1.448902954101562500e+03
1.422195678710937500e+03
1.424435546875000000e+03
1.483301391601562500e+03
1.628738769531250000e+03
1.745072998046875000e+03
1.870588867187500000e+03
2.091202148437500000e+03
2.279802978515625000e+03
2.350548828125000000e+03
2.287667724609375000e+03
2.219455810546875000e+03
2.120472167968750000e+03
2.147898681640625000e+03
2.137273925781250000e+03
2.157010498046875000e+03
2.198114013671875000e+03
2.288574707031250000e+03
2.222644531250000000e+03
2.061711914062500000e+03
1.926953125000000000e+03
1.778732666015625000e+03
1.659625976562500000e+03
1.592702148437500000e+03
1.505803955078125000e+03
1.493223510742187500e+03
1.480553710937500000e+03
1.545684204101562500e+03
1.670129028320312500e+03
1.735229248046875000e+03
1.814617919921875000e+03
1.926970825195312500e+03
1.999422241210937500e+03
2.052047851562500000e+03
2.033619506835937500e+03
1.956430664062500000e+03
1.899968505859375000e+03
1.859976196289062500e+03
1.871175415039062500e+03
1.884164672851562500e+03
1.939214355468750000e+03
2.069517822265625000e+03
2.043770385742187500e+03
1.955138793945312500e+03
1.858841186523437500e+03
1.723457763671875000e+03
1.624278076171875000e+03
1.513994995117187500e+03
1.461972778320312500e+03
1.443426269531250000e+03
1.431492675781250000e+03
1.500557128906250000e+03
1.617262084960937500e+03
1.732067871093750000e+03
1.915218139648437500e+03
2.172244873046875000e+03
2.364482421875000000e+03
2.386898193359375000e+03
2.346722412109375000e+03
2.247837402343750000e+03
2.147169677734375000e+03
2.155348388671875000e+03
2.144330322265625000e+03
2.158060302734375000e+03
2.157992675781250000e+03
2.216574218750000000e+03
2.117781982421875000e+03
1.936668212890625000e+03
1.761512207031250000e+03
1.589569702148437500e+03
1.485813598632812500e+03
1.381281982421875000e+03
1.318958618164062500e+03
1.300855957031250000e+03
1.321251464843750000e+03
1.376190673828125000e+03
1.519380615234375000e+03
1.626588012695312500e+03
1.834573364257812500e+03
2.109623291015625000e+03
2.307218750000000000e+03
2.333172607421875000e+03
2.261450439453125000e+03
2.175692626953125000e+03
2.085863037109375000e+03
2.099622802734375000e+03
2.104268798828125000e+03
2.130634765625000000e+03
2.159946289062500000e+03
2.210819335937500000e+03
2.122396728515625000e+03
1.979208374023437500e+03
1.793827636718750000e+03
1.622150268554687500e+03
1.493300903320312500e+03
1.335609008789062500e+03
1.297210449218750000e+03
1.275254516601562500e+03
1.292868652343750000e+03
1.353062500000000000e+03
1.511192382812500000e+03
1.634865722656250000e+03
1.819868896484375000e+03
2.118068115234375000e+03
2.319660400390625000e+03
2.342595214843750000e+03
2.306410888671875000e+03
2.217957763671875000e+03
2.117013183593750000e+03
2.136400878906250000e+03
2.136072753906250000e+03
2.155532714843750000e+03
2.185212646484375000e+03
2.229564941406250000e+03
2.137084716796875000e+03
2.002337280273437500e+03
1.803100830078125000e+03
1.633093017578125000e+03
1.507328735351562500e+03
1.390536987304687500e+03
1.331194458007812500e+03
1.317129638671875000e+03
1.311973754882812500e+03
1.388947631835937500e+03
1.548481933593750000e+03
1.675890502929687500e+03
1.876938842773437500e+03
2.167357666015625000e+03
2.369454589843750000e+03
2.419627441406250000e+03
2.361731445312500000e+03
2.281832031250000000e+03
2.208621093750000000e+03
2.247893554687500000e+03
2.236168212890625000e+03
2.259744140625000000e+03
2.279021484375000000e+03
2.326105224609375000e+03
2.188686035156250000e+03
2.007352416992187500e+03
1.849327148437500000e+03
1.689197021484375000e+03
1.583593261718750000e+03
1.485570068359375000e+03
1.440355834960937500e+03
1.403367065429687500e+03
1.408489379882812500e+03
1.465621948242187500e+03
1.623597167968750000e+03
1.706135131835937500e+03
1.883354980468750000e+03
2.108987304687500000e+03
2.278770751953125000e+03
2.370212646484375000e+03
2.335864257812500000e+03
2.282024169921875000e+03
2.180193603515625000e+03
2.178107177734375000e+03
2.151909179687500000e+03
2.156979980468750000e+03
2.192349121093750000e+03
2.253819824218750000e+03
2.172452880859375000e+03
2.027771240234375000e+03
1.899078369140625000e+03
1.747889160156250000e+03
1.644884643554687500e+03
1.535767211914062500e+03
1.469091552734375000e+03
1.444000366210937500e+03
1.441540405273437500e+03
1.499689208984375000e+03
1.649437133789062500e+03
1.730424072265625000e+03
1.944124267578125000e+03
2.177673828125000000e+03
2.368034667968750000e+03
2.443975585937500000e+03
2.390653320312500000e+03
2.300529785156250000e+03
2.219106933593750000e+03
2.224307128906250000e+03
2.193527343750000000e+03
2.195406738281250000e+03
2.196001708984375000e+03
2.262809082031250000e+03
2.177073486328125000e+03
1.996755737304687500e+03
1.846641723632812500e+03
1.682311279296875000e+03
1.574217163085937500e+03
1.493974731445312500e+03
1.433380615234375000e+03
1.415648925781250000e+03
1.422070190429687500e+03
1.470038696289062500e+03
1.600463623046875000e+03
1.662300537109375000e+03
1.743586669921875000e+03
1.866890502929687500e+03
1.931209594726562500e+03
1.987355590820312500e+03
1.961069335937500000e+03
1.895601318359375000e+03
1.808203125000000000e+03
1.784348876953125000e+03
1.760062988281250000e+03
1.770091308593750000e+03
1.825585571289062500e+03
1.968631713867187500e+03
1.936579345703125000e+03
1.830699951171875000e+03
1.727203125000000000e+03
1.576547973632812500e+03
1.485272705078125000e+03
1.409218383789062500e+03
1.360755493164062500e+03
1.347612915039062500e+03
1.351685058593750000e+03
1.420278564453125000e+03
1.533620849609375000e+03
1.682745727539062500e+03
1.909235351562500000e+03
2.229438964843750000e+03
2.403373046875000000e+03
2.406880859375000000e+03
2.371410888671875000e+03
2.258754638671875000e+03
2.165026123046875000e+03
2.168569091796875000e+03
2.161629394531250000e+03
2.170804687500000000e+03
2.170288818359375000e+03
2.208101562500000000e+03
2.126647216796875000e+03
1.944572021484375000e+03
1.788476196289062500e+03
1.620810302734375000e+03
1.493810791015625000e+03
1.398476074218750000e+03
1.344932128906250000e+03
1.325524047851562500e+03
1.339216186523437500e+03
1.403072875976562500e+03
1.546424438476562500e+03
1.676692382812500000e+03
1.937061279296875000e+03
2.254780273437500000e+03
2.419189453125000000e+03
2.400545166015625000e+03
2.362731201171875000e+03
2.285727783203125000e+03
2.194031982421875000e+03
2.193387939453125000e+03
2.176105957031250000e+03
2.191802246093750000e+03
2.204299072265625000e+03
2.240831054687500000e+03
2.136297119140625000e+03
1.950973266601562500e+03
1.756643310546875000e+03
1.601250610351562500e+03
1.517701904296875000e+03
1.408735351562500000e+03
1.354125976562500000e+03
1.327592041015625000e+03
1.330030517578125000e+03
1.385958374023437500e+03
1.531598632812500000e+03
1.659366210937500000e+03
1.918855468750000000e+03
2.231809326171875000e+03
2.393882324218750000e+03
2.393911621093750000e+03
2.348986816406250000e+03
2.254020263671875000e+03
2.178443847656250000e+03
2.184406250000000000e+03
2.181634765625000000e+03
2.194653808593750000e+03
2.197928222656250000e+03
2.272053466796875000e+03
2.147384765625000000e+03
1.958039428710937500e+03
1.802714599609375000e+03
1.630611206054687500e+03
1.492585815429687500e+03
1.406875366210937500e+03
1.345321777343750000e+03
1.335562744140625000e+03
1.342469726562500000e+03
1.407462890625000000e+03
1.569154907226562500e+03
1.680887451171875000e+03
1.955054321289062500e+03
2.261631103515625000e+03
2.421195312500000000e+03
2.440687011718750000e+03
2.387792480468750000e+03
2.307382324218750000e+03
2.226093505859375000e+03
2.246554687500000000e+03
2.247119628906250000e+03
2.254222412109375000e+03
2.274361328125000000e+03
2.295170654296875000e+03
2.162258544921875000e+03
1.968291870117187500e+03
1.851012084960937500e+03
1.696555908203125000e+03
1.593232177734375000e+03
1.493396972656250000e+03
1.424015014648437500e+03
1.408528320312500000e+03
1.417034301757812500e+03
1.485354980468750000e+03
1.633987060546875000e+03
1.783682983398437500e+03
2.027541381835937500e+03
2.344456787109375000e+03
2.545068115234375000e+03
2.560872070312500000e+03
2.495274658203125000e+03
2.405433349609375000e+03
2.341228027343750000e+03
2.314237792968750000e+03
2.322502441406250000e+03
2.304006103515625000e+03
2.314858154296875000e+03
2.349411376953125000e+03
2.236679199218750000e+03
2.042422241210937500e+03
1.904892211914062500e+03
1.739496582031250000e+03
1.628385742187500000e+03
1.532631713867187500e+03
1.461685302734375000e+03
1.434747924804687500e+03
1.432101318359375000e+03
1.509451904296875000e+03
1.624214721679687500e+03
1.739400146484375000e+03
1.901869140625000000e+03
2.142649169921875000e+03
2.344797851562500000e+03
2.401528808593750000e+03
2.363219970703125000e+03
2.269517333984375000e+03
2.198697753906250000e+03
2.198300048828125000e+03
2.160191650390625000e+03
2.154777832031250000e+03
2.185185302734375000e+03
2.263638183593750000e+03
2.210027587890625000e+03
2.090927246093750000e+03
1.944273803710937500e+03
1.778455200195312500e+03
1.657793579101562500e+03
1.552342041015625000e+03
1.481572753906250000e+03
1.452771240234375000e+03
1.456191528320312500e+03
1.501888671875000000e+03
1.635647949218750000e+03
1.687029785156250000e+03
1.799724243164062500e+03
1.907856323242187500e+03
2.014955932617187500e+03
2.087203613281250000e+03
2.050790527343750000e+03
2.025236938476562500e+03
1.950090087890625000e+03
1.936211791992187500e+03
1.915890258789062500e+03
1.910780151367187500e+03
1.968606567382812500e+03
2.104870117187500000e+03
2.080860595703125000e+03
2.005828125000000000e+03
1.939141601562500000e+03
1.809236938476562500e+03
1.717494140625000000e+03
1.752722534179687500e+03
1.631685302734375000e+03
1.627620849609375000e+03
1.570745117187500000e+03
1.615876220703125000e+03
1.739581054687500000e+03
1.871352905273437500e+03
2.118297607421875000e+03
2.453789306640625000e+03
2.661338623046875000e+03
2.720722656250000000e+03
2.673067382812500000e+03
2.547888427734375000e+03
2.513810791015625000e+03
2.550637695312500000e+03
2.491505126953125000e+03
2.459413085937500000e+03
2.463653076171875000e+03
2.437144775390625000e+03
2.375786865234375000e+03
2.255227783203125000e+03
2.077554931640625000e+03
1.952197631835937500e+03
1.851859130859375000e+03
1.745533935546875000e+03
1.658334716796875000e+03
1.605722045898437500e+03
1.598838623046875000e+03
1.650963623046875000e+03
1.767183471679687500e+03
1.878388916015625000e+03
2.148744384765625000e+03
2.484626220703125000e+03
2.679283935546875000e+03
2.737991210937500000e+03
2.692816650390625000e+03
2.580162353515625000e+03
2.571449951171875000e+03
2.580689941406250000e+03
2.561220214843750000e+03
2.499424316406250000e+03
2.453280761718750000e+03
2.446655517578125000e+03
2.357003417968750000e+03
2.180369140625000000e+03
2.047399169921875000e+03
1.897020141601562500e+03
1.788820678710937500e+03
1.679893920898437500e+03
1.586558349609375000e+03
1.549107788085937500e+03
1.540429199218750000e+03
1.599842041015625000e+03
1.735756713867187500e+03
1.858843750000000000e+03
2.069189453125000000e+03
2.368412109375000000e+03
2.566522216796875000e+03
2.625036621093750000e+03
2.562218017578125000e+03
2.454903564453125000e+03
2.428885742187500000e+03
2.429651367187500000e+03
2.411053955078125000e+03
2.397724609375000000e+03
2.358714599609375000e+03
2.336184082031250000e+03
2.280200683593750000e+03
2.104123779296875000e+03
1.954896484375000000e+03
1.821912963867187500e+03
1.714341308593750000e+03
1.624054321289062500e+03
1.538803344726562500e+03
1.494140502929687500e+03
1.498676025390625000e+03
1.544864624023437500e+03
1.688503662109375000e+03
1.822821289062500000e+03
2.013840332031250000e+03
2.335627929687500000e+03
2.549358642578125000e+03
2.573637695312500000e+03
2.513609130859375000e+03
2.436822021484375000e+03
2.389802246093750000e+03
2.374585449218750000e+03
2.351989501953125000e+03
2.333531738281250000e+03
2.304867675781250000e+03
2.330143798828125000e+03
2.262330566406250000e+03
2.068628173828125000e+03
1.916936523437500000e+03
1.758236694335937500e+03
1.644084350585937500e+03
1.536003295898437500e+03
1.463139526367187500e+03
1.444114013671875000e+03
1.434501953125000000e+03
1.488893554687500000e+03
1.611208740234375000e+03
1.711969604492187500e+03
1.895794921875000000e+03
2.139678466796875000e+03
2.317794189453125000e+03
2.376543701171875000e+03
2.313284667968750000e+03
2.223320068359375000e+03
2.138157958984375000e+03
2.156096191406250000e+03
2.149960937500000000e+03
2.154719238281250000e+03
2.174652587890625000e+03
2.226282714843750000e+03
2.183286376953125000e+03
2.020473632812500000e+03
1.883997924804687500e+03
1.729633178710937500e+03
1.610631591796875000e+03
1.514321166992187500e+03
1.453612182617187500e+03
1.426827392578125000e+03
1.401378173828125000e+03
1.469534790039062500e+03
1.583596801757812500e+03
1.661611938476562500e+03
1.743917480468750000e+03
1.873860351562500000e+03
1.957162109375000000e+03
1.991654418945312500e+03
1.979951049804687500e+03
1.907984497070312500e+03
1.801353271484375000e+03
1.796907836914062500e+03
1.820732543945312500e+03
1.832988891601562500e+03
1.846416625976562500e+03
1.983569702148437500e+03
1.974192626953125000e+03
1.893642822265625000e+03
1.821687133789062500e+03
1.689563964843750000e+03
1.599449218750000000e+03
1.513407958984375000e+03
1.447054321289062500e+03
1.414714599609375000e+03
1.429195068359375000e+03
1.486320556640625000e+03
1.634951416015625000e+03
1.769905517578125000e+03
2.025229858398437500e+03
2.332175537109375000e+03
2.512322509765625000e+03
2.535084472656250000e+03
2.474041259765625000e+03
2.380813964843750000e+03
2.362184326171875000e+03
2.376466064453125000e+03
2.363335693359375000e+03
2.349607177734375000e+03
2.348581542968750000e+03
2.327379150390625000e+03
2.213485107421875000e+03
2.057934814453125000e+03
1.901842895507812500e+03
1.744446044921875000e+03
1.622088989257812500e+03
1.526337158203125000e+03
1.460723754882812500e+03
1.434495605468750000e+03
1.438286376953125000e+03
1.513226074218750000e+03
1.643448242187500000e+03
1.774042114257812500e+03
2.017032470703125000e+03
2.334043701171875000e+03
2.513386230468750000e+03
2.543730468750000000e+03
2.495437011718750000e+03
2.405891357421875000e+03
2.386429687500000000e+03
2.412101318359375000e+03
2.402521972656250000e+03
2.401645019531250000e+03
2.381653564453125000e+03
2.382384033203125000e+03
2.300779052734375000e+03
2.112234375000000000e+03
1.967494995117187500e+03
1.816955566406250000e+03
1.686415039062500000e+03
1.595026977539062500e+03
1.516165039062500000e+03
1.477444946289062500e+03
1.486609252929687500e+03
1.550010131835937500e+03
1.686723876953125000e+03
1.785088378906250000e+03
2.018614257812500000e+03
2.347871337890625000e+03
2.529480712890625000e+03
2.553483154296875000e+03
2.500806884765625000e+03
2.424798583984375000e+03
2.385443603515625000e+03
2.402122314453125000e+03
2.393591552734375000e+03
2.387714843750000000e+03
2.365181640625000000e+03
2.373492431640625000e+03
2.283366699218750000e+03
2.091560058593750000e+03
1.932136718750000000e+03
1.758769042968750000e+03
1.637835693359375000e+03
1.554166381835937500e+03
1.486255493164062500e+03
1.451131103515625000e+03
1.458253417968750000e+03
1.521657592773437500e+03
1.656267578125000000e+03
1.762819458007812500e+03
1.973265991210937500e+03
2.288418212890625000e+03
2.474990722656250000e+03
2.438198730468750000e+03
2.406361328125000000e+03
2.333280273437500000e+03
2.254805664062500000e+03
2.281625000000000000e+03
2.274390136718750000e+03
2.264292724609375000e+03
2.286067871093750000e+03
2.300200927734375000e+03
2.234237060546875000e+03
2.058268066406250000e+03
1.912592163085937500e+03
1.749707641601562500e+03
1.640162231445312500e+03
1.533180786132812500e+03
1.455700439453125000e+03
1.427714111328125000e+03
1.426670288085937500e+03
1.502460205078125000e+03
1.625476806640625000e+03
1.747760620117187500e+03
1.971762084960937500e+03
2.275989257812500000e+03
2.461165039062500000e+03
2.491021484375000000e+03
2.438593017578125000e+03
2.374355224609375000e+03
2.315640136718750000e+03
2.328974121093750000e+03
2.328322753906250000e+03
2.331062500000000000e+03
2.327456542968750000e+03
2.348016845703125000e+03
2.266004638671875000e+03
2.074415283203125000e+03
1.927790649414062500e+03
1.767421386718750000e+03
1.648851074218750000e+03
1.535927246093750000e+03
1.473316040039062500e+03
1.445036743164062500e+03
1.450311035156250000e+03
1.511948242187500000e+03
1.668644531250000000e+03
1.721221923828125000e+03
1.883653076171875000e+03
2.098275390625000000e+03
2.271213623046875000e+03
2.345185302734375000e+03
2.307827148437500000e+03
2.233464599609375000e+03
2.144805419921875000e+03
2.166806640625000000e+03
2.173663085937500000e+03
2.172867431640625000e+03
2.208600585937500000e+03
2.273974609375000000e+03
2.233981933593750000e+03
2.091235839843750000e+03
1.950982299804687500e+03
1.800372924804687500e+03
1.691232543945312500e+03
1.565076293945312500e+03
1.505263427734375000e+03
1.487157958984375000e+03
1.482466552734375000e+03
1.521696044921875000e+03
1.644090820312500000e+03
1.678224731445312500e+03
1.770795410156250000e+03
1.906726440429687500e+03
1.981369384765625000e+03
2.036190063476562500e+03
2.014699584960937500e+03
1.956231933593750000e+03
1.879664184570312500e+03
1.856914916992187500e+03
1.860812377929687500e+03
1.868496337890625000e+03
1.872044433593750000e+03
1.998116699218750000e+03
2.020623413085937500e+03
1.893669921875000000e+03
1.820160156250000000e+03
1.665467651367187500e+03
1.561809570312500000e+03
1.477111206054687500e+03
1.419879760742187500e+03
1.397513549804687500e+03
1.387364135742187500e+03
1.441385131835937500e+03
1.578691528320312500e+03
1.702198242187500000e+03
1.929134399414062500e+03
2.246821289062500000e+03
2.398239746093750000e+03
2.395888671875000000e+03
2.359504882812500000e+03
2.285529052734375000e+03
2.205170166015625000e+03
2.224959228515625000e+03
2.206154541015625000e+03
2.218466308593750000e+03
2.217787597656250000e+03
2.249003906250000000e+03
2.195789550781250000e+03
2.001273681640625000e+03
1.846982177734375000e+03
1.683325927734375000e+03
1.555994750976562500e+03
1.465534423828125000e+03
1.409184204101562500e+03
1.376934082031250000e+03
1.365491821289062500e+03
1.430965576171875000e+03
1.562974121093750000e+03
1.659325439453125000e+03
1.758221801757812500e+03
1.916056884765625000e+03
1.940752563476562500e+03
1.895409790039062500e+03
1.855877929687500000e+03
1.820979125976562500e+03
1.705010253906250000e+03
1.702143432617187500e+03
1.705036499023437500e+03
1.748002441406250000e+03
1.803410522460937500e+03
1.930771972656250000e+03
1.959832519531250000e+03
1.836253906250000000e+03
1.740792236328125000e+03
1.576789794921875000e+03
1.463652221679687500e+03
1.360441284179687500e+03
1.314142333984375000e+03
1.293869628906250000e+03
1.305247436523437500e+03
1.353487915039062500e+03
1.486959228515625000e+03
1.606919433593750000e+03
1.840347290039062500e+03
2.149315673828125000e+03
2.344491943359375000e+03
2.362942382812500000e+03
2.301416992187500000e+03
2.214997558593750000e+03
2.137479736328125000e+03
2.139271240234375000e+03
2.156553955078125000e+03
2.179478759765625000e+03
2.190160644531250000e+03
2.216006347656250000e+03
2.148975341796875000e+03
1.947050292968750000e+03
1.790926147460937500e+03
1.612210083007812500e+03
1.473743286132812500e+03
1.369019653320312500e+03
1.319071533203125000e+03
1.295959716796875000e+03
1.290151855468750000e+03
1.363842285156250000e+03
1.523789428710937500e+03
1.659321166992187500e+03
1.890887817382812500e+03
2.216674560546875000e+03
2.400234130859375000e+03
2.398927734375000000e+03
2.361192138671875000e+03
2.270630371093750000e+03
2.177472167968750000e+03
2.208289794921875000e+03
2.206833007812500000e+03
2.223751220703125000e+03
2.231194335937500000e+03
2.225566650390625000e+03
2.164177978515625000e+03
1.982941650390625000e+03
1.813291015625000000e+03
1.641636840820312500e+03
1.497087524414062500e+03
1.384586059570312500e+03
1.321421875000000000e+03
1.311951904296875000e+03
1.330342773437500000e+03
1.403032348632812500e+03
1.562120605468750000e+03
1.683255371093750000e+03
1.941388671875000000e+03
2.260875244140625000e+03
2.412443603515625000e+03
2.417796875000000000e+03
2.376122314453125000e+03
2.307351074218750000e+03
2.244713867187500000e+03
2.250928222656250000e+03
2.257961914062500000e+03
2.255445556640625000e+03
2.267260986328125000e+03
2.260250000000000000e+03
2.199885253906250000e+03
2.017440063476562500e+03
1.863748779296875000e+03
1.686816162109375000e+03
1.532620483398437500e+03
1.406650512695312500e+03
1.352870605468750000e+03
1.337860229492187500e+03
1.345364868164062500e+03
1.427881103515625000e+03
1.551511962890625000e+03
1.647841430664062500e+03
1.840725463867187500e+03
2.111538574218750000e+03
2.314649169921875000e+03
2.350063232421875000e+03
2.307814697265625000e+03
2.200891357421875000e+03
2.120790527343750000e+03
2.110857910156250000e+03
2.113735839843750000e+03
2.132897460937500000e+03
2.153258300781250000e+03
2.196118164062500000e+03
2.157103515625000000e+03
1.985625244140625000e+03
1.819669677734375000e+03
1.640802612304687500e+03
