4.853060000000000684e+01
4.893446666666667255e+01
4.874273333333334079e+01
4.752520000000000522e+01
4.522846666666666948e+01
4.689533333333334042e+01
4.943893333333333828e+01
5.215766666666666396e+01
5.456360000000000099e+01
5.625853333333332529e+01
5.561693333333333555e+01
5.270373333333333932e+01
5.376066666666666549e+01
5.525720000000000454e+01
5.650806666666666445e+01
5.779526666666667012e+01
5.758606666666666030e+01
5.613333333333333286e+01
5.304939999999999856e+01
5.374153333333332228e+01
5.462993333333334078e+01
5.567020000000000124e+01
5.677666666666666373e+01
5.757386666666666031e+01
5.706926666666666392e+01
5.429093333333333504e+01
5.479766666666666453e+01
5.549453333333332949e+01
5.588946666666667085e+01
5.626126666666666409e+01
5.666580000000000439e+01
5.535246666666667181e+01
5.189719999999999800e+01
5.186473333333333358e+01
4.889580000000000837e+01
4.997686666666666611e+01
5.117306666666666359e+01
5.172299999999999898e+01
5.082319999999999993e+01
4.894093333333333362e+01
5.050693333333333612e+01
5.259280000000000399e+01
5.449499999999999744e+01
5.560773333333333568e+01
5.565079999999999671e+01
5.261133333333334150e+01
4.845986666666667020e+01
4.577200000000000557e+01
4.404033333333333644e+01
4.322353333333332870e+01
4.327886666666666571e+01
4.336206666666667076e+01
4.268039999999999168e+01
4.194653333333333478e+01
4.160933333333333195e+01
4.138166666666666771e+01
4.135699999999999932e+01
4.162346666666666550e+01
4.225673333333333659e+01
4.276053333333333484e+01
4.292660000000000053e+01
4.314693333333332959e+01
4.321706666666667473e+01
4.288886666666667224e+01
4.263066666666667004e+01
4.267240000000000322e+01
4.309746666666666925e+01
4.382126666666666637e+01
4.485339999999999350e+01
4.558200000000000074e+01
4.642426666666666790e+01
4.706173333333333630e+01
4.741679999999999495e+01
4.759826666666666029e+01
4.769993333333333396e+01
4.808813333333333873e+01
4.830446666666666999e+01
4.856686666666666952e+01
4.884273333333333511e+01
4.907146666666665880e+01
4.864213333333332656e+01
4.782500000000000284e+01
4.754306666666666104e+01
4.785299999999999443e+01
4.861433333333332740e+01
4.917066666666666919e+01
4.916926666666666534e+01
4.924806666666666644e+01
4.895746666666666869e+01
4.901780000000000115e+01
4.936673333333332891e+01
5.017660000000000053e+01
5.020693333333333896e+01
5.022106666666666541e+01
4.982019999999999982e+01
4.932813333333332650e+01
4.950740000000000407e+01
4.963199999999999790e+01
4.995633333333333326e+01
5.040986666666666594e+01
5.075140000000000384e+01
5.086813333333333986e+01
5.033460000000000178e+01
5.031186666666666696e+01
5.000106666666667365e+01
4.979966666666666697e+01
4.985826666666666540e+01
5.019340000000000401e+01
5.011019999999999897e+01
4.994913333333332872e+01
5.023073333333333323e+01
5.065019999999999811e+01
5.077706666666666280e+01
5.096286666666666321e+01
5.146280000000000143e+01
5.191013333333333435e+01
5.165273333333333028e+01
5.153486666666666594e+01
5.051746666666666385e+01
4.703986666666666139e+01
4.411880000000000024e+01
4.232199999999999562e+01
4.189773333333333483e+01
4.175773333333333426e+01
4.270280000000000342e+01
4.406173333333333630e+01
4.577313333333333389e+01
4.701206666666666933e+01
4.788419999999999987e+01
4.759793333333333720e+01
4.645960000000000178e+01
4.713293333333333379e+01
4.737726666666665665e+01
4.761899999999999977e+01
4.765233333333333832e+01
4.794579999999999842e+01
4.813273333333333426e+01
4.723940000000000339e+01
4.795513333333333605e+01
4.841953333333333376e+01
4.898706666666667076e+01
5.004960000000000520e+01
5.092386666666666173e+01
5.084900000000000375e+01
4.961019999999999897e+01
4.980319999999999681e+01
4.939266666666666339e+01
4.899660000000000792e+01
4.862573333333333636e+01
4.784126666666666949e+01
4.620553333333334223e+01
4.390520000000000067e+01
4.390746666666666442e+01
4.411266666666666225e+01
4.487979999999999592e+01
4.583286666666666065e+01
4.696893333333333231e+01
4.707346666666666835e+01
4.533553333333334479e+01
4.516446666666666232e+01
4.483673333333333488e+01
4.435886666666667111e+01
4.400599999999999312e+01
4.392960000000000065e+01
4.371920000000000073e+01
4.302126666666666210e+01
4.450580000000000069e+01
4.598413333333333952e+01
4.739900000000000091e+01
4.825873333333333193e+01
4.846526666666667182e+01
4.747853333333333126e+01
4.555313333333333503e+01
4.526893333333332947e+01
4.508893333333333686e+01
4.519886666666666031e+01
4.569140000000000867e+01
4.618173333333333375e+01
4.585853333333332671e+01
4.477579999999999671e+01
4.484666666666667112e+01
4.428606666666666314e+01
4.390446666666666431e+01
4.323193333333333754e+01
4.350459999999999638e+01
4.352693333333333214e+01
4.302993333333333226e+01
4.444806666666666928e+01
4.548593333333333533e+01
4.552546666666667363e+01
4.584540000000000504e+01
4.571133333333333582e+01
4.397173333333333289e+01
4.259946666666666459e+01
4.319413333333333327e+01
4.383846666666666891e+01
4.466620000000000346e+01
4.541433333333332456e+01
4.560780000000000456e+01
4.434373333333333989e+01
4.325679999999999836e+01
4.411559999999999349e+01
4.514939999999999998e+01
4.616973333333332619e+01
4.710193333333333499e+01
4.724153333333332938e+01
4.638953333333333973e+01
4.437446666666667028e+01
4.442086666666666872e+01
4.448086666666666389e+01
4.566406666666667036e+01
4.704853333333333865e+01
4.873899999999999721e+01
4.998913333333333497e+01
5.001873333333332994e+01
5.081460000000000576e+01
5.159333333333334082e+01
5.262779999999999347e+01
5.320413333333333128e+01
5.366806666666666104e+01
5.222299999999999898e+01
4.956260000000000332e+01
4.911039999999999850e+01
4.895666666666667055e+01
4.919286666666666719e+01
4.941026666666666500e+01
4.957220000000000226e+01
4.910853333333333381e+01
4.767906666666667093e+01
4.879800000000000182e+01
4.933326666666666682e+01
4.892686666666666895e+01
4.931166666666666032e+01
4.984033333333333360e+01
4.937339999999999662e+01
4.803426666666666733e+01
4.890626666666666722e+01
4.982626666666666893e+01
5.069680000000000319e+01
5.160160000000000480e+01
5.157560000000000144e+01
5.180826666666666824e+01
4.974486666666666679e+01
5.030546666666666766e+01
5.119866666666666788e+01
5.249673333333333147e+01
5.369600000000000506e+01
5.493019999999999925e+01
5.518846666666666323e+01
5.367480000000000473e+01
5.116753333333333842e+01
5.214933333333333110e+01
5.330766666666666964e+01
5.374886666666666457e+01
5.420853333333332813e+01
5.365993333333333482e+01
5.125146666666667272e+01
5.176239999999999242e+01
5.313853333333334206e+01
5.474980000000000757e+01
5.596146666666666647e+01
5.658853333333333069e+01
5.609293333333333464e+01
5.396126666666667404e+01
5.413246666666666584e+01
5.412500000000000000e+01
5.453099999999999881e+01
5.506660000000000110e+01
5.514500000000000313e+01
5.433553333333332347e+01
5.184613333333333429e+01
5.244986666666667219e+01
5.330573333333333608e+01
5.411766666666666481e+01
5.462460000000000093e+01
5.464393333333332947e+01
5.378639999999999333e+01
5.175319999999999965e+01
5.207480000000000331e+01
5.214340000000000686e+01
5.173493333333333055e+01
5.124286666666667145e+01
5.113413333333333100e+01
4.987040000000000362e+01
4.865599999999999170e+01
4.833593333333332964e+01
5.023146666666666249e+01
5.210493333333333510e+01
5.356513333333334259e+01
5.400386666666666713e+01
5.322933333333333650e+01
5.078753333333334297e+01
5.046299999999999386e+01
5.041279999999999717e+01
5.095739999999999270e+01
5.143780000000000285e+01
5.165240000000000720e+01
5.074773333333332914e+01
4.911446666666666516e+01
4.980706666666666393e+01
5.146713333333333651e+01
5.297760000000000247e+01
5.335206666666666564e+01
5.313359999999999417e+01
5.186460000000000292e+01
4.898386666666666400e+01
4.876906666666666723e+01
4.903626666666666267e+01
4.997626666666666750e+01
5.151406666666666467e+01
5.212800000000000722e+01
5.134046666666666425e+01
4.846133333333332871e+01
4.753686666666667548e+01
4.719493333333333140e+01
4.745599999999999596e+01
4.809353333333332614e+01
4.881506666666666661e+01
4.859986666666667077e+01
4.649246666666667238e+01
4.634740000000000038e+01
4.612339999999999662e+01
4.596853333333333325e+01
4.611793333333333322e+01
4.585673333333333090e+01
4.597893333333333743e+01
4.508053333333332802e+01
4.523499999999999943e+01
4.499913333333334009e+01
4.490880000000000649e+01
4.534720000000000795e+01
4.583720000000000994e+01
4.628893333333333970e+01
4.467553333333333399e+01
4.488293333333333379e+01
4.503053333333333086e+01
4.521106666666666030e+01
4.575553333333333228e+01
4.694546666666666823e+01
4.713953333333333973e+01
4.621033333333333104e+01
4.830233333333333690e+01
4.992906666666666382e+01
5.037826666666666853e+01
5.035353333333333126e+01
4.924393333333333089e+01
4.638960000000000150e+01
4.657746666666666613e+01
4.729573333333333096e+01
4.810193333333333499e+01
4.840139999999999532e+01
4.871473333333333500e+01
4.813933333333333309e+01
4.616560000000000485e+01
4.597686666666666611e+01
4.387186666666666213e+01
4.387433333333333252e+01
4.431793333333333607e+01
4.516813333333333702e+01
4.530773333333333142e+01
