4.632557768172794255e+01
4.514191553634557863e+01
4.623958310726911947e+01
4.393271662145382095e+01
4.550654332429076021e+01
4.485250866485815635e+01
4.480250173297162775e+01
4.605250034659432856e+01
4.640250006931886162e+01
4.688210001386377712e+01
4.219802000277275766e+01
4.504520400055454843e+01
4.562584080011091459e+01
4.572596816002217679e+01
4.650119363200443701e+01
4.815623872640088621e+01
4.730404774528017953e+01
4.465120954905603412e+01
5.108624190981120705e+01
5.236764838196224048e+01
5.075672967639244604e+01
4.958254593527848897e+01
4.709570918705569653e+01
4.280874183741114081e+01
4.749934836748222722e+01
4.906786967349644613e+01
4.944957393469928775e+01
4.835071478693986080e+01
4.842054295738797975e+01
4.737370859147760171e+01
4.355874171829551500e+01
4.598294834365910333e+01
4.139578966873182253e+01
4.428395793374636469e+01
4.537119158674927633e+01
4.632943831734985451e+01
