1.514051020011575019e+03
1.496745532130082893e+03
1.557548925215063718e+03
1.619188302330217084e+03
1.770146350468400669e+03
2.031500000426396355e+03
2.316759411692416052e+03
2.541860731538931759e+03
2.637660433259648926e+03
2.655023770623793553e+03
2.561653291162069763e+03
2.558545917589819510e+03
2.549105491833352517e+03
2.450423741612259164e+03
2.339373523910555832e+03
2.290527628682030809e+03
2.301294512965131162e+03
2.213795701682085109e+03
2.198088564010177834e+03
2.189666178197953741e+03
2.116977653443886084e+03
2.026569872768538062e+03
1.870398822299408266e+03
1.747028828768515268e+03
1.623314202663490732e+03
1.580092635940487753e+03
1.632589959386851206e+03
1.669581754010822578e+03
1.748033037327769762e+03
1.951502129788389084e+03
2.221693971245604189e+03
2.450370252132691348e+03
2.573563492741273421e+03
2.541851137720356746e+03
2.464791881592034770e+03
2.472737775001301543e+03
2.454554706968575374e+03
2.408361742088818119e+03
2.315128520446695802e+03
2.258905172476504049e+03
2.339470612739853550e+03
2.303901092621024418e+03
2.295711025590604550e+03
2.311501704964032342e+03
2.321971063052734280e+03
2.241960746500044024e+03
2.060127473416519479e+03
1.902116116357678038e+03
1.815650055026695327e+03
1.769868424653930788e+03
1.762763274151811174e+03
1.735741379330882410e+03
1.745334825532869218e+03
1.831714697367112876e+03
1.962897913331579502e+03
2.114849762336390086e+03
2.200760119878493697e+03
2.221978550833908230e+03
2.185514590782386676e+03
2.163066727342823469e+03
2.138571297503729511e+03
2.048427903056960986e+03
2.000234003554468245e+03
2.052279202038325366e+03
2.198152010066652565e+03
2.240178761776979627e+03
2.183933945991650944e+03
2.167273874539266671e+03
2.153106458151729839e+03
2.098994354963359910e+03
1.941799313498570200e+03
1.835653572906623822e+03
1.743536795739901208e+03
1.673032146637886171e+03
1.681171568526174269e+03
1.690039853665015244e+03
1.789858153287669438e+03
2.009117518654860532e+03
2.282164996334022362e+03
2.515490809310530949e+03
2.630638385292273597e+03
2.634025489587752418e+03
2.544377641262177804e+03
2.537984209833666227e+03
2.497288016041381525e+03
2.435977776252998410e+03
2.334334022799387185e+03
2.297583162139434080e+03
2.326788258981597210e+03
2.226631401487616131e+03
2.211296674237230491e+03
2.170338998822232497e+03
2.139962328376625919e+03
2.048542490130406350e+03
1.889558371991618515e+03
1.788147817059047611e+03
1.708073100767269580e+03
1.675266819390750470e+03
1.710530448944526370e+03
1.733360448227935194e+03
1.848330342248723127e+03
2.079221721687820263e+03
2.369716461952330519e+03
2.567962519561041063e+03
2.668018095602476478e+03
2.612882610133794515e+03
2.564953572455348876e+03
2.584565888961541532e+03
2.568086573882053926e+03
2.525713915058464409e+03
2.411745576935984445e+03
2.307882339459442392e+03
2.304697705002457496e+03
2.245085815814755733e+03
2.215769974064651251e+03
2.231232966586487692e+03
2.237729591501159121e+03
2.139880577838694990e+03
1.965573481314707124e+03
1.846425123056719031e+03
1.765246252552960414e+03
1.718281645895174279e+03
1.721060225724476595e+03
1.742589230871955351e+03
1.851150498362325834e+03
2.079329690550445321e+03
2.396535712506025448e+03
2.629289423298499969e+03
2.729091060625476075e+03
2.707483176171757350e+03
2.668106945031486248e+03
2.696556278038705386e+03
2.729944226757574143e+03
2.610501874431724445e+03
2.474320130657846676e+03
2.432138409565083748e+03
2.443450708906316777e+03
2.348242053833836508e+03
2.257292284503966584e+03
2.253287941681166558e+03
2.252171609058995273e+03
2.142606966913556334e+03
1.982001643134940196e+03
1.855032408485996257e+03
1.769963187387172411e+03
1.736728025819510322e+03
1.736327258390899260e+03
1.741880119644690467e+03
1.844163094511329746e+03
2.071576177730606105e+03
2.335686212498145323e+03
2.556027246960478806e+03
2.686006908741248481e+03
2.648601401941182303e+03
2.589354674324586995e+03
2.602193253256981279e+03
2.595895095561581456e+03
2.545940616060609045e+03
2.427944639263466343e+03
2.396072001090428330e+03
2.361493131307169733e+03
2.278984509017924665e+03
2.250281055323134296e+03
2.260505199850859299e+03
2.274166816747022949e+03
2.168506888724700275e+03
1.995652866281226807e+03
1.876820701491477166e+03
1.796864481858087402e+03
1.753326985110548094e+03
1.768296561319846887e+03
1.774628033085492007e+03
1.878255680996686806e+03
2.113661354657315314e+03
2.383188910757868143e+03
2.633412974717949965e+03
2.793188848182798210e+03
2.804267907275998368e+03
2.714729581884158051e+03
2.722956509941651802e+03
2.676824317158265785e+03
2.553185917900683762e+03
2.411721312543174918e+03
2.322856086904699168e+03
2.267528370097930747e+03
2.131902015251727789e+03
2.082853348866830402e+03
2.065633783986854723e+03
2.056435802701397733e+03
1.977941020288435993e+03
1.846128677831557752e+03
1.749689967438258918e+03
1.671645773204880243e+03
1.633916709231822097e+03
1.657085523930292311e+03
1.678097626505690414e+03
1.740666548978789251e+03
1.899691094334796617e+03
2.141772151465567731e+03
2.358928029367159979e+03
2.457433134181885180e+03
2.426812856839693723e+03
2.333973082582426287e+03
2.302675783871526619e+03
2.249815844558397657e+03
2.153913384465065974e+03
2.116918655343965384e+03
2.149458604880586336e+03
2.181234009051066096e+03
2.121096567569584295e+03
2.048838083413890672e+03
2.011802404267397151e+03
1.992509261953037594e+03
1.921304707026307369e+03
1.801354614933236007e+03
1.698036171900520458e+03
1.634250874660503996e+03
1.589478966497296142e+03
1.604769485060844545e+03
1.609733798795245775e+03
1.643078298720481598e+03
1.745409746692605722e+03
1.881890455460990324e+03
1.978915552366762768e+03
2.048174445557376202e+03
2.039633619774906492e+03
1.991145864400579512e+03
1.951448670802732522e+03
1.888934657462274117e+03
1.834755602264630852e+03
1.812418627056125388e+03
1.872941699525576723e+03
2.040015597548864662e+03
2.030773393592022330e+03
2.009235036119868255e+03
2.002798139968485884e+03
2.011812475447398356e+03
1.928924799256057895e+03
1.806960396892381141e+03
1.684303134760123385e+03
1.608010718981934815e+03
1.565377363226475836e+03
1.603121418610689034e+03
1.642169350529805115e+03
1.781332793370618447e+03
2.030514675292879019e+03
2.326613734388355624e+03
2.532516850161307957e+03
2.613729104272633322e+03
2.588334429109817847e+03
2.501874151139340938e+03
2.471091942526979437e+03
2.412162492233304874e+03
2.324129858108156441e+03
2.243951917891919493e+03
2.222568302781145121e+03
2.190245338604548124e+03
2.061314437764292961e+03
2.006621615831632425e+03
1.928043059976617542e+03
1.884615722119348220e+03
1.820511352490736499e+03
1.715751494711238365e+03
1.633921788981124109e+03
1.562109889216576221e+03
1.529553139878543107e+03
1.572851873908814468e+03
1.626045177782081282e+03
1.765599057584729053e+03
2.030613348105330033e+03
2.313540944101551759e+03
2.521575511369367177e+03
2.588267397800535491e+03
2.558661437688961087e+03
2.461689826502541564e+03
2.425259301473810410e+03
2.396864938260068357e+03
2.332771179859623317e+03
2.268485332908257988e+03
2.254108379739646807e+03
2.234193172688692357e+03
2.136457805263324644e+03
2.069125102742918898e+03
2.019862145959924419e+03
1.976607919514709920e+03
1.945152548563479968e+03
1.739203909748224532e+03
1.646523022600646755e+03
1.574834704942195458e+03
1.577967304728829959e+03
1.589702752662469720e+03
1.581763606709485657e+03
1.752396284084124545e+03
2.017006334763665791e+03
2.318194743913182265e+03
2.564244140358436198e+03
2.641934527531417643e+03
2.584323332307661531e+03
2.449391296172515013e+03
2.415023973951640983e+03
2.386735721128027762e+03
2.316956257103322514e+03
2.259290878835134663e+03
2.254792953868647146e+03
2.246884018332754295e+03
2.156677145482809465e+03
2.104769103436282876e+03
2.048803631110404694e+03
1.996600609606274702e+03
1.914289076359071260e+03
1.782550319473180025e+03
1.677039962736097550e+03
1.593532156394928734e+03
1.558518063890022404e+03
1.603594287171824590e+03
1.653447782718157669e+03
1.792266253852405271e+03
2.020094639773525614e+03
2.328407133414112195e+03
2.514226254909408453e+03
2.581689393018401915e+03
2.520857989318147247e+03
2.382175264751464965e+03
2.321128665457888928e+03
2.276956765954108505e+03
2.241234041316624825e+03
2.191807679043041844e+03
2.226514471661099833e+03
2.198631335035329812e+03
2.070352118590764803e+03
1.987076959562561569e+03
1.948853711988658233e+03
1.909599195594564890e+03
1.830396829056247043e+03
1.719805908369623921e+03
1.637905341174854811e+03
1.592670105154639714e+03
1.559921573103689980e+03
1.601118149945634968e+03
1.656539293383164704e+03
1.792425030862151743e+03
2.045765153095176402e+03
2.347807188536829472e+03
2.525151044351458495e+03
2.549881610574513616e+03
2.503113099131046965e+03
2.402995244340811951e+03
2.351895066975978807e+03
2.289298992878957051e+03
2.255252210076411302e+03
2.203457564852654741e+03
2.211744238835085980e+03
2.218048498049418413e+03
2.126687140876786088e+03
2.050380933744561389e+03
1.913176908441489331e+03
1.885626792676238438e+03
1.810153795626486726e+03
1.717086578377282876e+03
1.640664516397384432e+03
1.563670734791784071e+03
1.548638188859807542e+03
1.582499497857985943e+03
1.629950061449790610e+03
1.713777815741978657e+03
1.897438356310006839e+03
2.192216689525007951e+03
2.383290780234211979e+03
2.441461081154578551e+03
2.440738226553557979e+03
2.338967067937231150e+03
2.290381488116364835e+03
2.221099701138715773e+03
2.173115540174761009e+03
2.147999879118613535e+03
2.210579851303050873e+03
2.251169120385378847e+03
2.132712598688386606e+03
2.034221604565918142e+03
1.977827511773054084e+03
1.930781386382644769e+03
1.859541344438163151e+03
1.741415440606835318e+03
1.634372805645934477e+03
1.567153395567886264e+03
1.546903358319851350e+03
1.573916495954819538e+03
1.588639428537939466e+03
1.634453497841365788e+03
1.746013195906501551e+03
1.886858535741252581e+03
2.045921306494130704e+03
2.107775852222964659e+03
2.096143012713979715e+03
2.032630589622533307e+03
2.003170413359142003e+03
1.958037154528234851e+03
1.920609406576289302e+03
1.894147778617965514e+03
1.978692413292808396e+03
2.092783512357204017e+03
2.065543257651310796e+03
1.934820574603101932e+03
2.034000417415628590e+03
2.020098743713862859e+03
1.927715793194153321e+03
1.792660884606756099e+03
1.678325331058219035e+03
1.602710409282815363e+03
1.569387543409307455e+03
1.619207831561607691e+03
1.689624734020352435e+03
1.862514657155158147e+03
2.130755015726058446e+03
2.454669872280659547e+03
2.664117242988625549e+03
2.735586984801243943e+03
2.702882405685899812e+03
2.612129066009080361e+03
2.591798324224175303e+03
2.563212134492704081e+03
2.470394590132254507e+03
2.430245585967811621e+03
2.377660860862357367e+03
2.289871459923484508e+03
2.151019371932859485e+03
2.068302388795956176e+03
2.041151400282799841e+03
1.995105510287057314e+03
1.897226015651741818e+03
1.760438835552839237e+03
1.654165154707556439e+03
1.585181543342619079e+03
1.567888980903752099e+03
1.616289999997121868e+03
1.689171812887904252e+03
1.828869148991475868e+03
2.079830480574525154e+03
2.365826186437695469e+03
2.574485499217013057e+03
2.656538085728740498e+03
2.610072762144981425e+03
2.467148874036648976e+03
2.414080739894263388e+03
2.367428080105960817e+03
2.316418930191083291e+03
2.281056000617740210e+03
2.286544587274338028e+03
2.257732410615584740e+03
2.146967897859130517e+03
2.046091020617012646e+03
1.954368970710537951e+03
1.862325816452784693e+03
1.778225751341305795e+03
1.676646384244176716e+03
1.595945023771051183e+03
1.536520080634270698e+03
1.514861652168994169e+03
1.559743166464896376e+03
1.612222515617961790e+03
1.756172516260432758e+03
1.994746871280084633e+03
2.252764118123398475e+03
2.424911582648186595e+03
2.486625133364399971e+03
2.449001949919489562e+03
2.338137289733514535e+03
2.259178787736989307e+03
2.167565426974968886e+03
2.093278456329814617e+03
2.093651519211002778e+03
2.146675488039940774e+03
2.171438209592929070e+03
2.067956886190878322e+03
1.966822106079142713e+03
1.891582264590065506e+03
1.796211520351386753e+03
1.697180220061977934e+03
1.598398984137724028e+03
1.528054151950640971e+03
1.485058276318959770e+03
1.468302375304514044e+03
1.524323736447078772e+03
1.605785447737299592e+03
1.790895121338608988e+03
2.068899612310551220e+03
2.368581049492238435e+03
2.586240739308278080e+03
2.652218382201556778e+03
2.611491687699859995e+03
2.495405901006778095e+03
2.460325823455694263e+03
2.418552701627230363e+03
2.360365896821595470e+03
2.303022707260834522e+03
2.322469480695091534e+03
2.319103024478961743e+03
2.212899659131103363e+03
2.104520309772322435e+03
2.014086552196424691e+03
1.948242807625240175e+03
1.821422623325247741e+03
1.695420709993062246e+03
1.607327163662474504e+03
1.543722057538131139e+03
1.523626182860683230e+03
1.581315469836095872e+03
1.652768453293344464e+03
1.828684244199098202e+03
2.118097616984696288e+03
2.418025466990935456e+03
2.631171356720850326e+03
2.679134521825968477e+03
2.606308292685554079e+03
2.501514983609917181e+03
2.461669841079652542e+03
2.434687577719045294e+03
2.373484819097340278e+03
2.299131187858768953e+03
2.298214819998989242e+03
2.277830285277059829e+03
2.173647186935723767e+03
2.064856306805563690e+03
1.999349709038676565e+03
1.936673290327714312e+03
1.824289884925981141e+03
1.704945861333065750e+03
1.613804137755817237e+03
1.541886172533780609e+03
1.530453202478475077e+03
1.571594098939029436e+03
1.620870832367238108e+03
1.734754409157483906e+03
1.947458857865437039e+03
2.202310100095115104e+03
2.395321522338047544e+03
2.482976464158414728e+03
2.430978909308175844e+03
2.320851899555511864e+03
2.289647849993205909e+03
2.261600971567809665e+03
2.216339828726201631e+03
2.164638959647337742e+03
2.208998160362548333e+03
2.277191065613485080e+03
2.179979795750483845e+03
2.082980462269556028e+03
2.031234185718082927e+03
1.961181064773062417e+03
1.876432110473987677e+03
1.757176472917648880e+03
1.655832129069387520e+03
1.591621664466620359e+03
1.553439652882794917e+03
1.582186130716336947e+03
1.618077588351759459e+03
1.666092518118216958e+03
1.772172276773366093e+03
1.938134922668251420e+03
2.058286567088348420e+03
2.105251334526999472e+03
2.091725996679971558e+03
2.032087681654625158e+03
1.984266674461370030e+03
1.954219473290069345e+03
1.912530714974209559e+03
1.884958178057767327e+03
1.960098925970625487e+03
2.103934141072297734e+03
2.079797556158628595e+03
2.052467331739280326e+03
2.031771355020171768e+03
2.005438255665203542e+03
1.908384237368535651e+03
1.779255960321775547e+03
1.683582945121909916e+03
1.616610989290301632e+03
1.564567588467827818e+03
1.608188039225226021e+03
1.657883462907246212e+03
1.814327525595529323e+03
2.103661975010186325e+03
2.379943163780330906e+03
2.556635441208896736e+03
2.649654022080019331e+03
2.642693428652880812e+03
2.498315520059774826e+03
2.479155241753867358e+03
2.463272112945258868e+03
2.421530343649854331e+03
2.371504828158356759e+03
2.351834598293453837e+03
2.330136208736294066e+03
2.212969569894700726e+03
2.108740569165095167e+03
2.049802063545158489e+03
1.999177005193130981e+03
1.946631789044125981e+03
1.793913141736314174e+03
1.694366855519802812e+03
1.630466497831061133e+03
1.605140434025900731e+03
1.617447864459541506e+03
1.687805059845645701e+03
1.837586514985765234e+03
2.098599083439301921e+03
2.352208979296365214e+03
2.609718438061934648e+03
2.675186782874531673e+03
2.640600383256866280e+03
2.528756137949032109e+03
2.527499608639497637e+03
2.522841085500539521e+03
2.481542440504082151e+03
2.395229129787068359e+03
2.347032218929944975e+03
2.358989293371404074e+03
2.234070648021981469e+03
2.133555276822673932e+03
2.094613907252737590e+03
2.061989588227601416e+03
1.960915529727906005e+03
1.834420010771372290e+03
1.700012328378274560e+03
1.629679659948944845e+03
1.587361693431998674e+03
1.628180105736350924e+03
1.664421812760636840e+03
1.837335978407249740e+03
2.104668985648427224e+03
2.394659319251918532e+03
2.640216937714704727e+03
2.698268931202328076e+03
2.673340534636527082e+03
2.562126675292554864e+03
2.547550389602735322e+03
2.523047104385811053e+03
2.465024861208311449e+03
2.371432405115543588e+03
2.354867805724729806e+03
2.351141257153370134e+03
2.211890285505694465e+03
2.160148577865908010e+03
2.136893935033071557e+03
2.076800980754429474e+03
1.988467034683614656e+03
1.853238545129831664e+03
1.748893669015702471e+03
1.672372231440664109e+03
1.615624727395043010e+03
1.659981975526174665e+03
1.706127717272656810e+03
1.849513437032117054e+03
2.100951507875891366e+03
2.434270354615058750e+03
2.633702110058297421e+03
2.708848018844264516e+03
2.617247514686428985e+03
2.512433930025503741e+03
2.509118553443297515e+03
2.511919937957074126e+03
2.465811862638373441e+03
2.377564382495918835e+03
2.401023229558580169e+03
2.403528506844416825e+03
2.305374192814440448e+03
2.215845066830609085e+03
2.178408686847519675e+03
2.078516779051337835e+03
1.957371739141105763e+03
1.857960190622777873e+03
1.769118499634879299e+03
1.710449989095428009e+03
1.691739768593358122e+03
1.730092372082976681e+03
1.765499787774515880e+03
1.822717161656588587e+03
1.947546029008800360e+03
2.139344670246221995e+03
2.303832413458634164e+03
2.373510872237206968e+03
2.462884804373480165e+03
2.349984388276256141e+03
2.324762969597315532e+03
2.305725221239482380e+03
2.263114722736026124e+03
2.219782407288000286e+03
2.291336641414332007e+03
2.314859891320076258e+03
2.266449521405626456e+03
2.205086944376962492e+03
2.183197173263757122e+03
2.177286975088574309e+03
2.089029543732650836e+03
1.936459327441661799e+03
1.804344489931774888e+03
1.714304632503067978e+03
1.678828659413051582e+03
1.703831813035016694e+03
1.744997209843435940e+03
1.843333706444778500e+03
2.072390549761848888e+03
2.361781066334820935e+03
2.602142711857666654e+03
2.690864799104673239e+03
2.668202395349731887e+03
2.544861928968522989e+03
2.554494869693875444e+03
2.539242291218992250e+03
2.468973729033783911e+03
2.399868059302323218e+03
2.410257497297513510e+03
2.260477048164942971e+03
2.141955080284340966e+03
2.060559014434933033e+03
2.015161356413622343e+03
1.989058382348882333e+03
1.927851658740762559e+03
1.825284162587287938e+03
1.719664185231753436e+03
1.630450471998171224e+03
1.569900986029988871e+03
1.605204522334324793e+03
1.617175285847468558e+03
1.665192377924623770e+03
1.757656456892772439e+03
1.897801311980292212e+03
2.032239047031246173e+03
2.087702833197041400e+03
2.103012577652968957e+03
2.043315087817469930e+03
1.983398251884325418e+03
1.940268732374198180e+03
1.886868003242245550e+03
1.893324040851234031e+03
2.033596928127172987e+03
2.097485999022083888e+03
2.074099238023746238e+03
2.033331771326865464e+03
2.019439884531484950e+03
2.009498841354448132e+03
1.919634494978368821e+03
1.786671147227186566e+03
1.681727937038890104e+03
1.610576489416568620e+03
1.577720577283177136e+03
1.633993949914560517e+03
1.710293546381062015e+03
1.874827854548710548e+03
2.168950176685789302e+03
2.476687013501780257e+03
2.690437151419029760e+03
2.766398580327195305e+03
2.647543547551852953e+03
2.524274947205387434e+03
2.547524885654238005e+03
2.568491570966201834e+03
2.527264450727212989e+03
2.430557660647418743e+03
2.405694494356322593e+03
2.378491631550000420e+03
2.263431514706014696e+03
2.172824583585493656e+03
2.117562535357357774e+03
2.093035885963874534e+03
1.985394629821482795e+03
1.838938870760804321e+03
1.707332394007374432e+03
1.628262128650604382e+03
1.602970101896891038e+03
1.644843588173175249e+03
1.714676943608509191e+03
1.852757521953094283e+03
2.137752691099588901e+03
2.472603909071249291e+03
2.704425927872305692e+03
2.775941574035914073e+03
2.750205960346589109e+03
2.643205178814464489e+03
2.639955491968716160e+03
2.634969304874443424e+03
2.566801418479614767e+03
2.460153972187142699e+03
2.426505451410754631e+03
2.392935027349799384e+03
2.294457718247882440e+03
2.193297979790788759e+03
2.162262783866700374e+03
2.143612506330370252e+03
2.030866867669227759e+03
1.875004571814095243e+03
1.776956948680838650e+03
1.690122893197593157e+03
1.648244716098162371e+03
1.703332365711742568e+03
1.762522224162248904e+03
1.901547259785676033e+03
2.192066291280516907e+03
2.520936465670793496e+03
2.779059106561858243e+03
2.847481783261694090e+03
2.813229838428388121e+03
2.692068670136096898e+03
2.711163059425683059e+03
2.715897479240863959e+03
2.658925778688677383e+03
2.541832674563490400e+03
2.482740980576811580e+03
2.449842191308151087e+03
2.335650152957668070e+03
2.228069232527294389e+03
2.212284761075577990e+03
2.197858191128510043e+03
2.116939707324493156e+03
1.949823664216750331e+03
1.834852186007708042e+03
1.749409680444369997e+03
1.718584780214413286e+03
1.764999244235509423e+03
1.818892817652710619e+03
1.955354945956426036e+03
2.211341050775451095e+03
2.538568030447369892e+03
2.775077966135142560e+03
2.876092054507732882e+03
2.849310216652771942e+03
2.719356942147731843e+03
2.716150148401678052e+03
2.701989568040024551e+03
2.598968823447128671e+03
2.494275605983128571e+03
2.469842784014151675e+03
2.431775565471773007e+03
2.287269124979762182e+03
2.208775007174841448e+03
2.233332808169024247e+03
2.235455128778206927e+03
2.150627238411235794e+03
1.982950458234322014e+03
1.842165131215342626e+03
1.755890471276951303e+03
1.726158583720005254e+03
1.759822639979482574e+03
1.805126783345011745e+03
1.940178159696012926e+03
2.226808894459668409e+03
2.548543712158420476e+03
2.761497876194540368e+03
2.851662936010498470e+03
2.834152775311112691e+03
2.746680069863633435e+03
2.778698962945860785e+03
2.779550987497536426e+03
2.691134193068613058e+03
2.553450609477705257e+03
2.505891980607978894e+03
2.492106697580062701e+03
2.376709980773311145e+03
2.347519997408679046e+03
2.239094245540675729e+03
2.315759453340529035e+03
2.253019739247367397e+03
2.056330612365037268e+03
1.909696698168951343e+03
1.832447318766311128e+03
1.776549692132396331e+03
1.804502724728454268e+03
1.835846364886297351e+03
1.908859545755208956e+03
2.094054943695856309e+03
2.339549802632116098e+03
2.562805670614073733e+03
2.692456580005332853e+03
2.709076548258069124e+03
2.627430595281179194e+03
2.682947438499830696e+03
2.633996245491309310e+03
2.543657980227491862e+03
2.507643518067787227e+03
2.531571419731687001e+03
2.498394912222640869e+03
2.385389510411167521e+03
2.301230859282860820e+03
2.284223135963407003e+03
2.286661000302431603e+03
2.179325809615379512e+03
2.020775834177362412e+03
1.890443350450996377e+03
1.793995039357659607e+03
1.748845385191665628e+03
1.760555913321352136e+03
1.767639388632434247e+03
1.782784759136239472e+03
1.872303043905812274e+03
2.040862224278831945e+03
2.181381174750763421e+03
2.259358794934141770e+03
2.294025812920624958e+03
2.260292015522546080e+03
2.216734304274315036e+03
2.129270429100588444e+03
2.057418681130759524e+03
2.044880980974068279e+03
2.201169229020210423e+03
2.311491685904195037e+03
2.337610765534443999e+03
2.312902219109791076e+03
2.345500577596397306e+03
2.365188706960526360e+03
2.181846505824564247e+03
2.045968362021745179e+03
1.927555348414795617e+03
1.854024498844457867e+03
1.773782758553312078e+03
1.792865093863308402e+03
1.858940499487786838e+03
1.980756103140496634e+03
2.160259705394213597e+03
2.446176545167535551e+03
4.341348630497313366e+02
2.455806901571589833e+02
7.637595218433742730e+02
1.622004643691229830e+03
2.287446641455169356e+03
2.433851187953391218e+03
2.417852295671840693e+03
2.385865255586198600e+03
2.300015562771983696e+03
2.448907329832460618e+03
2.436402162626811332e+03
2.297662466229713573e+03
2.258502422608198231e+03
2.353216524777413724e+03
2.155028887453834159e+03
1.957597103627442038e+03
1.822752179229571766e+03
1.734147723762406713e+03
1.689843228782835013e+03
1.735346431351710635e+03
1.775023196456989353e+03
1.929790453825663462e+03
2.213900639348997629e+03
2.555622348029675777e+03
2.784324893637907735e+03
2.888413225564106597e+03
2.883394614599199031e+03
2.798475900260703384e+03
2.804115259012388378e+03
2.769886779041686623e+03
2.663917554487983125e+03
2.571648235057016336e+03
2.555878022830676855e+03
2.489318205946366106e+03
2.344375215921659674e+03
2.247301419488679585e+03
2.233449687913534035e+03
2.229448984910180570e+03
2.101307465337662506e+03
1.925883497388773094e+03
1.783542733850654713e+03
1.699289798483538334e+03
1.673711707606075379e+03
1.702711844945349412e+03
1.747620001168168301e+03
1.906305244415546213e+03
2.199048141742446205e+03
2.514874076443623380e+03
2.805890016868794191e+03
2.937276183813047282e+03
2.860732112730725930e+03
2.738292398190384120e+03
2.734201729509650704e+03
2.711834989546051020e+03
2.649706172246634196e+03
2.588255023889422318e+03
2.637396219729958375e+03
2.575293625784723190e+03
2.445239702237244273e+03
2.431144091547232620e+03
2.456482252151278772e+03
2.493537852448360354e+03
1.898420270899438265e+03
1.740590555613719971e+03
1.684318861789545508e+03
1.659716273173949503e+03
1.674930530562842250e+03
1.723584546722978530e+03
1.813028667176290128e+03
1.871228868605766820e+03
2.065064044344285321e+03
2.466441137641148543e+03
2.765393888911115027e+03
2.882047275282680857e+03
2.883357710600547762e+03
2.702551080272594390e+03
2.702666861643097036e+03
2.650814287499189504e+03
2.553985848039093980e+03
2.500248481779625763e+03
2.500085766730792784e+03
2.431797602408953480e+03
2.315517962970135613e+03
2.216380715997683183e+03
2.155011258512643963e+03
2.117089774628058422e+03
2.024517541913111700e+03
1.872028207028197357e+03
1.738400082518912541e+03
1.628598002744952964e+03
1.608871250733475790e+03
1.659093804147032870e+03
1.737112076798650378e+03
1.893734305014453412e+03
2.176256643709112268e+03
2.517050711537537609e+03
2.749190231052724357e+03
2.839814632231658379e+03
2.885515948794606174e+03
2.680337393519987927e+03
2.615357556480858420e+03
2.574414618040768346e+03
2.506489850637967720e+03
2.429687798625663163e+03
2.503382239573720653e+03
2.485478433979378224e+03
2.384047594384598597e+03
2.225437631595918447e+03
2.152172120645082941e+03
2.099917214076190703e+03
2.012614675850807544e+03
1.865316057247223625e+03
1.756055528088788378e+03
1.674232740843882311e+03
1.632500715820661753e+03
1.674099911341735151e+03
1.696978928295148535e+03
1.808835495596684495e+03
2.032899890983837395e+03
2.296760006534991135e+03
2.515235484751205149e+03
2.663837474349184504e+03
2.579039496121216871e+03
2.457687102602756568e+03
2.439935790037192874e+03
2.430043630198239953e+03
2.382513538801072627e+03
2.302664525289192170e+03
2.364343673817379567e+03
2.395371373783056697e+03
2.300025194907470450e+03
2.175917606712108409e+03
2.095480379504261691e+03
2.050102366967486887e+03
1.996263580630032720e+03
1.863222798488682429e+03
1.744332053179607556e+03
1.658366709038786666e+03
1.615780092036784481e+03
1.649649983724300228e+03
1.659051826048175371e+03
1.704494106602020565e+03
1.807428795620952769e+03
1.945231059293584622e+03
2.091029429097416141e+03
2.182863358580958902e+03
2.100535096873474231e+03
2.046168428829718778e+03
2.012024798816463772e+03
1.983047537106709342e+03
1.942949489251067916e+03
2.018259438125559655e+03
2.078685556247029126e+03
2.245475605811611331e+03
2.199886987310571385e+03
2.165309670054429262e+03
2.133098745411882192e+03
2.112550178731165488e+03
2.035081077171300421e+03
1.880244658470406421e+03
1.748042852953357851e+03
1.674695452134301604e+03
1.637144870813673606e+03
1.687340843446611416e+03
1.753127838844066900e+03
1.907884619956805409e+03
2.196760540431052505e+03
2.526700683389310143e+03
2.762802789611698699e+03
2.872176415912404991e+03
2.755734779857372814e+03
2.637828107098624514e+03
2.638818124846646242e+03
2.621196783632408369e+03
2.571000832956211980e+03
2.480860677909865444e+03
2.501733083655550217e+03
2.487676418564054075e+03
2.374025383164805589e+03
2.265259578931827946e+03
2.218338771136724517e+03
2.198618193208214961e+03
2.109298730224714291e+03
1.943440181091281602e+03
1.796318982826783667e+03
1.708167870613424611e+03
1.672665085125468977e+03
1.729241205426673559e+03
1.790235287680619649e+03
1.950352855969948223e+03
2.235449040593017344e+03
2.571070902471688441e+03
2.818867593854977258e+03
2.952965052732270578e+03
2.908202643289641401e+03
2.788634029931000896e+03
2.787249446805411480e+03
2.720186676634005835e+03
2.636315916521150939e+03
2.548922771697218650e+03
2.600290107497929966e+03
2.592944365618588108e+03
2.501284351928733486e+03
2.388694579892378897e+03
2.358894367104926005e+03
2.343250520516926827e+03
2.216621482263945836e+03
2.038008865997089970e+03
1.893314757272016095e+03
1.799497117946912567e+03
1.757464111174065238e+03
1.788116161891768343e+03
1.839955769406681839e+03
1.975731170517727378e+03
2.247093060106802568e+03
2.578981066324127369e+03
2.838000723323765669e+03
2.957430733960521138e+03
2.925377871616150969e+03
2.806001500677514741e+03
2.824723559027758711e+03
2.830019992554436158e+03
2.745751596867386979e+03
2.629223326760793952e+03
2.639680821250621193e+03
2.636837463466998088e+03
2.532188197885396676e+03
2.403797289948672187e+03
2.328065137384544869e+03
2.285806460562309439e+03
2.151511882139643603e+03
1.986641894539258828e+03
1.857296403109071434e+03
1.772781312795464601e+03
1.736677657099106455e+03
1.789815137776214442e+03
1.838358954571540608e+03
1.989531196138485711e+03
2.261893208136488738e+03
2.597481638761140402e+03
2.855134130616895163e+03
2.969529418059131785e+03
2.940898044455244417e+03
2.838827024546437769e+03
2.864124374580372205e+03
2.845527529312286333e+03
2.753033288143486061e+03
2.632590526727314227e+03
2.652669946743759738e+03
2.583041795294956046e+03
2.410142984222308769e+03
2.275655435279700214e+03
2.165166070450022289e+03
2.166132334943639762e+03
2.108056022027059043e+03
1.954613179724851989e+03
1.823311951092441177e+03
1.725804132213327421e+03
1.704021324593960344e+03
1.753825034675653569e+03
1.790693355482459083e+03
1.914583123096016152e+03
2.174905049446184421e+03
2.478967494898524819e+03
2.703637761953302743e+03
2.862204329354067340e+03
2.886054169071662272e+03
2.788071362753488756e+03
2.796618705820536888e+03
2.771396671054569651e+03
2.696413232791323480e+03
2.606557115224726203e+03
2.638438667615564555e+03
2.606261622724623976e+03
2.499849319506371103e+03
2.386067708876171309e+03
2.356641254322162240e+03
2.317735792512206444e+03
2.227198811434735944e+03
2.056925632807483453e+03
1.931027709661824929e+03
1.816811828021710653e+03
1.769982481533675355e+03
1.808688255688255822e+03
1.848279685864717749e+03
1.931028280258312407e+03
2.108530297038922072e+03
2.348861725094516260e+03
2.590064621534326761e+03
2.700958011130641808e+03
2.663873517017021186e+03
2.576806629714186784e+03
2.577522006788710314e+03
2.543800909448241327e+03
2.463018790562824051e+03
2.403878043199807053e+03
2.467050739523864650e+03
2.485342738021078731e+03
2.429899885314756830e+03
2.344081384365908889e+03
2.311378117618674423e+03
2.268311310592482187e+03
2.257138619353976537e+03
2.068205373378300465e+03
1.933803536130290468e+03
1.838996332279147055e+03
1.786603705695227291e+03
1.811988421957272976e+03
1.820861276276813669e+03
1.812751257935428839e+03
1.878035130634119696e+03
2.015508257576582764e+03
2.105620151325550069e+03
2.135524736478555042e+03
2.145050659739916682e+03
2.119223642639479294e+03
2.128537302044425360e+03
2.119564971382798831e+03
2.077883748004438075e+03
2.052357269263549369e+03
2.217258667062065342e+03
2.292417082970099273e+03
2.304429088212992156e+03
2.293452751418566095e+03
2.286523139010362684e+03
2.309137375759210499e+03
2.162611068455222266e+03
1.991793772017309720e+03
1.847312265548316191e+03
1.763556540297241099e+03
1.731141339153741001e+03
1.773969575550954232e+03
1.792217466411139640e+03
1.901511697894132794e+03
2.148496836965167404e+03
2.489568957853320626e+03
2.708603388911106322e+03
2.802959643181668071e+03
2.782761467150845419e+03
2.691861301073155573e+03
2.749570949070569441e+03
2.771132522556302774e+03
2.721645310108850936e+03
2.649836274024176419e+03
2.651203428954468109e+03
2.577705895392290131e+03
2.416257095952197687e+03
2.310121136445377033e+03
2.236950999711627446e+03
2.173073929028969360e+03
2.090356859517163230e+03
1.950404065533881294e+03
1.825868497861593823e+03
1.711487893862346937e+03
1.642622280335390315e+03
1.682119093717436499e+03
1.709892983898354714e+03
1.859328432440493998e+03
2.099629859293305344e+03
2.405745190892026585e+03
2.662864108985312669e+03
2.780768920674497622e+03
2.744795555081460407e+03
2.665265663976500946e+03
2.681084472460709094e+03
2.683869521256000553e+03
2.623101066707611608e+03
2.542070870019656468e+03
2.554948013679868836e+03
2.517372382741358251e+03
2.425686885229264135e+03
2.323097436060648306e+03
2.271756840562401976e+03
2.239098641054793461e+03
2.123422613698082841e+03
1.962853373705487684e+03
1.821240067388553371e+03
1.712459409448039878e+03
1.680812322863255986e+03
1.714770994451360821e+03
1.753876972777288302e+03
1.905657695327646934e+03
2.141959066294796685e+03
2.469510164810158585e+03
2.758048820710717791e+03
2.837638608407827178e+03
2.835401249895895944e+03
2.724924837422702694e+03
2.735729543022326197e+03
2.736819238422910075e+03
2.668344956834798722e+03
2.569442227038101919e+03
2.569181871886696172e+03
2.522572250309517131e+03
2.432156372515435123e+03
2.331806127678931261e+03
2.263161146338621620e+03
2.244744926591341027e+03
2.133450270578461186e+03
1.966136608980897790e+03
1.827411583281515504e+03
1.716024557346976735e+03
1.672527844644102970e+03
1.711132057569142717e+03
1.771677753471778033e+03
1.920227301916222132e+03
2.186104556293505539e+03
2.505212831538712180e+03
2.752141908723940560e+03
2.840533322052156564e+03
2.806324434083486267e+03
2.715010020114159488e+03
2.714615217365825629e+03
2.706553563202858186e+03
2.647675632409148875e+03
2.569817438873579704e+03
2.594399653156423483e+03
2.549647077299543071e+03
2.450917639419236821e+03
2.351196642969805453e+03
2.323138052757363766e+03
2.314277408850154188e+03
2.184002074166591683e+03
2.014661027748932611e+03
1.864293519758984530e+03
1.752479789569097647e+03
1.673275013672963723e+03
1.710922258299667646e+03
1.745393488764013682e+03
1.904398279483360739e+03
2.128382795845290730e+03
2.407052203582883521e+03
2.636268502438189444e+03
2.722643252368435242e+03
2.699647735768158782e+03
2.610551123488931808e+03
2.616272188556160472e+03
2.603534220300102788e+03
2.563462355402573849e+03
2.501005887846356927e+03
2.542172395353453339e+03
2.516872007186489554e+03
2.399682629012649159e+03
2.272443492422271447e+03
2.210346596118374691e+03
2.191465720590928868e+03
2.099397731019089861e+03
1.945483144804704125e+03
1.807270956062039659e+03
1.697181426401701856e+03
1.658425999942929820e+03
1.679518665534194952e+03
1.734649345239728746e+03
1.824445325101699609e+03
2.031491162248996488e+03
2.297726354553567035e+03
2.515222865019291476e+03
2.612725499223786755e+03
2.579188246555338992e+03
2.490070018786003402e+03
2.492502206720099366e+03
2.511599380227572055e+03
2.497683596426210443e+03
2.436135364578888584e+03
2.485057149376836605e+03
2.470392107708489220e+03
2.370473466020293927e+03
2.237203687654163332e+03
2.147367449267057054e+03
2.111158275163940289e+03
2.006837537817042403e+03
1.858845597740349149e+03
1.692789299775763084e+03
1.601267969359246081e+03
1.655839393783960077e+03
1.677797830285649525e+03
1.678961961669843049e+03
1.737434931452283536e+03
1.790808136292877862e+03
1.958509600458070054e+03
2.044350848204673184e+03
2.130046652947672101e+03
2.126578804185424815e+03
2.087041935014450701e+03
2.053266934731818765e+03
2.042565239522042020e+03
1.994430758857747833e+03
1.972850207213812382e+03
2.100687373810636927e+03
2.176079576926371374e+03
2.201161308234212356e+03
2.155619002732244098e+03
2.123530037176073165e+03
2.103287206626651368e+03
2.009911801321749408e+03
1.860375946989132672e+03
1.722766720133837907e+03
1.641762676666109201e+03
1.621254303290908410e+03
1.672413168750705381e+03
1.737203751241093187e+03
1.890769476675309079e+03
2.180627237459678327e+03
2.516080536924879652e+03
2.759126537059597013e+03
2.843063003335377289e+03
2.806067519272296977e+03
2.701871326742278143e+03
2.718324391315651610e+03
2.734582318654125629e+03
2.686312843408582012e+03
2.608779001073187374e+03
2.638184921681081960e+03
2.609703690482564980e+03
2.475496317735575758e+03
2.355045677153523684e+03
2.287226112972761712e+03
2.234377047770364697e+03
2.110413006972715266e+03
1.936506052028455770e+03
1.788665730549246973e+03
1.700281313963986349e+03
1.677200994747987124e+03
1.735138816928780216e+03
1.790566474795611157e+03
1.929255768842688667e+03
2.192698929025998041e+03
2.514689562370478598e+03
2.728390548995828340e+03
2.828915035899718987e+03
2.818148665382777381e+03
2.707623964541944588e+03
2.714916212996449758e+03
2.720684830520510332e+03
2.655416923381952529e+03
2.606789752518134264e+03
2.638022220931221455e+03
2.604735675545792219e+03
2.512470789090461949e+03
2.298952033613650201e+03
2.214763256128970170e+03
2.168908685610644170e+03
2.114445177183017222e+03
1.956599952680021488e+03
1.813708964312524813e+03
1.696650038344837867e+03
1.676569517495883247e+03
1.729344332256607231e+03
1.786378779919482213e+03
1.943591682637179701e+03
2.203227597016551954e+03
2.512507746378611500e+03
2.728031831043378588e+03
2.805083556653870346e+03
2.808509235683704901e+03
2.683710648987668719e+03
2.675931355414269547e+03
2.686344855616951463e+03
2.640678635165523701e+03
2.577066238837846868e+03
2.588621211690961900e+03
2.554023263174871772e+03
2.448494111405443164e+03
2.333788227725171055e+03
2.260116389010671810e+03
2.226116088955138821e+03
2.087706727397238865e+03
1.939082501234243409e+03
1.765416858613056547e+03
1.687086324061194773e+03
1.648864841276305015e+03
1.702132016193676463e+03
1.788740753079039905e+03
1.920780549054294852e+03
2.147512170072881418e+03
2.486576322316077949e+03
2.818995985850584475e+03
2.840359283989270807e+03
2.753843392542209585e+03
2.537243836205048865e+03
2.593354633990084949e+03
2.632604015487859670e+03
2.650168232556811745e+03
2.604209796912003185e+03
2.583454837801239591e+03
2.556239151212882462e+03
2.413101829133583124e+03
2.263291171833926455e+03
2.149436009393949007e+03
2.105909527353843714e+03
1.981967742111233747e+03
1.834629744048992507e+03
1.720709394154859183e+03
1.633518480929550151e+03
1.622888720890233117e+03
1.673821406095689099e+03
1.721396974709916094e+03
1.857888042337028537e+03
2.129620816506620940e+03
2.422069944299371400e+03
2.642666114378010661e+03
2.748696038604232854e+03
2.702044102675915838e+03
2.615502904998081249e+03
2.624862782612335195e+03
2.621329497591117160e+03
2.545690620424959434e+03
2.553691687441957129e+03
2.575266709187505512e+03
2.506618108380414014e+03
2.400983387011698142e+03
2.251485859547605742e+03
2.149814851421348521e+03
2.084032681430772755e+03
1.992883528637865084e+03
1.836385965950358923e+03
1.699104454418388514e+03
1.629825430909601209e+03
1.602582086915953823e+03
1.657131229189916212e+03
1.701959428170686124e+03
1.815618214916229817e+03
2.003572304971720314e+03
2.261575224396508474e+03
2.501631031412535776e+03
2.582586827226696187e+03
2.559814196955460375e+03
2.463909888888545538e+03
2.483655231189984988e+03
2.519158160799062898e+03
2.506013143128776846e+03
2.481280525985711392e+03
2.559464482424023117e+03
2.504589343001639008e+03
2.402202779188915883e+03
2.274459749107291373e+03
2.151136924096324947e+03
2.085591732229407626e+03
2.004020185961237985e+03
1.853791224068745350e+03
1.739651639695719496e+03
1.655077833891751197e+03
1.621728056612622368e+03
1.687834936464105567e+03
1.716941017463322169e+03
1.741150961013110646e+03
1.842564485522885434e+03
1.978034352759468902e+03
2.106387438779318018e+03
2.169846665755794675e+03
2.169748033396981555e+03
2.131216836941543534e+03
2.125167456616998606e+03
2.107854820086166455e+03
2.076405046749483517e+03
2.078187294437649143e+03
2.217745875440049531e+03
2.287211747076909433e+03
2.297246029316161184e+03
2.200743166569861842e+03
2.165929462376099764e+03
2.104415510304111649e+03
2.005193245520055143e+03
1.853850465745078964e+03
1.731862123359877614e+03
1.655853487970773813e+03
1.629024060119123760e+03
1.672614442707510307e+03
1.765400066908914823e+03
1.890807151179504899e+03
2.152180553821490321e+03
2.469660521007663647e+03
2.684470188226460323e+03
2.765449726045127591e+03
2.747586711573527737e+03
2.641481240734275161e+03
2.627486510855732831e+03
2.637697357765563993e+03
2.612056486235923785e+03
2.545481465731124445e+03
2.582871608316282618e+03
2.511033267355405314e+03
2.365486043951346801e+03
2.356279681406652344e+03
2.124573895155403079e+03
2.017885189143437401e+03
1.947228099840601544e+03
1.815239747709460289e+03
1.694286420077265802e+03
1.607369422803214775e+03
1.586012684124321822e+03
1.650063992527038408e+03
1.723878692657845932e+03
1.872206656705246814e+03
2.124708039010717584e+03
2.426348330956152495e+03
2.623707512303758904e+03
2.687348624953908711e+03
2.649174232514901178e+03
2.546428951336650698e+03
2.545617868809782976e+03
2.512244306598431194e+03
2.508669589744281438e+03
2.492398945575590915e+03
2.556723069191139984e+03
2.512519798876498044e+03
2.422029768765667541e+03
2.235679283071762711e+03
2.032162423197032240e+03
1.931478848446949314e+03
1.860459134117422309e+03
1.723936632492017679e+03
1.616278367228596608e+03
1.545257288622324722e+03
1.529808037410204633e+03
1.582247896937014502e+03
1.659004236723559643e+03
1.793583321247777349e+03
2.056700452878090800e+03
2.344485524130713202e+03
2.548181956067453484e+03
2.618127040653363110e+03
2.564445222017058768e+03
2.471083176410471424e+03
2.464983763271378848e+03
2.462473160886206642e+03
2.444472635532176810e+03
2.425170906150504379e+03
2.498754241310344241e+03
2.425084997517871670e+03
2.270301830847071415e+03
2.121082794612090311e+03
1.976948410873443891e+03
1.851994164367809617e+03
1.734785586394097663e+03
1.613598475401725182e+03
1.522474316818277202e+03
1.460975233010134389e+03
1.453881660093630899e+03
1.526168149605369308e+03
1.607390034460906463e+03
1.755419586610523083e+03
2.012306565659844864e+03
2.299503587494205021e+03
2.498076821076891520e+03
2.576676590295983715e+03
2.562189509745265696e+03
2.466241412546430638e+03
2.457280558495054265e+03
2.465168113393694057e+03
2.452521910501359798e+03
2.421835834769163739e+03
2.486949645002889156e+03
2.427125738671486943e+03
2.307833633665375601e+03
2.185891259047612493e+03
2.035073720266740565e+03
1.823462783493500638e+03
1.739450067682966619e+03
1.608344356147472581e+03
1.508925627234651756e+03
1.454629895653955600e+03
1.451923101761046155e+03
1.542074524515980329e+03
1.627051764379327324e+03
1.778189420833988606e+03
2.027318189242877224e+03
2.329543572289090662e+03
2.548630328478147931e+03
2.655363519849755448e+03
2.662708454879670626e+03
2.577734580694157557e+03
2.558004853643845763e+03
2.530659902063736808e+03
2.443601818190974427e+03
2.369811207522220684e+03
2.442986879017854790e+03
2.401856926743779240e+03
2.321918444782210827e+03
2.239107402204785558e+03
2.100187403296884895e+03
1.972522241507825584e+03
1.873889626880443757e+03
1.738071859880313923e+03
1.630413048777706308e+03
1.556274303747361728e+03
1.549468218327851446e+03
1.650597565400346184e+03
1.736189306517578416e+03
1.808091850708093716e+03
1.907633808130399302e+03
2.025332013033196972e+03
2.123372382478759391e+03
2.153224469053845951e+03
2.138758805017900158e+03
2.106912255978990743e+03
2.095674073304871399e+03
2.070767106697461713e+03
2.029439714629563014e+03
2.066566988236187171e+03
2.334999248125428494e+03
2.375223582605383399e+03
2.311955537055171135e+03
2.230472924008971859e+03
2.168976413942918953e+03
2.129610674756264871e+03
2.013324148262413473e+03
1.871049501584798463e+03
1.739326844867040336e+03
1.655985516492872193e+03
1.629858036296363935e+03
1.677157991362230177e+03
1.696187710930741559e+03
1.703323113681789664e+03
1.778919231672912019e+03
1.895968167184864114e+03
1.998647370903540605e+03
2.051310024238547157e+03
2.054084190381256576e+03
2.047648872390013594e+03
2.039162906997469918e+03
2.009936900233681627e+03
1.959337337840321425e+03
1.956750631519670605e+03
2.164821029373444162e+03
2.230273502062258558e+03
2.208586097272396728e+03
2.188291526788807914e+03
2.137528790496067359e+03
2.098515690022222316e+03
2.005395655903151692e+03
1.864794505740293744e+03
1.746508060399587976e+03
1.662778193404055173e+03
1.660843058766258309e+03
1.704543259836072821e+03
1.730085281500671726e+03
1.777358576948541213e+03
1.875535507593113152e+03
2.013834976705495137e+03
2.160041116508352388e+03
2.204053027338471566e+03
2.173537879792891545e+03
2.121769389088649859e+03
2.115758678871534357e+03
2.123699393875288933e+03
2.076449398127206223e+03
2.073237321218733086e+03
2.240512499072648097e+03
2.298562201853785609e+03
2.309182678242089423e+03
2.236282908037612742e+03
2.144029470402728293e+03
2.129642063217484065e+03
2.056981315671831453e+03
1.903058999371045047e+03
1.786122245375007651e+03
1.689143222395198563e+03
1.676873087887816155e+03
1.724793302518986138e+03
1.796926697535917810e+03
1.897361225863870004e+03
2.120061422686620972e+03
2.419950643845138075e+03
2.664135116212021330e+03
2.779772685221452321e+03
2.767811157879929851e+03
2.681281117917996653e+03
2.691155218687516481e+03
2.689542297725395656e+03
2.625868900415952339e+03
2.524999775924450660e+03
2.566302974546734731e+03
2.526271274375192206e+03
2.415657753495173438e+03
2.314434483473755790e+03
2.250602044435347580e+03
2.189077330252248430e+03
2.097360307324900532e+03
1.956283672523871701e+03
1.830723382182100977e+03
1.745709296293776561e+03
1.708963121524637245e+03
1.760673153873080537e+03
1.796118832670535767e+03
1.909709909395559407e+03
2.150471930952488492e+03
2.459335425612318886e+03
2.698990319909015398e+03
2.796625966557420725e+03
2.798940514636063654e+03
2.691015190555978734e+03
2.707117139799971028e+03
2.691969104204571522e+03
2.636437432373531465e+03
2.570628109521933311e+03
2.609002604457118650e+03
2.547689791901329954e+03
2.428421894414378130e+03
2.320291193928798293e+03
2.241268543077254435e+03
2.194146029378889580e+03
2.099199763823023204e+03
1.944191287745322597e+03
1.800579439547705988e+03
1.714741195492811357e+03
1.691969057535122374e+03
1.759826808306736439e+03
1.820749947118105183e+03
1.959012947759921190e+03
2.209663161002803918e+03
2.515815788374124622e+03
2.754880182900249110e+03
2.853511187719408554e+03
2.829132962855432652e+03
2.717076427947361935e+03
2.699520923679716816e+03
2.686026811844376880e+03
2.604816275595410843e+03
2.512905625715301994e+03
2.555907138243267127e+03
2.484003871704395806e+03
2.341593123533984453e+03
2.241636826739552362e+03
2.098382339391258938e+03
2.029874771209734263e+03
1.945748364789300922e+03
1.816267556665121219e+03
1.701839270053116479e+03
1.634685158324584791e+03
1.612507839625097859e+03
1.685340217496030164e+03
1.750598134189995790e+03
1.885522497222331140e+03
2.135372397682512201e+03
2.437891224981904088e+03
2.686098351567930877e+03
2.776780845686431348e+03
2.762160038291662659e+03
2.641173419191381527e+03
2.637623279827826991e+03
2.616683738047065617e+03
2.546286127648359980e+03
2.481047601123115328e+03
2.526992476066868676e+03
2.480118227166582074e+03
2.309742144399870085e+03
2.165972782774309508e+03
2.060554911038028422e+03
1.995057062389817474e+03
1.903272693294270994e+03
1.773826592569124387e+03
1.660375290468394724e+03
1.586748357184738779e+03
1.574700398324673642e+03
1.652812335831148630e+03
1.710769948376698721e+03
1.804858817682590143e+03
2.000489245073692473e+03
2.266066270707616241e+03
2.480154390368909390e+03
2.582865612338317078e+03
2.555538180683555765e+03
2.428483417525772893e+03
2.432286300212327660e+03
2.457324990198548676e+03
2.407577182342016840e+03
2.294544100829794388e+03
2.456609970084746692e+03
2.435649304741122251e+03
2.309137449024565285e+03
2.156563244851227864e+03
2.031698759201917255e+03
1.955345967400036898e+03
1.874951875914363882e+03
1.757243269686113308e+03
1.653269377584275844e+03
1.585572134782417606e+03
1.568333804113765154e+03
1.620969721247471625e+03
1.660719345226181758e+03
1.705761496573732984e+03
1.810343517398537642e+03
1.938388831003187079e+03
2.062848127886250950e+03
2.145759828737368025e+03
2.143619847181993464e+03
2.087801553615542161e+03
2.065540291715633884e+03
2.033801684178376263e+03
1.986400486753995892e+03
1.971367397088634334e+03
2.092208544476771294e+03
2.199156578542144871e+03
2.200018522411527101e+03
2.129979587459158665e+03
2.054800754126519223e+03
1.994892948454103589e+03
1.868643115741926295e+03
1.741540391036531901e+03
1.631571460088659251e+03
1.566698158596223038e+03
1.555907806459258836e+03
1.617797420228526107e+03
1.685547614924903655e+03
1.834654770685902804e+03
2.102154206033840637e+03
2.418231382763751299e+03
2.657923308406638625e+03
2.751127365711561652e+03
2.692065724523544304e+03
2.529289518415123894e+03
2.474888476163078394e+03
2.455237050242397800e+03
2.404735383270874081e+03
2.355114654492385398e+03
2.427249539022340286e+03
2.387419978885824094e+03
2.280924232384882544e+03
2.104397537178838775e+03
1.967017375393562361e+03
1.897894286703145099e+03
1.776857290451964900e+03
1.663483943050490325e+03
1.572922587518692580e+03
1.508115704937545388e+03
1.507279763597703322e+03
1.595535433659568980e+03
1.694584711814622096e+03
1.831172132300275280e+03
2.084584063761743437e+03
2.380340108240230620e+03
2.587668088381029065e+03
2.669509692270039977e+03
2.643656796662100533e+03
2.530839607661768696e+03
2.524409531396453076e+03
2.503599289568770928e+03
2.459481488620556320e+03
2.432388691656914489e+03
2.499439541679340437e+03
2.466902893629187929e+03
2.314256743784838818e+03
2.104316912513726493e+03
2.025662943195316757e+03
1.920557497266630662e+03
1.819367294631377490e+03
1.696190307015493545e+03
1.602369759768220774e+03
1.553516706562129912e+03
1.546637726826296102e+03
1.613555125370565747e+03
1.707440828357078544e+03
1.879686189884298301e+03
2.150735825929152725e+03
2.458242793283655374e+03
2.676411132149051355e+03
2.748359833758423065e+03
2.705337594338173858e+03
2.584927794975463712e+03
2.585276941619148602e+03
2.558693463665768377e+03
2.482718682950152015e+03
2.471318642211037968e+03
2.532059388355958617e+03
2.472388604724070319e+03
2.337308850340167282e+03
2.174240537872482037e+03
2.043987546248452418e+03
1.938916831419963273e+03
1.824394999810125455e+03
1.700641794516296159e+03
1.608693883258756614e+03
1.541306745098220972e+03
1.539850195737940794e+03
1.622217240709130692e+03
1.690036910700529006e+03
1.856917148346538397e+03
2.143423201703021732e+03
2.444454877626507823e+03
2.643987460451250627e+03
2.697480933554425974e+03
2.647262956630252120e+03
2.528543351433575936e+03
2.513003795130739491e+03
2.515133068608283793e+03
2.485982556239090627e+03
2.459386720986582532e+03
2.520908939127895792e+03
2.479111485319143412e+03
2.321383867340333836e+03
2.173827173194320949e+03
2.021092413651888819e+03
1.910354572621554325e+03
1.805267950364796434e+03
1.665408614453087239e+03
1.573175247572210083e+03
1.526717137905485515e+03
1.527442936832572968e+03
1.607571473151296914e+03
1.669525018472927968e+03
1.842202336001637150e+03
2.122759713137472772e+03
2.425295875174585944e+03
2.618537967383577325e+03
2.696291427018061768e+03
2.666652864384095210e+03
2.536210430470629490e+03
2.512167436929094492e+03
2.501189636375356258e+03
2.467496334191069309e+03
2.446119983514257001e+03
2.500848663883384233e+03
2.424074733360957453e+03
2.262561924154065764e+03
2.092187163840942958e+03
1.932154425498919181e+03
1.824523675949661083e+03
1.751400199606508068e+03
1.642384258082197448e+03
1.542052546758303379e+03
1.498379670584083442e+03
1.497804581509495392e+03
1.575205830032533640e+03
1.635505222254224009e+03
1.748534284478180552e+03
1.940851743584036967e+03
2.187845725636584575e+03
2.370462410020618336e+03
2.432637698618777904e+03
2.401572075008560660e+03
2.291107685829546426e+03
2.282838952513533059e+03
2.248401296004714368e+03
2.225890845398258989e+03
2.277315544529665658e+03
2.406250519807721503e+03
2.402615185052243760e+03
2.310080924269670959e+03
2.178746083428914062e+03
2.047563867367786543e+03
1.962411872006485055e+03
1.847807322026102383e+03
1.725615740894758119e+03
1.634957707667256273e+03
1.560715279502423300e+03
1.553209778791250983e+03
1.624787463631122819e+03
1.654915641238524131e+03
1.720861922781805106e+03
1.841840652709835922e+03
1.995091576785429879e+03
2.106400475094681042e+03
2.155141487089572820e+03
2.143594560893899143e+03
2.084880513401189091e+03
2.033580790590708375e+03
2.000786794033890146e+03
1.970580100531621156e+03
1.963355443055376554e+03
2.109957663025262264e+03
2.159827608283952031e+03
2.137849204593806462e+03
2.089533371528521002e+03
2.015555456904918856e+03
1.953139461824581758e+03
1.861659171058066249e+03
1.731526425450111219e+03
1.640106136790662958e+03
1.572094659406165420e+03
1.566639802904265707e+03
1.644532001006899463e+03
1.739935138030568623e+03
1.862363790756589424e+03
2.089307325746831793e+03
2.380855004331059263e+03
2.596482767700123532e+03
2.693197342160197422e+03
2.667422742579356054e+03
2.547626319809996858e+03
2.549874626887399245e+03
2.529649279134741391e+03
2.481971024653204495e+03
2.456403301644452313e+03
2.527727998998744170e+03
2.496451462624254418e+03
2.430974371719919418e+03
2.200186337334421296e+03
2.181751239581253230e+03
2.029481932854078877e+03
1.958940053657805265e+03
1.817784829572632816e+03
1.706558942292203938e+03
1.639025545454341227e+03
1.633436557058339758e+03
1.716879523725814579e+03
1.803714930584421836e+03
1.952381600858020420e+03
2.231044965534485527e+03
2.554904221089399471e+03
2.790927817201401012e+03
2.874955065836386893e+03
2.854910575126678395e+03
2.744170710882703133e+03
2.742855907245307662e+03
2.741643915848883807e+03
2.693647587653726532e+03
2.615044922753628725e+03
2.638762049389039475e+03
2.560948389280317315e+03
2.415761498456278332e+03
2.271622043753683101e+03
2.135856391147437080e+03
2.065515675116618240e+03
1.999978809847736329e+03
1.915610426982620993e+03
1.823164685147827640e+03
1.690670927646509654e+03
1.676186447998452422e+03
1.743558581447984807e+03
1.837533656212425512e+03
1.978360488171139195e+03
2.242092861149414603e+03
2.589308582467093402e+03
2.818800972239704151e+03
2.850826176823919923e+03
2.791200211776319520e+03
2.683233961592080050e+03
2.678333505213803164e+03
2.690783727856329733e+03
2.670597186043235070e+03
2.622460925176444562e+03
2.651085550157601574e+03
2.552462573041233554e+03
2.373477104633394447e+03
2.228575629273646427e+03
2.106617625413004589e+03
2.036093763553486951e+03
1.922285948692181819e+03
1.770403445425736209e+03
1.659729552618660364e+03
1.581714064980546482e+03
1.559953658740015044e+03
1.637476053606071446e+03
1.723703653462754573e+03
1.898982861920338337e+03
2.149132711806152201e+03
2.440899103294736051e+03
2.663571063915331251e+03
2.720369284851819884e+03
2.687046778600271864e+03
2.581900493527397430e+03
2.572654438916854360e+03
2.565019568545175389e+03
2.537596653146722929e+03
2.473132691053208873e+03
2.508498519040790598e+03
2.443747613247125173e+03
2.324315720373690056e+03
2.144136460125265330e+03
2.118434168025221879e+03
1.890450164852995840e+03
1.833181477678464717e+03
1.698633905026777711e+03
1.607588028313247833e+03
1.543544607618368445e+03
1.527279758423416752e+03
1.605052967576252968e+03
1.706247199752109054e+03
1.858062752943924124e+03
2.130815545358811050e+03
2.421973801716715570e+03
2.646870173414779401e+03
2.714944017749640352e+03
2.674334008216059374e+03
2.532083090934188476e+03
2.483548895500403432e+03
2.506591656914783016e+03
2.481252732120359269e+03
2.434685067112780416e+03
2.454655223713516989e+03
2.400211011337819855e+03
2.276508932990186167e+03
2.148702554978007356e+03
2.008915605262918689e+03
1.895883695935906417e+03
1.768532509033330598e+03
1.645827055838936076e+03
1.548931591119642235e+03
1.486775546254835263e+03
1.494749115554313903e+03
1.567286664483194954e+03
1.656762418235899986e+03
1.769584393163657523e+03
1.972279570281268661e+03
2.240332257259258768e+03
2.458696274711146543e+03
2.532572969812957126e+03
2.522182702679051090e+03
2.380323864291275640e+03
2.365065411895559009e+03
2.390601980001534230e+03
2.378072009587739103e+03
2.347339462321948304e+03
2.403586592795966681e+03
2.362031048541489326e+03
2.259143437373329107e+03
2.101030112391394141e+03
1.971591456178513454e+03
1.880085508616820334e+03
1.770768412595144127e+03
1.662135973251187352e+03
1.572251307563513365e+03
1.508857480884543975e+03
1.496678971621739265e+03
1.571502395717131776e+03
1.615318066224328732e+03
1.653619875607347012e+03
1.746217514022570185e+03
1.875069161600652023e+03
1.992120727659240401e+03
2.046402032481230663e+03
2.033430621178121555e+03
1.960447439174569354e+03
1.914143143542738244e+03
1.887174421803986206e+03
1.872237266590143918e+03
1.907747271918298338e+03
2.048241473142680206e+03
2.076922795291584407e+03
2.049032698905741199e+03
1.982846058128387995e+03
1.898789198609795676e+03
1.825298431537701390e+03
1.716376779213706413e+03
1.620195802564825044e+03
1.531869231636450422e+03
1.469599380952197635e+03
1.460305661620205456e+03
1.526911163551035770e+03
1.625625938425434015e+03
1.799302925464758346e+03
2.072819639534648559e+03
2.359462757706681714e+03
2.566853798163022020e+03
2.642669280152081683e+03
2.620270523624529233e+03
2.483024004705789594e+03
2.462797305651910392e+03
2.465534406827538987e+03
2.446402138885810473e+03
2.417814363960155788e+03
2.459981125309174786e+03
2.379220768024850258e+03
2.224646164879450225e+03
2.118369117102622113e+03
1.946273590651105678e+03
1.859274717362518459e+03
1.749896801816684956e+03
1.637153706877563991e+03
1.546903766551111175e+03
1.480162037360424165e+03
1.481469472776674820e+03
1.556072423579089900e+03
1.633558158014523542e+03
1.784937558543312434e+03
2.075109008236354384e+03
2.351763775414120119e+03
2.561059818607195666e+03
2.602051328840043425e+03
2.567223479594239052e+03
2.459034887138863269e+03
2.467088085613385829e+03
2.497930662635537828e+03
2.467115657715357884e+03
2.409721121103945279e+03
2.441506068108756608e+03
2.383010641912273513e+03
2.255852602552844019e+03
2.117374349458368670e+03
1.995625524183408743e+03
1.912092492354053547e+03
1.790999407634268209e+03
1.665359303137874804e+03
1.584201671245321677e+03
1.520273512830834534e+03
1.522542423545868132e+03
1.594696104018869846e+03
1.702903207713364736e+03
1.859932430495177869e+03
2.140915372561879849e+03
2.420073526082899662e+03
2.636545219198761970e+03
2.706706051783223757e+03
2.664003601315265769e+03
2.579642984552720918e+03
2.567254116784959024e+03
2.564729048213806436e+03
2.530461188599638263e+03
2.508802335991983000e+03
2.522545912286126168e+03
2.437083931559283428e+03
2.307616883479427543e+03
2.178328565132173026e+03
2.070998114223052653e+03
1.978227952600493836e+03
1.893932033873048113e+03
1.764025661177996426e+03
1.670790126508665480e+03
1.618120096893979280e+03
1.608219481823572551e+03
1.679932633934229443e+03
1.776191646920696940e+03
1.941875012902802837e+03
2.217443463719626834e+03
2.518796123942177928e+03
2.735173402902235011e+03
2.809145692495982075e+03
2.753425475530515541e+03
2.611443525031621903e+03
2.573650484046311703e+03
2.592159402375295940e+03
2.573625545165210497e+03
2.559820591246484582e+03
2.572556286127188741e+03
2.502274583157368397e+03
2.404464292596297128e+03
2.279746158256724357e+03
2.169510382131447841e+03
2.100219296760038105e+03
1.938417626954789739e+03
1.799481881878133436e+03
1.688248034827957781e+03
1.619035051850196851e+03
1.611353804829041565e+03
1.679555329109950435e+03
1.767143922404377918e+03
1.927897250866426475e+03
2.193501865021974027e+03
2.474681772691259994e+03
2.647452955702715371e+03
2.668626909513301143e+03
2.627132173479659286e+03
2.458715251736936352e+03
2.386747081359252661e+03
2.377190978861409803e+03
2.375789773471267381e+03
2.358394208543821605e+03
2.433667051776601966e+03
2.405368591164066856e+03
2.272320243297512661e+03
2.140157107313429606e+03
2.019590746361931224e+03
1.936697888908779305e+03
1.778521651217193721e+03
1.661159950577868130e+03
1.581420799466398194e+03
1.526592049846252621e+03
1.540671371902639748e+03
1.604079143966048150e+03
1.660486097649881458e+03
1.793619188584523044e+03
1.983411052484029824e+03
2.267412897985070686e+03
2.430196186186868090e+03
2.536775405664664959e+03
2.488470992452541850e+03
2.351100885757425203e+03
2.274916159380818499e+03
2.293977366433445241e+03
2.295217062935314516e+03
2.321789758707508554e+03
2.423189812758910648e+03
2.404463085161531126e+03
2.215626649587152315e+03
2.052477933662573378e+03
1.920158341604406587e+03
1.796851060442302924e+03
1.683396321092455764e+03
1.595329110588313142e+03
1.519349447246270756e+03
1.464157444050906633e+03
1.481846162208235910e+03
1.542860543740429875e+03
1.606057273723908793e+03
1.666063628351157377e+03
1.791949746231918198e+03
1.908258479407498271e+03
1.994127656646797277e+03
2.026055207869207379e+03
2.017404900527110158e+03
1.943072322721567616e+03
1.846216458705341438e+03
1.778506607098095174e+03
1.747703694940214518e+03
1.775738074943776155e+03
1.915958310934653809e+03
1.947990118490783516e+03
1.923369317257365765e+03
1.883739521744678314e+03
1.790142133518318587e+03
1.714936984689279825e+03
1.590114671421371895e+03
1.502673995917768252e+03
1.414793797007105013e+03
1.382068058515219491e+03
1.406879269850473747e+03
1.486599780456655253e+03
1.589299232105181090e+03
1.760668861568295597e+03
2.077862643999558713e+03
2.333712741503536563e+03
2.465162475946968698e+03
2.507712384159595331e+03
2.442912666757969419e+03
2.409819843518117068e+03
2.300089379310779805e+03
2.265548331547275211e+03
2.245343720153038703e+03
2.246423719212360538e+03
2.244953718882679368e+03
2.298494652675203270e+03
2.073439406139864786e+03
1.919206879903483923e+03
1.778910731888149940e+03
1.663905124225170312e+03
1.526695729811583533e+03
1.434296559143909917e+03
1.386346725376070026e+03
1.366133984842653717e+03
1.375242641567300780e+03
1.458492176081642356e+03
1.553399944636078772e+03
1.763962744087093597e+03
2.085401035539640361e+03
2.338897552540421657e+03
2.547006285887932336e+03
2.561923473771114914e+03
2.505789401081597589e+03
2.386385552002860095e+03
2.368651395609129850e+03
2.352299972868121131e+03
2.327054027095849506e+03
2.305705764592051764e+03
2.360514767472543554e+03
2.323704694286851463e+03
2.178594378270969628e+03
2.008526989373071956e+03
1.848228865461541091e+03
1.701697707579898861e+03
1.563936912090659234e+03
1.460513803393853095e+03
1.392960331637540094e+03
1.348281963851117553e+03
1.359860221807332664e+03
1.447267035822665093e+03
1.555799121304180289e+03
1.756711802258707621e+03
2.064864908290375752e+03
2.347006754955552424e+03
2.554179733247725835e+03
2.609943412034676385e+03
2.564835209501693498e+03
2.448438546232211138e+03
2.416743380713861825e+03
2.399134798457911074e+03
2.373233714543251153e+03
2.357881755873203474e+03
2.413955247265404523e+03
2.350936700625148660e+03
2.218283114150735855e+03
2.057241810120750870e+03
1.873983054167177670e+03
1.741397809587678239e+03
1.590166200419494544e+03
1.467224358393315015e+03
1.400510716141494640e+03
1.363217659496876649e+03
1.378257101031244474e+03
1.467384876430097847e+03
1.598894677326870124e+03
1.807268064020060365e+03
2.102555647718130786e+03
2.382920101251405868e+03
2.583276939196937292e+03
2.640504023135877560e+03
2.591310151314796713e+03
2.456277897678379759e+03
2.446862682122981823e+03
2.422108081689575556e+03
2.391191743354379469e+03
2.371225531503255752e+03
2.423917657032584430e+03
2.353398392063488700e+03
2.217242805837262495e+03
2.044563749548131000e+03
1.880248989060096847e+03
1.738190817019731185e+03
1.604576737041641309e+03
1.488880377949615195e+03
1.411792031647336671e+03
1.382935817039029644e+03
1.393285066843100822e+03
1.492538078060675389e+03
1.587097397958256806e+03
1.797352937730332087e+03
2.087090566224649137e+03
2.391274637448332214e+03
2.591063048369148873e+03
2.653477698395605330e+03
2.647743123608567203e+03
2.475211887965126607e+03
2.438518430209353937e+03
2.435035327756341758e+03
2.414160287257506297e+03
2.373442852473516268e+03
2.439134724446859309e+03
2.377596399355767971e+03
2.215150659212350547e+03
2.032338727533600149e+03
1.864389936503113631e+03
1.737789210077712596e+03
1.644970198035050316e+03
1.542568294770665261e+03
1.464465921566422594e+03
1.421321566101968529e+03
1.430513477736698633e+03
1.508748953956227069e+03
1.602266261921354726e+03
1.739443831178224627e+03
1.977955725338091042e+03
2.236960891076627377e+03
2.449204923675198188e+03
2.500584321190459377e+03
2.454869896617616178e+03
2.296821323938087062e+03
2.264817163401603466e+03
2.270645178519711862e+03
2.257840774597514155e+03
2.244982145604562447e+03
2.352707883677086102e+03
2.344259215921915256e+03
2.182916872593570588e+03
2.023513942054547897e+03
1.839243241978573451e+03
1.696947507772662902e+03
1.622798656631235417e+03
1.530857811846866980e+03
1.448113685835480737e+03
1.405421735371951627e+03
1.400765283414432815e+03
1.472708233615456720e+03
1.513669404352544689e+03
1.564374047760719805e+03
1.724719585717322389e+03
1.868577687528743127e+03
1.973804096502693483e+03
2.003163584125810075e+03
1.986459150452147014e+03
1.913617658553812362e+03
1.851826325174603653e+03
1.791928695097376249e+03
1.782964777997501869e+03
1.824365943763481937e+03
1.996265954501790247e+03
2.045303068882147500e+03
1.971167408711064809e+03
1.892455439443416253e+03
1.768978096222111617e+03
1.672373939630423138e+03
1.606337126629030536e+03
1.488951772036938337e+03
1.410102450207006314e+03
1.363679788667091543e+03
1.369252688736160508e+03
1.458716702511588892e+03
1.557903873165186724e+03
1.744656198003370037e+03
1.993666637896119482e+03
2.268537876831348058e+03
2.454263638943107253e+03
2.503620536182022079e+03
2.449545104635399639e+03
2.292653793324537219e+03
2.276032563394408498e+03
2.277016165763892332e+03
2.264883116167471144e+03
2.259959824910874431e+03
2.326754939853155975e+03
2.287103131491930526e+03
2.135497096248880098e+03
1.984729042342027697e+03
1.766441128278821679e+03
1.651866245572768776e+03
1.528581171013647463e+03
1.426283353418539718e+03
1.358322825716673378e+03
1.316396500500027287e+03
1.324616769409974040e+03
1.414596916798511756e+03
1.552246208565295774e+03
1.737066798206783915e+03
2.016934731956981295e+03
2.269308275575904190e+03
2.425894747206368265e+03
2.455933511220751825e+03
2.398149995557651437e+03
2.258636148338612202e+03
2.226532390494939136e+03
2.237607654967762301e+03
2.239159153140607032e+03
2.231600557991796904e+03
2.307905832616000680e+03
2.275636482938080917e+03
2.137412667713958399e+03
1.941061058610717510e+03
1.719276419137570201e+03
1.602978594167175288e+03
1.457608516667011145e+03
1.360524364674430444e+03
1.293079872560111426e+03
1.254155315697541027e+03
1.274061509469567000e+03
1.371958908080294350e+03
1.499542242950125456e+03
1.694092885221975166e+03
1.974919210693334662e+03
2.235828940673207399e+03
2.419930826247190453e+03
2.473502062245540401e+03
2.437117228557011913e+03
2.294621384835974823e+03
2.278682573066297664e+03
2.278863253023088873e+03
2.248679339372888990e+03
2.233007159590913943e+03
2.315089473517079114e+03
2.278153873153372388e+03
2.123385443663054502e+03
1.951652214089788913e+03
1.758445329884427110e+03
1.602333682593731965e+03
1.465519564130406479e+03
1.369486303997324967e+03
1.303231175135850663e+03
1.266552441393133222e+03
1.290919429723810026e+03
1.378315844324249838e+03
1.529591363312193607e+03
1.705805336479957532e+03
1.978026560834518250e+03
2.257659089857398158e+03
2.432864328609358381e+03
2.484301844930130301e+03
2.429413853674966049e+03
2.281092269132751426e+03
2.276019359481421361e+03
2.279930717331017604e+03
2.266463711473761123e+03
2.263081671106004706e+03
2.324241160278552798e+03
2.334428604502490089e+03
2.150288126717793602e+03
1.930523082095537802e+03
1.741585221709649659e+03
1.636590420027400341e+03
1.503897808031728346e+03
1.392358169780617118e+03
1.330499496210825555e+03
1.296174981836749794e+03
1.310767498313876786e+03
1.415366881760754268e+03
1.518551540456382099e+03
1.641680173293814732e+03
1.827332779504118207e+03
2.046906291195767380e+03
2.227830211141393193e+03
2.303411263690341002e+03
2.273153599329854842e+03
2.137300136763617957e+03
2.084244858367411325e+03
2.080735748319807499e+03
2.083911814339626744e+03
2.111998753231211140e+03
2.254668393576595008e+03
2.282691364693249398e+03
2.143118215363221680e+03
2.002432343663554093e+03
1.841833307631469779e+03
1.704166407875682125e+03
1.577842433245531538e+03
1.468074056253582967e+03
1.393932123600709474e+03
1.351938578730022073e+03
1.360005715849563785e+03
1.448961892417360104e+03
1.565206887637042200e+03
1.689318612798136428e+03
1.904764229273273486e+03
2.153412681584355596e+03
2.358264824370561655e+03
2.414666611384227053e+03
2.378433998647452427e+03
2.234344125439708478e+03
2.202358607709828448e+03
2.181835910091290316e+03
2.175012680657965575e+03
2.186808807124895338e+03
2.308680814951340835e+03
2.320296495167267949e+03
2.200781943613332260e+03
2.050142423165076707e+03
1.893486649024197050e+03
1.755758426686920075e+03
1.661146955199738386e+03
1.546913709509116416e+03
1.477189171765638321e+03
1.431975829574506406e+03
1.440421033401236855e+03
1.519445891127371624e+03
1.599036481223214651e+03
1.674828520357717707e+03
1.799932833221068677e+03
1.932108133815556357e+03
2.053846445924138607e+03
2.109069684145889369e+03
2.067943339857732099e+03
1.978719038551837230e+03
1.883831828705649741e+03
1.836313076597179361e+03
1.815422112199449202e+03
1.840132687320336800e+03
1.983326795190937446e+03
2.056885035810383670e+03
2.019989822928004742e+03
1.933324902000527118e+03
1.811944853174207992e+03
1.699194351826190541e+03
1.570135269530873984e+03
1.472470297927458205e+03
1.410286625966699603e+03
1.355633386061618467e+03
1.370665545440280312e+03
1.455081139112347273e+03
1.563778493644050513e+03
1.732275397732523061e+03
1.990519036781753130e+03
2.260237193362082962e+03
2.428445088266153562e+03
2.485220949338232913e+03
2.413108797868251713e+03
2.259387927911786392e+03
2.206142141681009889e+03
2.187351399921477878e+03
2.185851934421983515e+03
2.161029805213738655e+03
2.229495834886110515e+03
2.187242751532995044e+03
2.031272453194059835e+03
1.841344190420577661e+03
1.654173259959270581e+03
1.522662703579225763e+03
1.386814900387570560e+03
1.278070818519043087e+03
1.222682497187294302e+03
1.211089889901989409e+03
1.229026994391092103e+03
1.324908914385500793e+03
1.460366075691981678e+03
1.654089405291784260e+03
1.928881878251542503e+03
2.201765245465870066e+03
2.374829844868877444e+03
2.403232493250321568e+03
2.345186032703624278e+03
2.206859807787382579e+03
2.173004755502876378e+03
2.162770815096571823e+03
2.163073158410269571e+03
2.168532595143923118e+03
2.246139377569612407e+03
2.226706357548724100e+03
2.124946458433534644e+03
1.930090651402373624e+03
1.727436756563764447e+03
1.564064460146005331e+03
1.354859135861314826e+03
1.264204578523892224e+03
1.211001480247815152e+03
1.184328496416092321e+03
1.201663976487659284e+03
1.301724892616254692e+03
1.442691823415222871e+03
1.628835640220990854e+03
1.916238046235392630e+03
2.187442922175552667e+03
2.373340089862364948e+03
2.441732844641124757e+03
2.397584938847403464e+03
2.248280395621591197e+03
2.210871155781873767e+03
2.191826960675374721e+03
2.180981178321401330e+03
2.179775969286591589e+03
2.250395392141695538e+03
2.231675297595425945e+03
2.144382792525481364e+03
1.940282775762786287e+03
1.737755938480485838e+03
1.580992869905991483e+03
1.424208860870714943e+03
1.314209345221224567e+03
1.262092603746511941e+03
1.222901110919168332e+03
1.252532265165192939e+03
1.357773509396625514e+03
1.494369791616488783e+03
1.687126998565648591e+03
1.969364187922125893e+03
2.255832693689395001e+03
2.463279395501700037e+03
2.513473316143200464e+03
2.475261909504701634e+03
2.329278550788209941e+03
2.318591853567724684e+03
2.289449275555018630e+03
2.280864055947861289e+03
2.268373767933313047e+03
2.353562660062756549e+03
2.302455030419823743e+03
2.154665593390581762e+03
1.974945240041970237e+03
1.797065776124600916e+03
1.664997595906255810e+03
1.538503496110988635e+03
1.448840925759280253e+03
1.376635909992323832e+03
1.340512771080831953e+03
1.354489589582262624e+03
1.451158243444104755e+03
1.560957017003690453e+03
1.711619542002998969e+03
1.938262953714968717e+03
2.176583026539012280e+03
2.391679371180488943e+03
2.463738131015008094e+03
2.459561170112615400e+03
2.311919599938196825e+03
2.241318335382499299e+03
2.182807217807881443e+03
2.154460705994359159e+03
2.164461557162675945e+03
2.253216037927486468e+03
2.238526289223177173e+03
2.128501882758871943e+03
2.002664714066444958e+03
1.852020599892656264e+03
1.729552976289545541e+03
1.598940964391434818e+03
1.488025826679445345e+03
1.419544793291566066e+03
1.380527785681984824e+03
1.393279300448968797e+03
1.491273615366853392e+03
1.593073031747048844e+03
1.753329502425640840e+03
1.994619210168741347e+03
2.271497975091720036e+03
2.488038951881925186e+03
2.544472016791859460e+03
2.479264728674506387e+03
2.317011049943021135e+03
2.263507667199270600e+03
2.218558997007935886e+03
2.193054234419107615e+03
2.167831910239556692e+03
2.260060766548936044e+03
2.245601847825603727e+03
2.099676148959040802e+03
1.932560129686118671e+03
1.759422387500858122e+03
1.627756880084356681e+03
1.522724506898331356e+03
1.427223474261547153e+03
1.367823837648743847e+03
1.343153651216231538e+03
1.355239139251734287e+03
1.444362235699324401e+03
1.536641211724722325e+03
1.611045395516368899e+03
1.744035711671077479e+03
1.877489067745568036e+03
1.999799196514972436e+03
2.045900689675540661e+03
2.007841328391175693e+03
1.893953954949195349e+03
1.803237524611949993e+03
1.730740533401205539e+03
1.687559703418636218e+03
1.712426424770393169e+03
1.867860603467199326e+03
1.938262882189123729e+03
1.876934696236790387e+03
1.785562630691982122e+03
1.652044071737507011e+03
1.541540084171752596e+03
1.445216885645790853e+03
1.357808287998828519e+03
1.302858725318398683e+03
1.273238765233431877e+03
1.300669092333321714e+03
1.386079240631413086e+03
1.521598211466723569e+03
1.743040204392848864e+03
2.066671435430193924e+03
2.338012234590358730e+03
2.493491683391900551e+03
2.531612505692288778e+03
2.444551806034430683e+03
2.273941098678657454e+03
2.221592664977791628e+03
2.203697423157562753e+03
2.193409036602264223e+03
2.168690714681345980e+03
2.229683099022826809e+03
2.220266468935560624e+03
2.083528339572184450e+03
1.909614959597297002e+03
1.718355614543169395e+03
1.553827968340329335e+03
1.418431735692938446e+03
1.322742487739128592e+03
1.263129858486936655e+03
1.241144298682215094e+03
1.266667915548237033e+03
1.369837319827343435e+03
1.516624144579296171e+03
1.740157800364495188e+03
2.054689692058996570e+03
2.326436638983308058e+03
2.467014247911140046e+03
2.513497963986029845e+03
2.467225033019258717e+03
2.296587886672343302e+03
2.235115756798935763e+03
2.196624546268707945e+03
2.189889001364713295e+03
2.186479961363743314e+03
2.257168817636354106e+03
2.228839211745817465e+03
2.082386880323837431e+03
1.866753875516438939e+03
1.685212682543829260e+03
1.574737890267336070e+03
1.435193152773917973e+03
1.330841665562792059e+03
1.269978508535535866e+03
1.238006479191984909e+03
1.253941635382234153e+03
1.354328541701514723e+03
1.499153142420599579e+03
1.722955109630652942e+03
2.028222107861590075e+03
2.288731762094763326e+03
2.443985231999708049e+03
2.486019690089952292e+03
2.427722815456047101e+03
2.285475113813918597e+03
2.238882050045382130e+03
2.221831816963801430e+03
2.213009527753101338e+03
2.190996937525861540e+03
2.295844464388523647e+03
2.248644485814395466e+03
2.094033440191101818e+03
1.917177886670621547e+03
1.728052686487353640e+03
1.554276428758777683e+03
1.430115231780005388e+03
1.329315501889890129e+03
1.274667866676981021e+03
1.248947526148972202e+03
1.269825435541611796e+03
1.380240027038093331e+03
1.520308538534713989e+03
1.751861762759181147e+03
2.058617409968884658e+03
2.332842639896470246e+03
2.502888195470682149e+03
2.540078235280417175e+03
2.495449603577086691e+03
2.324558803248826734e+03
2.291804006048148494e+03
2.281342171193067770e+03
2.269467595095072284e+03
2.265022078259573391e+03
2.323601639042666648e+03
2.274913988731406334e+03
2.111150212660071702e+03
1.977243479019044344e+03
1.815187333116217587e+03
1.678710305912481772e+03
1.547850110952495470e+03
1.434673810881149393e+03
1.374188819777134995e+03
1.345966058595557797e+03
1.363874759069493393e+03
1.464986165518603912e+03
1.623401584571983221e+03
1.830689734426392533e+03
2.139200942977358864e+03
2.446211136098542283e+03
2.625715420539892420e+03
2.667251017974518618e+03
2.615615051555716491e+03
2.415217553229024816e+03
2.333055674930209534e+03
2.332795226631691548e+03
2.311670375824685379e+03
2.297877721240410665e+03
2.356869339020362531e+03
2.332124968915966292e+03
2.181144682094561631e+03
2.024784149211141084e+03
1.847652663723356682e+03
1.708188468011053601e+03
1.581113631423866309e+03
1.469011550799187262e+03
1.399427482507735931e+03
1.355726035021434200e+03
1.377208877964277917e+03
1.466609177460706633e+03
1.580478369090208844e+03
1.729851468367842244e+03
1.964245610317867886e+03
2.236947652119416034e+03
2.426971953781014236e+03
2.499166809897706571e+03
2.446404073840408273e+03
2.310716520347811183e+03
2.253241919942934146e+03
2.191215247089533932e+03
2.148802112221886546e+03
2.151438856462052172e+03
2.262859540212132288e+03
2.285357281975679143e+03
2.214065075224422799e+03
2.068895364674036500e+03
1.890888951062568822e+03
1.745580704476120673e+03
1.613967680186132384e+03
1.502431841050579578e+03
1.427905752331491612e+03
1.392018912711846724e+03
1.395846175129843914e+03
1.480474070124918853e+03
1.559019285802046852e+03
1.649102051851939223e+03
1.782226341584195552e+03
1.941908475123127346e+03
2.093691739800432060e+03
2.147186189312844817e+03
2.144075485175208996e+03
2.057796194640783597e+03
1.987894697241120866e+03
1.924418361675016513e+03
1.870757287148409205e+03
1.885833876616092766e+03
2.041959557270861069e+03
2.115601370534578109e+03
2.084862333483612929e+03
2.026489539987435137e+03
1.922225591545665793e+03
1.821666829912581761e+03
1.827003681951271119e+03
1.729595141041823581e+03
1.648342485088758622e+03
1.564139358940789634e+03
1.542449961458425150e+03
1.618912678322653846e+03
1.737449033910211483e+03
1.935905873965388309e+03
2.244954921524529709e+03
2.555673415923492939e+03
2.775726083408113027e+03
2.834916174675091042e+03
2.762216285811345188e+03
2.601812908109950513e+03
2.592645997319329581e+03
2.563643742452879906e+03
2.532393810633921930e+03
2.498527346033175036e+03
2.475765446860290922e+03
2.459681527189928602e+03
2.372783837252608009e+03
2.173612231615124983e+03
2.030902632898662659e+03
1.933801809747103334e+03
1.815261129470441347e+03
1.691509518686185402e+03
1.599960927320489873e+03
1.548032531180890373e+03
1.546001330126007360e+03
1.621626792221985397e+03
1.737221377465531532e+03
1.949206799543094803e+03
2.251190443454306660e+03
2.558724573186870657e+03
2.776902611929811883e+03
2.845997268812102448e+03
2.805575551121823992e+03
2.654065857900480296e+03
2.618402669672597312e+03
2.609277834275326768e+03
2.547718264994656238e+03
2.451676608428870168e+03
2.438245623330972649e+03
2.412303575118722620e+03
2.265806283083485141e+03
2.108448114978767990e+03
1.952934769212375613e+03
1.844197759184946108e+03
1.720724774672808962e+03
1.591613671387357272e+03
1.515029192878384265e+03
1.468927264599162527e+03
1.472366989766556344e+03
1.567169422073828855e+03
1.702890347060028034e+03
1.877366245664024518e+03
2.152589998437514623e+03
2.439819502254587860e+03
2.655123612310419048e+03
2.712451578981435887e+03
2.662573712096542295e+03
2.507313004370464569e+03
2.463025999887431681e+03
2.444724519264684659e+03
2.421407442676683331e+03
2.342897178825396622e+03
2.312643910828005119e+03
2.312807897189260530e+03
2.193412093485195328e+03
2.040922165018064106e+03
1.902821032808436712e+03
1.786784123377944070e+03
1.670872081447974097e+03
1.549984335649846571e+03
1.462239381182180523e+03
1.422682818532577357e+03
1.424989295200968400e+03
1.524392440329517967e+03
1.666434686867558412e+03
1.829012695893217369e+03
2.127361742115547258e+03
2.428221979567527342e+03
2.625534788500232480e+03
2.681334044177326632e+03
2.647125437419363152e+03
2.465983303465420704e+03
2.400491957795252802e+03
2.366549020074634882e+03
2.336183092682322695e+03
2.274313190920353009e+03
2.306944641305627556e+03
2.313981718041356544e+03
2.175406811020851819e+03
2.006957540202718292e+03
1.836705810865774311e+03
1.703865361867343836e+03
1.567990161674932324e+03
1.454148958590336406e+03
1.395523394436850140e+03
1.349841484147076926e+03
1.356011849196056801e+03
1.449511297166403665e+03
1.560944427685917162e+03
1.717910910744545390e+03
1.958623870075970672e+03
2.211394864571559992e+03
2.398471274378827729e+03
2.438496416386030432e+03
2.384501376297278512e+03
2.245671209685641315e+03
2.215972172737937399e+03
2.199357177343572857e+03
2.180259229200813479e+03
2.166369804628288421e+03
2.231541724169192548e+03
2.255615133439269357e+03
2.141864247977175637e+03
1.998855723095101439e+03
1.834428487768372861e+03
1.689330378560787494e+03
1.561581218882657140e+03
1.460578447899688626e+03
1.390489488125553180e+03
1.329055848930810043e+03
1.343472663730682825e+03
1.422045845745486531e+03
1.512119208441396950e+03
1.598120755528062546e+03
1.732993903254789075e+03
1.875641486190438627e+03
1.988238510686217751e+03
2.046421766910839779e+03
2.016117354511368376e+03
1.893055048919292403e+03
1.816318975507985215e+03
1.797835392025171132e+03
1.781503131873260372e+03
1.766898651831547113e+03
1.892931580684552046e+03
1.984834048736850946e+03
1.963264459150490211e+03
1.900707563028468712e+03
1.785393774513459448e+03
1.678692994861553643e+03
1.574002089037932365e+03
1.469916698293492800e+03
1.392765038689251469e+03
1.361668409145803707e+03
1.376120916628907707e+03
1.474552679276803929e+03
1.610568362218327820e+03
1.830986917422267652e+03
2.137275603446009427e+03
2.434115790397267119e+03
2.610616892943073253e+03
2.646999219736164378e+03
2.580509216154070600e+03
2.454134980535401155e+03
2.420617862852925555e+03
2.408617804276292645e+03
2.383555945516684460e+03
2.350084548498759887e+03
2.349712452715017207e+03
2.308338444084175535e+03
2.191484660497164441e+03
2.029671207476981181e+03
1.854364625588292256e+03
1.702383816071183674e+03
1.569016665560464389e+03
1.462262397866984202e+03
1.393722404484630488e+03
1.356912711020254619e+03
1.377073691864289685e+03
1.471759433850853839e+03
1.614156956290643848e+03
1.825153928794574995e+03
2.127521213602119133e+03
2.407844203611749890e+03
2.593445744706583355e+03
2.648806053865899230e+03
2.607996431188975293e+03
2.474743946625384069e+03
2.456604883845316635e+03
2.445942482374246538e+03
2.432438071928151658e+03
2.379085528229038118e+03
2.396856415518350332e+03
2.400192412374956803e+03
2.265105056467168652e+03
2.101138141661643658e+03
1.931251356976837087e+03
1.775844911266977306e+03
1.647959905752523127e+03
1.533649995849719971e+03
1.450976635546274792e+03
1.417032946701971014e+03
1.429016753883776119e+03
1.518778014467731964e+03
1.637338534957184038e+03
1.828361052741655158e+03
2.137569892929079742e+03
2.413402284151310596e+03
2.598499783289186780e+03
2.647188676272100565e+03
2.619521356479271617e+03
2.468812893886862184e+03
2.438712382354593046e+03
2.428859873736118516e+03
2.417465307019488591e+03
2.360752539440493365e+03
2.374501900066912185e+03
2.357581931076402270e+03
2.210570316648839707e+03
2.031551403543847982e+03
1.841108908403045234e+03
1.696160913731055643e+03
1.582797139208074896e+03
1.480595101070548480e+03
1.404896096374526451e+03
1.371657945668308912e+03
1.387907401319286009e+03
1.483315231901762218e+03
1.612928995717417365e+03
1.793778850336866981e+03
2.088589585161130799e+03
2.357601877566569328e+03
2.479825623034245837e+03
2.541868817203534945e+03
2.504517050845793165e+03
2.345722634058044150e+03
2.322805309700391263e+03
2.309565940613070779e+03
2.282654098990658895e+03
2.268620979338988946e+03
2.305511253161214881e+03
2.317273883677835784e+03
2.191256713074490108e+03
2.034066956497214505e+03
1.853333636339785699e+03
1.714605780921392352e+03
1.575994921046486752e+03
1.454663996698968731e+03
1.382965935006517611e+03
1.342376203865744628e+03
1.365310795119140948e+03
1.459148538806923852e+03
1.589529068967358398e+03
1.780046299742551810e+03
2.072342238277490196e+03
2.349403069186902940e+03
2.537856636895146494e+03
2.586810977671490946e+03
2.566600842388246292e+03
2.413193961300125920e+03
2.371785770517018136e+03
2.359721863388704151e+03
2.351556003756636073e+03
2.319053499749818911e+03
2.356520136699978138e+03
2.356103564167807690e+03
2.216865136274909219e+03
2.053235978402849014e+03
1.875629716616502265e+03
1.731248413749044403e+03
1.586049961711345077e+03
1.479712962127249057e+03
1.412020932658202355e+03
1.376130303147151380e+03
1.388606938076410643e+03
1.495370506126503415e+03
1.589252140616580846e+03
1.714937621707674907e+03
1.934593761552016304e+03
2.181017967234068692e+03
2.381785400130374455e+03
2.446872549082702790e+03
2.405366435640701184e+03
2.259876133658003710e+03
2.225870381540938070e+03
2.217286476656885043e+03
2.189105841643195163e+03
2.183862545221233631e+03
2.271362190410044605e+03
2.315447453238976323e+03
2.231697331012704126e+03
2.086770728546724968e+03
1.918141114518646191e+03
1.785199766091975789e+03
1.634725976385317836e+03
1.526197568425026930e+03
1.464764271227793415e+03
1.421200103231424237e+03
1.414155191274860954e+03
1.486866893184507262e+03
1.550516669269422664e+03
1.627920276614593149e+03
1.772619557959513259e+03
1.907355005562639462e+03
2.024096757834022810e+03
2.071418278242360884e+03
2.050304607075816421e+03
1.964259331185735618e+03
1.890962502074647773e+03
1.852542535604276054e+03
1.828338796258588900e+03
1.801125603403757850e+03
1.899287184353946031e+03
2.002238219956956073e+03
1.947229377705711840e+03
1.868475162816329430e+03
1.734956745063063636e+03
1.613312719029685013e+03
1.510351019450023387e+03
1.418134500350592361e+03
1.354396686494117603e+03
1.310350983210627874e+03
1.323064354528533158e+03
1.417770531121264412e+03
1.539030599178043985e+03
1.737273817749535283e+03
2.050171237705400017e+03
2.300476626582580138e+03
2.461049635585161923e+03
2.504676871694874535e+03
2.459353057688455920e+03
2.322397307702541184e+03
2.285484912452020126e+03
2.255780209711200314e+03
2.247309588881922991e+03
2.217541042381128136e+03
2.265452473143802308e+03
2.283521001816787248e+03
2.144769054615309869e+03
1.973097044818377981e+03
1.785720549058481538e+03
1.625260189194503937e+03
1.498249706150759039e+03
1.402675923338006214e+03
1.329399985990668938e+03
1.280838190815829421e+03
1.300740663772797006e+03
1.392228556337269083e+03
1.505297471954815137e+03
1.610419007851010747e+03
1.768835401635024937e+03
1.878921637433565593e+03
1.915958244250057760e+03
1.914443285001279719e+03
1.894862121083411012e+03
1.779138996788727582e+03
1.705360187284703898e+03
1.672673458084109143e+03
1.673714200539905050e+03
1.712775935701958588e+03
1.844144792319595126e+03
1.958241804002512708e+03
1.911793142449851302e+03
1.822017848689525863e+03
1.668370753332574168e+03
1.527547485868378317e+03
1.391188093034862504e+03
1.295179102128217892e+03
1.234337084110057731e+03
1.205541822180857025e+03
1.221369062137609944e+03
1.318670070461167825e+03
1.449909633094869378e+03
1.671618466480246298e+03
1.987291064060296321e+03
2.267102364028634383e+03
2.431512520179339390e+03
2.452371381860687052e+03
2.391867286482819054e+03
2.269298225010826627e+03
2.219624860203072785e+03
2.225102223257089918e+03
2.228305546005710767e+03
2.207195876745554415e+03
2.245014951362031297e+03
2.248104640854090121e+03
2.098760531345918480e+03
1.923885093036653416e+03
1.718088935227574893e+03
1.537968266929873835e+03
1.390594461199129228e+03
1.294437771295308721e+03
1.231271908208348350e+03
1.188092786546136495e+03
1.216776683860140793e+03
1.323518194475608880e+03
1.473623598020706368e+03
1.693734695422194591e+03
2.002990359081907400e+03
2.279033074564085382e+03
2.443128111838424502e+03
2.502700737992430732e+03
2.454967649829494349e+03
2.289954530053282269e+03
2.269380543169462726e+03
2.254251280786641473e+03
2.244604644047482452e+03
2.218415637644617163e+03
2.238110118643661281e+03
2.254340258052473018e+03
2.134143945546522446e+03
1.953643964002124676e+03
1.750196315768031354e+03
1.565788048281080592e+03
1.408132507161654303e+03
1.298106003250169579e+03
1.246941935554500560e+03
1.231263962516827178e+03
1.260294829402947471e+03
1.368568493160441449e+03
1.516098163952798814e+03
1.746273025069277992e+03
2.061440826026840568e+03
2.326640915689415124e+03
2.489174345148951033e+03
2.531145317253561643e+03
2.499024840102051257e+03
2.349750462796947886e+03
2.300208812808154107e+03
2.288525899701577146e+03
2.264448642879890940e+03
2.249094808507428297e+03
2.274609230751963878e+03
2.299056710557405040e+03
2.178461594841797705e+03
2.012770267831567935e+03
1.803921432319485803e+03
1.606608105473581873e+03
1.433504848771182878e+03
1.334113918667679854e+03
1.278984691012843314e+03
1.246920363317410192e+03
1.280158702862543350e+03
1.371106589301643226e+03
1.488457676541846695e+03
1.667290757129992926e+03
1.936490802373484712e+03
2.208047728648274187e+03
2.385473129546521250e+03
2.441187074384339212e+03
2.372210734598534600e+03
2.238188827442894762e+03
2.174695910137176270e+03
2.157647236946230805e+03
2.156077655543992933e+03
2.153661329867336008e+03
2.213070912674181727e+03
2.240413186519452665e+03
2.124492923113692996e+03
1.948618741829639021e+03
1.742354169412009469e+03
