1.523289909472653108e+03
1.504652944816695708e+03
1.562647728916453843e+03
1.622357998277823299e+03
1.773315450049682340e+03
2.041047236669051699e+03
2.338097766383770249e+03
2.573311239200803357e+03
2.670927555549077624e+03
2.684918898453836846e+03
2.584450106703287020e+03
2.577205159822504811e+03
2.564387380776498958e+03
2.461973262148888807e+03
2.348323240214477210e+03
2.297595477350051169e+03
2.306804745491971516e+03
2.218520641700557007e+03
2.201809298170893726e+03
2.192508706678264389e+03
2.119682523810205112e+03
2.029734625515251537e+03
1.876106277167361213e+03
1.754994388498188073e+03
1.633779059461494853e+03
1.590029850694504375e+03
1.639375245913532126e+03
1.674086056434781540e+03
1.750901236824312036e+03
1.956069237527336327e+03
2.234062764894957581e+03
2.471511535901890056e+03
2.598315370807937143e+03
2.562878118938916487e+03
2.480823294990976592e+03
2.486094468884550679e+03
2.465405924051719467e+03
2.416837433036695074e+03
2.321680930195689143e+03
2.264100851945140221e+03
2.343890384650512715e+03
2.307413710533549875e+03
2.298473051654612846e+03
2.313705606683005954e+03
2.323754952853159466e+03
2.243565237909585449e+03
2.063681611771503867e+03
1.908375003883230193e+03
1.822879908537012625e+03
1.776724841634665836e+03
1.768249237603271240e+03
1.740378642572385843e+03
1.748685071199793128e+03
1.833664390214750938e+03
1.965012434439761819e+03
2.119158965260708101e+03
2.206581400011588357e+03
2.227762972409774648e+03
2.190184153157871151e+03
2.166817506970813156e+03
2.141551230903980922e+03
2.050892393107906173e+03
2.002308420971929763e+03
2.053889722437352702e+03
2.201020028865308177e+03
2.243402541283044684e+03
2.186461520758585266e+03
2.169297434851542221e+03
2.154724586941686539e+03
2.100326032719070099e+03
1.944469924192241933e+03
1.839524242412757076e+03
1.748496952773312614e+03
1.678573702632576442e+03
1.685395131931054266e+03
1.693030144019949148e+03
1.791627622474991995e+03
2.013519946522265855e+03
2.295070656902434166e+03
2.537701463167652946e+03
2.656119856287628863e+03
2.656846011037341214e+03
2.561711527819420553e+03
2.552136806604377398e+03
2.508444840033090259e+03
2.444566297543766723e+03
2.341070189760527683e+03
2.302899354936848795e+03
2.330952383802676650e+03
2.230362886868254918e+03
2.214241040009583685e+03
2.172797468810066221e+03
2.141987786335668261e+03
2.051061978677696970e+03
1.894692096107971338e+03
1.794834457000090197e+03
1.715583966528362907e+03
1.682085697887893502e+03
1.715196699448879826e+03
1.736465241670800879e+03
1.850387506868351920e+03
2.084635664305862520e+03
2.384915707387467137e+03
2.590751029586240747e+03
2.693005853392259269e+03
2.633286795776613872e+03
2.581008818262841032e+03
2.598278271888269501e+03
2.579326063955417794e+03
2.534554248894571174e+03
2.418576833670615088e+03
2.313603145625811976e+03
2.309148247154459114e+03
2.248832833368036518e+03
2.218801186616758059e+03
2.233414769170429736e+03
2.239289140692212186e+03
2.141802523051901517e+03
1.970148406038297708e+03
1.852977452370176707e+03
1.772639842230114937e+03
1.725360467486103516e+03
1.726540542608820488e+03
1.746364161469530472e+03
1.853427802491692319e+03
2.084187850943636022e+03
2.411909522466159160e+03
2.654106242770417794e+03
2.756164079815594050e+03
2.730678008001437775e+03
2.686766233368852681e+03
2.712785864413429863e+03
2.744356705452322331e+03
2.621283251353931519e+03
2.482654729854965808e+03
2.438696869341973525e+03
2.448566699700106255e+03
2.352685066601527978e+03
2.261554560392313306e+03
2.256582227678380605e+03
2.254595290210816529e+03
2.145647108585344085e+03
1.987570819294553303e+03
1.862841767600380081e+03
1.778692042538662008e+03
1.744592709173417461e+03
1.742461511917161033e+03
1.746407854669655535e+03
1.846853130314436385e+03
2.076259807388620629e+03
2.347620545233798566e+03
2.575844120190067770e+03
2.709541784679100601e+03
2.668492471377085167e+03
2.604874454971319210e+03
2.615315631769348784e+03
2.606796286574819078e+03
2.554468491684314813e+03
2.434557395346113026e+03
2.401261081075530456e+03
2.365592203332141253e+03
2.282626175241600777e+03
2.253243871874717115e+03
2.262650940650125449e+03
2.275673221060110791e+03
2.170477309617316678e+03
2.000243973186686162e+03
1.883353136138924356e+03
1.804177238608670905e+03
1.760217353929336241e+03
1.773376814197328713e+03
1.778286824101574666e+03
1.880427355037547386e+03
2.118484319409761156e+03
2.395918904653472055e+03
2.655874889978915235e+03
2.821056342416454299e+03
2.829729662441774963e+03
2.734262118599712721e+03
2.739288376618201710e+03
2.689724720432287086e+03
2.562883966142464487e+03
2.419668427199119833e+03
2.329656299864093853e+03
2.273278653605117142e+03
2.138396339942896248e+03
2.088774660848789608e+03
2.070420336739604863e+03
2.060119829479932378e+03
1.981847949592520308e+03
1.852014851257253667e+03
1.756922500632856099e+03
1.679608171847716221e+03
1.641271333623373721e+03
1.662374529183180357e+03
1.681705544888632858e+03
1.742839110948341840e+03
1.902372471752179763e+03
2.150102136239492665e+03
2.374727374937911463e+03
2.475837444174224402e+03
2.442416577626298931e+03
2.345530496503981340e+03
2.311703806598216033e+03
2.256772293998898022e+03
2.159418422499876215e+03
2.121289619186024083e+03
2.152867658380356261e+03
2.183996476912928756e+03
2.123365679773015017e+03
2.050970264299019163e+03
2.013656808157616069e+03
1.993984977438026363e+03
1.923078089890276487e+03
1.804723549351625024e+03
1.703031147688193414e+03
1.639791443551288012e+03
1.594906748046761777e+03
1.608712627456610335e+03
1.612543087276988217e+03
1.644779391826480833e+03
1.746682966390201273e+03
1.884590660903218122e+03
1.983274080030266759e+03
2.053730995205619365e+03
2.044622369378880421e+03
1.994983772560575062e+03
1.954396807062216112e+03
1.891268890784928772e+03
1.836740912213842648e+03
1.814012950397985605e+03
1.874195096234439234e+03
2.043340036177283991e+03
2.033879962861577269e+03
2.011782706462876376e+03
2.004913627394274954e+03
2.013654551707539213e+03
1.930499705222137663e+03
1.809248367549648037e+03
1.688136752499069416e+03
1.612636522804955121e+03
1.569907097311149528e+03
1.606096165043261863e+03
1.643967674873182659e+03
1.783321017079791091e+03
2.038405251521860691e+03
2.346805770177138129e+03
2.561757985024735717e+03
2.644106492731393701e+03
2.614021027688617323e+03
2.521347706745517826e+03
2.486454687261958497e+03
2.423995311024402781e+03
2.333181522734110786e+03
2.251120432976068969e+03
2.228199535181925967e+03
2.194707028055212049e+03
2.066085350511360048e+03
2.011029670300082671e+03
1.932629197846130864e+03
1.888856278910436458e+03
1.824875259595421312e+03
1.721495549737207511e+03
1.640623206771733976e+03
1.569436222111220104e+03
1.536245585371402058e+03
1.577306142286147178e+03
1.628757060587905698e+03
1.768060739790807247e+03
2.039257836485242706e+03
2.333614592981768510e+03
2.550591949063380071e+03
2.617672377745961512e+03
2.583277335820716416e+03
2.480098822501750419e+03
2.439631325834831841e+03
2.408221275292918108e+03
2.341529646791629148e+03
2.275324193119539359e+03
2.259471925740881943e+03
2.238397040977559300e+03
2.140305904090259901e+03
2.072710848578479272e+03
2.023121885149463878e+03
1.979561829537998392e+03
1.947715506352698412e+03
1.746088612263361483e+03
1.654931706200583903e+03
1.583751083734955955e+03
1.585042248723440935e+03
1.594880699829490823e+03
1.585742595116152643e+03
1.755543721388362883e+03
2.025497272196965241e+03
2.338586532994773734e+03
2.595871911938496396e+03
2.674513394657860772e+03
2.610718179077820878e+03
2.468454166018841534e+03
2.429823033696717175e+03
2.398399544223173507e+03
2.325967236443689217e+03
2.266354994842683482e+03
2.260332563732024482e+03
2.251219162738975228e+03
2.160496145820386573e+03
2.108084420337114352e+03
2.051841189724240849e+03
1.999468866654085559e+03
1.917662445591892720e+03
1.788032929877745573e+03
1.684292851821257955e+03
1.601838661481513100e+03
1.566172413518977010e+03
1.608746597739338767e+03
1.656658415402301898e+03
1.794892344811451949e+03
2.026862217131917987e+03
2.347024407985834841e+03
2.540369906518056723e+03
2.608299906244048543e+03
2.542196447951046139e+03
2.397452632899691253e+03
2.332687639372128615e+03
2.285913328789187744e+03
2.248241086356072174e+03
2.197343742189081240e+03
2.230921386561337840e+03
2.202103206100519856e+03
2.074013857168221421e+03
1.990905801548034788e+03
1.952272816898257815e+03
1.912662534811163141e+03
1.833964202037400582e+03
1.724978436091873846e+03
1.644103892060079716e+03
1.598737546140222321e+03
1.565425845120435497e+03
1.604715077037777064e+03
1.658659269440708840e+03
1.794553560003913390e+03
2.053778278137061079e+03
2.368356469859813387e+03
2.553000257927263192e+03
2.576128493128492664e+03
2.524317329606856674e+03
2.418685579991487430e+03
2.363917564126229536e+03
2.298525079762307541e+03
2.262459423305695054e+03
2.209139134297313376e+03
2.216199806801752402e+03
2.221550161173661763e+03
2.129814496105882426e+03
2.053417309544365253e+03
1.917689628314965830e+03
1.889660629076343639e+03
1.814566221587602740e+03
1.722576733652642815e+03
1.646920401496714021e+03
1.570723863866718830e+03
1.554645472526037111e+03
1.586539439140032300e+03
1.632411205010735102e+03
1.715434900955388002e+03
1.901400416628976018e+03
2.206316038034729900e+03
2.405040542513391301e+03
2.463757704622284564e+03
2.460280971695455719e+03
2.353444408214121268e+03
2.301476979597965965e+03
2.229548368870098329e+03
2.179678498253990711e+03
2.153147612493104134e+03
2.214976301672533737e+03
2.255069833605251006e+03
2.136057960086523508e+03
2.037525495305764025e+03
1.980912740902776932e+03
1.933630686567604471e+03
1.862677901567800063e+03
1.746231252289007898e+03
1.640993383856551645e+03
1.574352101405587518e+03
1.553143143214841757e+03
1.578242795462548656e+03
1.591599540553889483e+03
1.636249111256737024e+03
1.747691512496437781e+03
1.890393133193527319e+03
2.053297177836964238e+03
2.116415276047140196e+03
2.103732396715145569e+03
2.038349404379085399e+03
2.007626307388381292e+03
1.961481164569358953e+03
1.923313365507145363e+03
1.896281703504062079e+03
1.980822788335530959e+03
2.096132943958546093e+03
2.068409826973660984e+03
1.937349577410543588e+03
2.036635193451199257e+03
2.022291063066053312e+03
1.929703075142568650e+03
1.795719701159317992e+03
1.682842854057108298e+03
1.607963731558899553e+03
1.574242144658060624e+03
1.622290862319695407e+03
1.691481253202279049e+03
1.865689127918761415e+03
2.141720418020569014e+03
2.480684594373573418e+03
2.699752519936253520e+03
2.771288465630645987e+03
2.732682135150457725e+03
2.634726590544412375e+03
2.609856650634411835e+03
2.577587598529647039e+03
2.481340975197789703e+03
2.438775398023839898e+03
2.384367034365864129e+03
2.295486258241789983e+03
2.156996110327931092e+03
2.074252149772894427e+03
2.046163064163951503e+03
1.999570445022083277e+03
1.902464601349149234e+03
1.768084259653412118e+03
1.663594713598052977e+03
1.594983197336433022e+03
1.576226178590389964e+03
1.621874210417542372e+03
1.692612355843785508e+03
1.831926286031825839e+03
2.088203027157918768e+03
2.385197827548281566e+03
2.602522609195787481e+03
2.685703071325392557e+03
2.634048618761976286e+03
2.484351782439387989e+03
2.427192725523412264e+03
2.377583739979304028e+03
2.324324005863571529e+03
2.287258083386177077e+03
2.291426256884032682e+03
2.261573047502775353e+03
2.150684134936811915e+03
2.050166495584687709e+03
1.959006008262573914e+03
1.867772657313938907e+03
1.784437987024670747e+03
1.684290564461350641e+03
1.604458853465554512e+03
1.545111258893979311e+03
1.522280728680309494e+03
1.564696705088626686e+03
1.615308025947836541e+03
1.758965490535763593e+03
2.002559542947122509e+03
2.270143563734243799e+03
2.448844392498421712e+03
2.510871367269806342e+03
2.469009434349718504e+03
2.352765600815983817e+03
2.270104885965868561e+03
2.175941200938769725e+03
2.099981233016778788e+03
2.098875417669710259e+03
2.150871779906304710e+03
2.174878710855216013e+03
2.071025302742749773e+03
1.970116433954127160e+03
1.895090083081677676e+03
1.800576640876924785e+03
1.702813646941283423e+03
1.605527544494720360e+03
1.535807510595419899e+03
1.492447498721745205e+03
1.474532079416215311e+03
1.528269151299470195e+03
1.608209206756396270e+03
1.794905876495365192e+03
2.081691823926103552e+03
2.395545008790807060e+03
2.623455297705567773e+03
2.689165062120501716e+03
2.641950705275798555e+03
2.517885318619913505e+03
2.477871524603388025e+03
2.432254743543719997e+03
2.370959898302116017e+03
2.311274939678253304e+03
2.329065685174254213e+03
2.324346788228634978e+03
2.217410267716657017e+03
2.109043324361058694e+03
2.018839788771746726e+03
1.952979615323882854e+03
1.827875087045199507e+03
1.704154572589793815e+03
1.617169872933591705e+03
1.553658206565523415e+03
1.532138966483117656e+03
1.586911282884936327e+03
1.656253502287673200e+03
1.832586064852614982e+03
2.129998702386030800e+03
2.443103864919705757e+03
2.665659785267003826e+03
2.712538786497816091e+03
2.632699375125350798e+03
2.521049890007772319e+03
2.476836886821983626e+03
2.446662633267891124e+03
2.382760222243091903e+03
2.306418573600582931e+03
2.303930239799202809e+03
2.282310530405845384e+03
2.177780561166464850e+03
2.069359918401442428e+03
2.003799798555060761e+03
1.941102006125619027e+03
1.830090337515430974e+03
1.712792381662773323e+03
1.622916610227088768e+03
1.551494301553037758e+03
1.538489500485868803e+03
1.577045765710842716e+03
1.624329082204699716e+03
1.737304815825646983e+03
1.953304142558130479e+03
2.216602094567028416e+03
2.417009446147811104e+03
2.506460448526411255e+03
2.450108565493838341e+03
2.334792853623293922e+03
2.300499576654041448e+03
2.270145628433198453e+03
2.222994564665072630e+03
2.169861186477145566e+03
2.213292354274685749e+03
2.281214208552290984e+03
2.183260469374586592e+03
2.086054448365742701e+03
2.033989982216499584e+03
1.964014273694775284e+03
1.879840943529867900e+03
1.762336396564694496e+03
1.662594604528265108e+03
1.598812769002230198e+03
1.560138114018977603e+03
1.586875805463802635e+03
1.621074304692138185e+03
1.667924285248669094e+03
1.773893781416642923e+03
1.942423255910490525e+03
2.065263170144018659e+03
2.112904277787131377e+03
2.098358860834563529e+03
2.037105356273283633e+03
1.988089629246186405e+03
1.957199629691022665e+03
1.914896425784452731e+03
1.886839261774117404e+03
1.961844327932311671e+03
2.107447455266471479e+03
2.082887519269808308e+03
2.054943846271693928e+03
2.033742240483958540e+03
2.006989447701671452e+03
1.910051431852248015e+03
1.782207272882533289e+03
1.687685578099987424e+03
1.621260863083560707e+03
1.569346753995095014e+03
1.611283329136483417e+03
1.659703569680918008e+03
1.816696588717805753e+03
2.114172258637934647e+03
2.402291437523852892e+03
2.586126673784144259e+03
2.680536184710824728e+03
2.669509335421006654e+03
2.517672054111839770e+03
2.494454582939693864e+03
2.475555744695044723e+03
2.431156558232858515e+03
2.379000137541338518e+03
2.357731583346489060e+03
2.334771486013607955e+03
2.217242708920698988e+03
2.113195730812148213e+03
2.054019705284675638e+03
2.003098897606649416e+03
1.950391634675105024e+03
1.800320506865470861e+03
1.702340783558443718e+03
1.638710285849180309e+03
1.612350254505487783e+03
1.622789611808931113e+03
1.691031448026473072e+03
1.840403807021753664e+03
2.107038191057097720e+03
2.369822104667097847e+03
2.638597486771690455e+03
2.704679408298598446e+03
2.665186662183552471e+03
2.546909987848282071e+03
2.542242736848762434e+03
2.534928673967300256e+03
2.491055446699386721e+03
2.402576807007669231e+03
2.352807098640786535e+03
2.363523924162521325e+03
2.238365545732859573e+03
2.138004588386555497e+03
2.098512300700814194e+03
2.065296193743969070e+03
1.965015952872081925e+03
1.840468075789919340e+03
1.708786772741272443e+03
1.639011134245304902e+03
1.596058173970678808e+03
1.634204811234940735e+03
1.668383116683827893e+03
1.840722449780420902e+03
2.113705235630947300e+03
2.414846928388580636e+03
2.671241606763021082e+03
2.729241586320573788e+03
2.699411554732652803e+03
2.581466527195349045e+03
2.563015946719448493e+03
2.535392970929884086e+03
2.474590111105646429e+03
2.378906783721126430e+03
2.360728295157488446e+03
2.355724235628205861e+03
2.216505939936006143e+03
2.164236638716810830e+03
2.140203698815829739e+03
2.079929661633595970e+03
1.992151648753481595e+03
1.859054743005462569e+03
1.756345334722086136e+03
1.680531078231376341e+03
1.623738215782633006e+03
1.665542284558922802e+03
1.709647321795196149e+03
1.852241572000947826e+03
2.108350315745803982e+03
2.454891463198827296e+03
2.662630296674977217e+03
2.738388332093254121e+03
2.640189810768339157e+03
2.529336505778903756e+03
2.522748374186257934e+03
2.523143071328981478e+03
2.474613193466100711e+03
2.384418111497557220e+03
2.406512670304910898e+03
2.407914870227987194e+03
2.309118151268859037e+03
2.219401947131494580e+03
2.181440054362146384e+03
2.082082413834427371e+03
1.962417000430401458e+03
1.864254507219638754e+03
1.776420411923351367e+03
1.717812280825064590e+03
1.697980594703912175e+03
1.734250195927690811e+03
1.768125487808085381e+03
1.824328499828711074e+03
1.949504722153962803e+03
2.144905000607889178e+03
2.313866070996745293e+03
2.384953067225432733e+03
2.475823827993061968e+03
2.359539731455583478e+03
2.332304002303656034e+03
2.311768219622852484e+03
2.267827738463809965e+03
2.223468683622390017e+03
2.294735759620357840e+03
2.317897054469574414e+03
2.268849745951583373e+03
2.207052827235168479e+03
2.184742246672735746e+03
2.178443227660382490e+03
2.090462125660481433e+03
1.939894286481664949e+03
1.810092667140707590e+03
1.721307385667316112e+03
1.685320089529363486e+03
1.708418970744459102e+03
1.747872043254211349e+03
1.845178544054980193e+03
2.077488393004023692e+03
2.376541077121352373e+03
2.626841232631221374e+03
2.717447881591866008e+03
2.690902774784977282e+03
2.561454058690007059e+03
2.568160862310253833e+03
2.550343493262728771e+03
2.477516500085217103e+03
2.406504234717697727e+03
2.415529179696771280e+03
2.265508128192983349e+03
2.147307103455063043e+03
2.065983231986177543e+03
2.020076779373195677e+03
1.993177279660751765e+03
1.931919575625901871e+03
1.830517238055617781e+03
1.726497426578042450e+03
1.638492082764769293e+03
1.578128853718990968e+03
1.611018898856318629e+03
1.621294086547040251e+03
1.667757450956214825e+03
1.759480566556691201e+03
1.900850647044332163e+03
2.037818794805517427e+03
2.094177036386009149e+03
2.109189772377142617e+03
2.048029984260388119e+03
1.986951657812637222e+03
1.943033856052819601e+03
1.889144319774800579e+03
1.895058643515015774e+03
2.036274681471498980e+03
2.100785080004730844e+03
2.076894080377706814e+03
2.035506807655442117e+03
2.021170862746297644e+03
2.010877040680628852e+03
1.921074065956898949e+03
1.789437111181734736e+03
1.685891749276438304e+03
1.615432609891548054e+03
1.582231691925176165e+03
1.636754171681989646e+03
1.711943064217262418e+03
1.877773766921187189e+03
2.181041764508649976e+03
2.503122414768114140e+03
2.726635758858045847e+03
2.802855521613721066e+03
2.675198921922828958e+03
2.544373623869995754e+03
2.564150077601847443e+03
2.582552426411334636e+03
2.538397168688326474e+03
2.439121210582817184e+03
2.412405186858155957e+03
2.383761990733195944e+03
2.268226272368242917e+03
2.177479377353812652e+03
2.121815542310480851e+03
2.096538851822766446e+03
1.989761172831535760e+03
1.845859649329750482e+03
1.716924129679074667e+03
1.638636474620088848e+03
1.612061694683853830e+03
1.651113030577093014e+03
1.718564918389670311e+03
1.855876175263222649e+03
2.147104006253210628e+03
2.496001281304917939e+03
2.738241011506989253e+03
2.809999386957881597e+03
2.778902841645047374e+03
2.664672164109983441e+03
2.657395060995634140e+03
2.649268261296167566e+03
2.577846845110776030e+03
2.468707824818454355e+03
2.433215659145627797e+03
2.398223716227154455e+03
2.299196861017409901e+03
2.198108216040532625e+03
2.166336084939474404e+03
2.146851450636043865e+03
2.035024021870266324e+03
1.881960551177033267e+03
1.785331580360026464e+03
1.699429431730491615e+03
1.656910186150599657e+03
1.709115575073547689e+03
1.766124805864693599e+03
1.904430205334716447e+03
2.201280414214033499e+03
2.543592140269576248e+03
2.813566951654978311e+03
2.882187430112704533e+03
2.842194893159042749e+03
2.713480264077416905e+03
2.728971028396245401e+03
2.730744291020703258e+03
2.670523753655338624e+03
2.550759035016900270e+03
2.489775743313161911e+03
2.455390128803790503e+03
2.340818076900563483e+03
2.233435688120789109e+03
2.216634498005726982e+03
2.201241161071880924e+03
2.120500546713858512e+03
1.956207208576902303e+03
1.843149602817601362e+03
1.758590050168292009e+03
1.726775095926664790e+03
1.770532866237989538e+03
1.822355461393457290e+03
1.958028903067452120e+03
2.218610194502116883e+03
2.558130914009472235e+03
2.804684006556459735e+03
2.907688495194259758e+03
2.876158394276950276e+03
2.739058659422245455e+03
2.732103364689742193e+03
2.714926966439841635e+03
2.608827491348606600e+03
2.502066155325288491e+03
2.475962491936113565e+03
2.436631102580259721e+03
2.292492029808701318e+03
2.213909979896088771e+03
2.237042804837079984e+03
2.238130807513337913e+03
2.153502578043792710e+03
1.988479102196076610e+03
1.850433185082624505e+03
1.765158047909860898e+03
1.734402171899690302e+03
1.765595255953893457e+03
1.808824234499196564e+03
1.942846862028874511e+03
2.234981710459947408e+03
2.568954461961034212e+03
2.790527095581081085e+03
2.881967306024426307e+03
2.860122477054542287e+03
2.766520082323672796e+03
2.795723544233428129e+03
2.793837317239732783e+03
2.702039346631246644e+03
2.561938572778401067e+03
2.512595090525169326e+03
2.497340443820930432e+03
2.381597009431610786e+03
2.351517906520965880e+03
2.243462801862260676e+03
2.318674633121307579e+03
2.255627583458611753e+03
2.061947377542219328e+03
1.918077043927146860e+03
1.841410204640969596e+03
1.785197706648361191e+03
1.810754893717222785e+03
1.840047753610424024e+03
1.911436859117683525e+03
2.097475027407942889e+03
2.348567016573088495e+03
2.579164657472282215e+03
2.712519940302012856e+03
2.727694481629772326e+03
2.641734603236580369e+03
2.696010844438933418e+03
2.644394146963729327e+03
2.551514557123360646e+03
2.513766871934676601e+03
2.536590103916763383e+03
2.502362650475805367e+03
2.388942918840904895e+03
2.304626407217882843e+03
2.286924516442104959e+03
2.288611025537320984e+03
2.181892883078009618e+03
2.025775252950987351e+03
1.897768293489589496e+03
1.802655145702779691e+03
1.757041966459303467e+03
1.766742188701704436e+03
1.772154475710736733e+03
1.785904037028042239e+03
1.874202075836201402e+03
2.043874887849397282e+03
2.186753367833259745e+03
2.266077598797465271e+03
2.300884957808788386e+03
2.265907177642018269e+03
2.221089315167290351e+03
2.132628440636686264e+03
2.060231979725620477e+03
2.047073548402514007e+03
2.204153002797575482e+03
2.315801927268822965e+03
2.341986881087354504e+03
2.316546389978593197e+03
2.348984611871152083e+03
2.368467078243311789e+03
2.185025262740972266e+03
2.049845998144670830e+03
1.932548356759945364e+03
1.859382037071226932e+03
1.779710728413936522e+03
1.797220578628906878e+03
1.861558712125967304e+03
1.982834079912254992e+03
2.164603880348560324e+03
2.459402267194490378e+03
6.293422883120254028e+02
4.477703331691679409e+02
9.426735876093981688e+02
1.891484433069632360e+03
2.641900231297253413e+03
2.763371111579878288e+03
2.687993667468839249e+03
2.600798608379745019e+03
2.465783311620734821e+03
2.591456885576998502e+03
2.551559828244445271e+03
2.384813067086694446e+03
2.326296551317646845e+03
2.409797007011155983e+03
2.198149137760924987e+03
1.992088220715343141e+03
1.851567990615925737e+03
1.758445236027452893e+03
1.709833327149590787e+03
1.750483830134521668e+03
1.786444030179056199e+03
1.939610541657281601e+03
2.229366112684741438e+03
2.584874858680793295e+03
2.822986816554729103e+03
2.928115724369506552e+03
2.917718288210792252e+03
2.824980178025185069e+03
2.826008434456519353e+03
2.787380027345237522e+03
2.677162250288773521e+03
2.581886367870395588e+03
2.563909810252203442e+03
2.495748846898981810e+03
2.350726852979921205e+03
2.253583892962958544e+03
2.238496320423702855e+03
2.233261588347556881e+03
2.106172940396734248e+03
1.934093803938021438e+03
1.794749758601234134e+03
1.711275724585249463e+03
1.684153256114752139e+03
1.710257208187709239e+03
1.752627370012697384e+03
1.910023349365829517e+03
2.208483380579963523e+03
2.536366380062978806e+03
2.840882981460068095e+03
2.975938121816408966e+03
2.891931544047382431e+03
2.761294430601942167e+03
2.752786318684439721e+03
2.726758997597507005e+03
2.661277059916794315e+03
2.597233025653554250e+03
2.644877849202680409e+03
2.581192261768208027e+03
2.450485178110447578e+03
2.435279460414831192e+03
2.459554190504648886e+03
2.495870108976408574e+03
1.919493461222604083e+03
1.765615819346956869e+03
1.707175656957698266e+03
1.678899519331607735e+03
1.689681965732461322e+03
1.734097099428089678e+03
1.820249127552319351e+03
1.876527843416669839e+03
2.071641320289382293e+03
2.487806921231854631e+03
2.800924433465952461e+03
2.920383124273103022e+03
2.917058688514731784e+03
2.726615051675445102e+03
2.722036159714117730e+03
2.665945684408135548e+03
2.565555288739297794e+03
2.509272438223522386e+03
2.507193912962024569e+03
2.437508772433694048e+03
2.320860849992526710e+03
2.221750513793429491e+03
2.160037031748054233e+03
2.121459510582964413e+03
2.029424677074681313e+03
1.879654468375474835e+03
1.748756223598230235e+03
1.640891362256249522e+03
1.619551091274453483e+03
1.666415076802122258e+03
1.741689771465530839e+03
1.897585482164952964e+03
2.186251477705583511e+03
2.541311688415262779e+03
2.783773809173705558e+03
2.875484896396060776e+03
2.918580462858252304e+03
2.703644780468157478e+03
2.632981099820835425e+03
2.588133326825071890e+03
2.517108724048480326e+03
2.438051002019581119e+03
2.510299039207147871e+03
2.490979656086690738e+03
2.388685876979400746e+03
2.230833741826325877e+03
2.157462679738275256e+03
2.104776166868697146e+03
2.017887262555424741e+03
1.873113540850572690e+03
1.765607168087152331e+03
1.684506166176284751e+03
1.641988552934813697e+03
1.680717466049702352e+03
1.701545219254864378e+03
1.811779978512281104e+03
2.038368350325274605e+03
2.310086424331565013e+03
2.536734796925685259e+03
2.690043792248359296e+03
2.599865597649991287e+03
2.472765352270527274e+03
2.451856526449920693e+03
2.439664533412819765e+03
2.390024664438543368e+03
2.308568503899541611e+03
2.369292610301039531e+03
2.399583305695555737e+03
2.303485239928771534e+03
2.179533657738199508e+03
2.099186006473769339e+03
2.053491390226500243e+03
1.999532318823115020e+03
1.868393030186577562e+03
1.751583813877685770e+03
1.666716230788960047e+03
1.623671050679145083e+03
1.655180852386028846e+03
1.662988127602736085e+03
1.706952373755805866e+03
1.809262322858514153e+03
1.948321516308389164e+03
2.097004039304443268e+03
2.190795707828697687e+03
2.106570052267479241e+03
2.050712392981711218e+03
2.015544791143798193e+03
1.985803530863189962e+03
1.945147971648009161e+03
2.020343213280503278e+03
2.080985060183109908e+03
2.250722643955332387e+03
2.204324501291407614e+03
2.168812797134318771e+03
2.135840565681247881e+03
2.114715636483510480e+03
2.036967543354012378e+03
1.883544442111820445e+03
1.753300149604636545e+03
1.680602796328097156e+03
1.642638532710191612e+03
1.690882879563848519e+03
1.755255689004349961e+03
1.910553329313384438e+03
2.207282929074134245e+03
2.552047328416942491e+03
2.799181885958074417e+03
2.910719941465305510e+03
2.785360877203788732e+03
2.659549062462490383e+03
2.656397652131137875e+03
2.635356571202124542e+03
2.582059778625021409e+03
2.489437161447218841e+03
2.508589033917699453e+03
2.493099853454898039e+03
2.378739866236007856e+03
2.269933443647330023e+03
2.222449469898755069e+03
2.201906327133905506e+03
2.112932614478291271e+03
1.949894801593281954e+03
1.805878875095689409e+03
1.718798832527665127e+03
1.682288248490719752e+03
1.735705240519782137e+03
1.794310704234624609e+03
1.953802514948708904e+03
2.245018764482936604e+03
2.594275878126896259e+03
2.853123131783292592e+03
2.990740003293167774e+03
2.939786015442665757e+03
2.812105645147363248e+03
2.806342616908062610e+03
2.734958567191697512e+03
2.647617658546945677e+03
2.557752997788287303e+03
2.607454092777478309e+03
2.598648965821666934e+03
2.505981180141577170e+03
2.393191676951946647e+03
2.362596995398415856e+03
2.346123155443769065e+03
2.220414532834783586e+03
2.044939830349492240e+03
1.903133643484340837e+03
1.810441456636240218e+03
1.767523546694930701e+03
1.795376727309607077e+03
1.844664461318829353e+03
1.978957633780738661e+03
2.254573981914101296e+03
2.598363495782438804e+03
2.868389770405110539e+03
2.990715171262849253e+03
2.953591743600007703e+03
2.826962023826567020e+03
2.842214571168214206e+03
2.844655352413244145e+03
2.756984325897913550e+03
2.637909325479128256e+03
2.646552972348184994e+03
2.642274257661620595e+03
2.536809386860728864e+03
2.408589425720451800e+03
2.332708688206537317e+03
2.289880530845653084e+03
2.157029619520705182e+03
1.995299282170886272e+03
1.868384943895636980e+03
1.784559004345336461e+03
1.747240937417596797e+03
1.797038104594012566e+03
1.843071436596925423e+03
1.993031269797966161e+03
2.270099727822050227e+03
2.618170178279700394e+03
2.886924769922328778e+03
3.003869392014307323e+03
2.970080304545376293e+03
2.860886764942159971e+03
2.882770608301633729e+03
2.860750781027729317e+03
2.764634942580024017e+03
2.641591657781384583e+03
2.659811689749134985e+03
2.588752666881501682e+03
2.416278194483291827e+03
2.282625548785387309e+03
2.172883014737070425e+03
2.172221695596864720e+03
2.113625637983837350e+03
1.962595185170913282e+03
1.833701395032049277e+03
1.737438597691393852e+03
1.714088816807510511e+03
1.760703550002368729e+03
1.795284478370074794e+03
1.917728656960445733e+03
2.181998492765475930e+03
2.496477202363732431e+03
2.730019475686108308e+03
2.893543589806455202e+03
2.914951583556706282e+03
2.810186953372690368e+03
2.815060112911122360e+03
2.786320769335268778e+03
2.707866496017827558e+03
2.615350715496856992e+03
2.645592769180484993e+03
2.611915329082409698e+03
2.504617288174718851e+03
2.390720871163510765e+03
2.360485162102067079e+03
2.320962129657517835e+03
2.230752495563460798e+03
2.063254475822802306e+03
1.939512964725376150e+03
1.827141723167490227e+03
1.779736636851328058e+03
1.815578771596755359e+03
1.852834716545046604e+03
1.933857633980472428e+03
2.112062489939354236e+03
2.357683654908267727e+03
2.606959349588316854e+03
2.720810535721740962e+03
2.680627888218060434e+03
2.589407408948867214e+03
2.587888929879406078e+03
2.552038081919565684e+03
2.469345295679303035e+03
2.408847985532959228e+03
2.471237247900503917e+03
2.488842622922083137e+03
2.432680807499289131e+03
2.346562705453395210e+03
2.313414397696159085e+03
2.270071622603957621e+03
2.258459455506425456e+03
2.072154758261730422e+03
1.940072412192957245e+03
1.846522749816167561e+03
1.793969219879558295e+03
1.817280816976543520e+03
1.824625713598391940e+03
1.815576884789532414e+03
1.879691585035723620e+03
2.017426224065121460e+03
2.108353457957862247e+03
2.138436808033103716e+03
2.147797955286856904e+03
2.121463516942063961e+03
2.130512404480984060e+03
2.121219331116183184e+03
2.079188621805753428e+03
2.053384071623194814e+03
2.219970690784264207e+03
2.296193581448482746e+03
2.308141518413284757e+03
2.296665212848434749e+03
2.289260439838327784e+03
2.311702758645129961e+03
2.165010017999517004e+03
1.995691402012856543e+03
1.853323938961502108e+03
1.770366902670523132e+03
1.737264010113319273e+03
1.778055750407927462e+03
1.794965460375432485e+03
1.903439775709966852e+03
2.154515210498779652e+03
2.508549726983951132e+03
2.736831991721592658e+03
2.832897636615643933e+03
2.808381658363462975e+03
2.711325650941257209e+03
2.766925008078797873e+03
2.786252072689082524e+03
2.733620669496714527e+03
2.659023459865635232e+03
2.658602923208017273e+03
2.583506778370826851e+03
2.421865461124921694e+03
2.315720411551913458e+03
2.242308840361386046e+03
2.178168367815219881e+03
2.095734332957670176e+03
1.957947355710810825e+03
1.835594037619345954e+03
1.723169458036106334e+03
1.654443767217356708e+03
1.690662056904192923e+03
1.715844049801569781e+03
1.863307488217312539e+03
2.106492144625733090e+03
2.422682647639414881e+03
2.690499883299029079e+03
2.811461838940214420e+03
2.770651825264935724e+03
2.685089721594545608e+03
2.697737852969300093e+03
2.697811744332103899e+03
2.633946200284413408e+03
2.550389242015668515e+03
2.561639604158794555e+03
2.522642735642772550e+03
2.430081082304800475e+03
2.327295517512086462e+03
2.275468588475963315e+03
2.242200445899607075e+03
2.127445160598709663e+03
1.969675678994941336e+03
1.830956959562920474e+03
1.724001112325556278e+03
1.691185305718167228e+03
1.722186590153426778e+03
1.758835295518096018e+03
1.909177798528273797e+03
2.148750246094226895e+03
2.487879341342428233e+03
2.789470476697860704e+03
2.870233625837376167e+03
2.863858630834698488e+03
2.746270943937432548e+03
2.753424873839413067e+03
2.751535237087020960e+03
2.679732461668941596e+03
2.578185676316057197e+03
2.576096874339030364e+03
2.528022651896764273e+03
2.436788171744960891e+03
2.336276703778317369e+03
2.267385005099628415e+03
2.248141748042300151e+03
2.137660109766243750e+03
1.973369636868320185e+03
1.837454114657538412e+03
1.727962916086793712e+03
1.683645901845549815e+03
1.719067064720518829e+03
1.776776573168850973e+03
1.923917870148004113e+03
2.194223452357912720e+03
2.524942731875296886e+03
2.782320392103452377e+03
2.872044106708216987e+03
2.832743973436655779e+03
2.735051203680906838e+03
2.731031700226718385e+03
2.720012727107595765e+03
2.658144108543767288e+03
2.577892860628750441e+03
2.600944566302315707e+03
2.554805337954707738e+03
2.455302488552448267e+03
2.355400107041944921e+03
2.326595873982951616e+03
2.316901697919774051e+03
2.187678032471159895e+03
2.021270804146354294e+03
1.874041682605692813e+03
1.764132339191835854e+03
1.685420917304407567e+03
1.719791670294787536e+03
1.751492002605921016e+03
1.908544627836459767e+03
2.134884913826593220e+03
2.421799723748756605e+03
2.659540185844997268e+03
2.747439409670473651e+03
2.720768822975510830e+03
2.626526008847735284e+03
2.629484170915216055e+03
2.614328704922492761e+03
2.571969161133391026e+03
2.507595709833150522e+03
2.547704381894140624e+03
2.521283545411567502e+03
2.403521297870665421e+03
2.276614986779600258e+03
2.214305191386989463e+03
2.194661333590489903e+03
2.103069098362091609e+03
1.951705948405470963e+03
1.816263127629220435e+03
1.708099579900942217e+03
1.668513297042697104e+03
1.686998701393799820e+03
1.739475843391412582e+03
1.827486226549956427e+03
2.036176899055623608e+03
2.309734015409800577e+03
2.535045899945940619e+03
2.634800485391688198e+03
2.597776445367315318e+03
2.504016639252865843e+03
2.503972167670248382e+03
2.521420164989788645e+03
2.505730794959303239e+03
2.442363077429361510e+03
2.490492693284544657e+03
2.474820580922278623e+03
2.374083545691888048e+03
2.241036490625950591e+03
2.151413194452970401e+03
2.114708768726052313e+03
2.011231262543062257e+03
1.865848485230614642e+03
1.703901367260028792e+03
1.613729475295114980e+03
1.664664977995231766e+03
1.684040547282536181e+03
1.683585841946005985e+03
1.740416628273866991e+03
1.792855441752847355e+03
1.962030258659433230e+03
2.049041024123914212e+03
2.136100138576359313e+03
2.132083270205458575e+03
2.091386108409148619e+03
2.056654489357343209e+03
2.045289033609465832e+03
1.996577562668159089e+03
1.974535170197342040e+03
2.103175567050457630e+03
2.179374929875636099e+03
2.204550237009868397e+03
2.158293329032925612e+03
2.125621495947029416e+03
2.104937713431317206e+03
2.011557763907309891e+03
1.863584559916472699e+03
1.728258583519190324e+03
1.648216869636973115e+03
1.626864965643642108e+03
1.675994829794026145e+03
1.739358992630180865e+03
1.893443438865115695e+03
2.191242907785977422e+03
2.542010241406242130e+03
2.796690282557064165e+03
2.881388541849018111e+03
2.838031975213991700e+03
2.725895144142372374e+03
2.738326895491093637e+03
2.751515247882321091e+03
2.699681430027237639e+03
2.619036115066603088e+03
2.646637466020740703e+03
2.616418172380705073e+03
2.481176087366727188e+03
2.360504322725800648e+03
2.292213592188777511e+03
2.238833792382057254e+03
2.115979958863155389e+03
1.945451205944360936e+03
1.800839615549881728e+03
1.713345467650173077e+03
1.688496259641118741e+03
1.742810435483379024e+03
1.795562637207278613e+03
1.932945249960664114e+03
2.200803059599296830e+03
2.534575428906970046e+03
2.756786017341788465e+03
2.859094514274885569e+03
2.844295522000299570e+03
2.727172019104672017e+03
2.731041021507503046e+03
2.734161367404313296e+03
2.665872251761301868e+03
2.614922638462450777e+03
2.644769519219555605e+03
2.610084305161742577e+03
2.516832803067912209e+03
2.304992481315573968e+03
2.220929004159808756e+03
2.174425699784189874e+03
2.119536895288540563e+03
1.964236907156300049e+03
1.824228403803462925e+03
1.709281507582383938e+03
1.687536055089148704e+03
1.736848659971208690e+03
1.791228631239563356e+03
1.947386001908650542e+03
2.211600810228204409e+03
2.532095221110351758e+03
2.756167111478206152e+03
2.833931085303654072e+03
2.833872290375796183e+03
2.702443223829301587e+03
2.691045307250723454e+03
2.698971951884492228e+03
2.650629667552782394e+03
2.584770054662712937e+03
2.594836621459772687e+03
2.558924370395589904e+03
2.452693053854401569e+03
2.338053067922477112e+03
2.264270348934490812e+03
2.229672534717331018e+03
2.092854021200877014e+03
1.946899774348656820e+03
1.777564140351393007e+03
1.699905241710880318e+03
1.660443605623391477e+03
1.710122173096321603e+03
1.793731339219903248e+03
1.924544495726779360e+03
2.154529256014396651e+03
2.505983745256346538e+03
2.854697189030857317e+03
2.874408912679454261e+03
2.780397411778598780e+03
2.555759296475345309e+03
2.608902559164592276e+03
2.646002034833784819e+03
2.661527137043452967e+03
2.613172235391954928e+03
2.590572695911192113e+03
2.561857550858561808e+03
2.418136108211050669e+03
2.268978511042314494e+03
2.155828810930728196e+03
2.111677180772782322e+03
1.989093030295418657e+03
1.844531418573230894e+03
1.732534535184430979e+03
1.646148445767638805e+03
1.633442959662994554e+03
1.681019998563146373e+03
1.726129912041990110e+03
1.861395318693315403e+03
2.138133336238436641e+03
2.441215920510736851e+03
2.670753790196796672e+03
2.779011281749423233e+03
2.727126208246269925e+03
2.634515114861974780e+03
2.640632810076911028e+03
2.634366357938166402e+03
2.555703636374400503e+03
2.561830914213142478e+03
2.582088734450323045e+03
2.511957817970850101e+03
2.405489430940128386e+03
2.256569638037657114e+03
2.155347236884720587e+03
2.089457901665264671e+03
1.998877451002465705e+03
1.845366521112997589e+03
1.711048157217235257e+03
1.642008313622466858e+03
1.613220297101011283e+03
1.664364709483658544e+03
1.706732179312358085e+03
1.818906676509151112e+03
2.008595382295066656e+03
2.273900866906149076e+03
2.523187221810365372e+03
2.605790836535103153e+03
2.579588778262817414e+03
2.478669206259974089e+03
2.496097934282489405e+03
2.530180094576194278e+03
2.515126977709621315e+03
2.488592320341347659e+03
2.566525864585285035e+03
2.510181303757203750e+03
2.406621683318827309e+03
2.278703337741509131e+03
2.155975637248321163e+03
2.090340131467950414e+03
2.009087893057936753e+03
1.861451610281201056e+03
1.749263529364459600e+03
1.665545277931515557e+03
1.631141216752644823e+03
1.694004716887200630e+03
1.721084584488071641e+03
1.743951914331799571e+03
1.844703288095830430e+03
1.981303722023725413e+03
2.111904623394435021e+03
2.176377241662902634e+03
2.175694759221895765e+03
2.135931927960875782e+03
2.129075194864733476e+03
2.111017047939555141e+03
2.078890880846096024e+03
2.080203931430969078e+03
2.221199379842990766e+03
2.291558762113381817e+03
2.301400232354883883e+03
2.203840432743635574e+03
2.168334077619899745e+03
2.106408167286637308e+03
2.007461306680734651e+03
1.858097413824806381e+03
1.738112591242741928e+03
1.662857700349024071e+03
1.635239467033161191e+03
1.676720644891760003e+03
1.767862507517526183e+03
1.893287568687927887e+03
2.160779272857408614e+03
2.491478991811067317e+03
2.715670559102017251e+03
2.797536782988993764e+03
2.774998008606364237e+03
2.662001471857138313e+03
2.643972604735987716e+03
2.651456438204199458e+03
2.623113295458761513e+03
2.554025484972954473e+03
2.590035923356685089e+03
2.516656910378618704e+03
2.370687006919294163e+03
2.360375367981790077e+03
2.131708612252912189e+03
2.026061617413087788e+03
1.955372090585972956e+03
1.825376534483804562e+03
1.706504514099711059e+03
1.620370802497061504e+03
1.597217995779159537e+03
1.657571959113444791e+03
1.728667149021806154e+03
1.876195622340016143e+03
2.133543328221162483e+03
2.446552342908061291e+03
2.651705372887775411e+03
2.715404062606572552e+03
2.672370664539318568e+03
2.563692223374279820e+03
2.559658601302154693e+03
2.523379628421588222e+03
2.517712878362683568e+03
2.499655658440880416e+03
2.563313607583301746e+03
2.517763340854068701e+03
2.426211929577119463e+03
2.240799542470791948e+03
2.040483690419421237e+03
1.940791435609480232e+03
1.869728670901482019e+03
1.735528380741835917e+03
1.629511160167847493e+03
1.558564187759495553e+03
1.541025026995155940e+03
1.589935344671742769e+03
1.663915158570199083e+03
1.797508825318259824e+03
2.065919613872553782e+03
2.364659401596686166e+03
2.576623873524899864e+03
2.646975084504789720e+03
2.587830285020506835e+03
2.488564033106339593e+03
2.479110043265697186e+03
2.474060654554123630e+03
2.453802975740383317e+03
2.432626104635586216e+03
2.505673492069553504e+03
2.430495822134590526e+03
2.275244849809369953e+03
2.126791153131240208e+03
1.984306575981960350e+03
1.861066056651101007e+03
1.745613994952250550e+03
1.626578332999181157e+03
1.536458734414173250e+03
1.474594098816340193e+03
1.465074016367816967e+03
1.533531719568639573e+03
1.612156344926430620e+03
1.759820584458854682e+03
2.022661457513676623e+03
2.321572017806268377e+03
2.528482436868383502e+03
2.607793082926842544e+03
2.588798624423586716e+03
2.486257519765085817e+03
2.473449244939467007e+03
2.478636131922592085e+03
2.463488284089907665e+03
2.430531405466590968e+03
2.494828432526236611e+03
2.433311243281630141e+03
2.312907424153603188e+03
2.190814201593903363e+03
2.041328913145134720e+03
1.834331751676184012e+03
1.751054487144338736e+03
1.622289227719323208e+03
1.524156822855314658e+03
1.469081714744084593e+03
1.463627477949762806e+03
1.549627526009049234e+03
1.632052040945982981e+03
1.783049118500654004e+03
2.038003881662672939e+03
2.352908059368783597e+03
2.581757092145029674e+03
2.690652843017495798e+03
2.693954566523307676e+03
2.601759498061684553e+03
2.577296147202697284e+03
2.546065941392016612e+03
2.455315289336943806e+03
2.378854782287950002e+03
2.450720373945186111e+03
2.407984979187124736e+03
2.326857369267443573e+03
2.243400794384379424e+03
2.105291758598027172e+03
1.979004486455531378e+03
1.881339875415490724e+03
1.747958945928842468e+03
1.642050072231570766e+03
1.568278134080720292e+03
1.559356462976169041e+03
1.656743155566528912e+03
1.740206272006812696e+03
1.811185817866127536e+03
1.911021193350286239e+03
2.030308064756996373e+03
2.130091909053263407e+03
2.160023831381052332e+03
2.144565880557834589e+03
2.111531013663203339e+03
2.099439775036458286e+03
2.073756420765826078e+03
2.031780799176749269e+03
2.068599986721878849e+03
2.342734137205049592e+03
2.383625232355043408e+03
2.318530109605703274e+03
2.235371942429327646e+03
2.172771747238788521e+03
2.132614684398599820e+03
2.016550278133484881e+03
1.875855968033258478e+03
1.746253305114809109e+03
1.663803243333016098e+03
1.636753265753190135e+03
1.681736789744139287e+03
1.699287499983089674e+03
1.705480641520170593e+03
1.780375381765181146e+03
1.898075936046443985e+03
2.002173583263216187e+03
2.055558437218362542e+03
2.058038867481559919e+03
2.051072010423947177e+03
2.042050557987579396e+03
2.012223627293263917e+03
1.961132157646178484e+03
1.958159411517502804e+03
2.169333405316340759e+03
2.235873835796071035e+03
2.213402486120626691e+03
2.192232455804941310e+03
2.140558783604923065e+03
2.100877732468142767e+03
2.007622126124028910e+03
1.868300610085096196e+03
1.751607255322330275e+03
1.668799518953047254e+03
1.665679258149932139e+03
1.707631253065917690e+03
1.732059423888211768e+03
1.778605514284520723e+03
1.876993784428549588e+03
2.017311166223205646e+03
2.166930254360068830e+03
2.211677648481152119e+03
2.179890922949490232e+03
2.126624594328707644e+03
2.119730027825677098e+03
2.127083417227942846e+03
2.079094915269868579e+03
2.075354475369934335e+03
2.244630656382545567e+03
2.303403131750756074e+03
2.313750422859366608e+03
2.239735595061937147e+03
2.146781587095645591e+03
2.131791978540328728e+03
2.058969539087411704e+03
1.906720929008730309e+03
1.791440648654517872e+03
1.695793237825007282e+03
1.682486449688499988e+03
1.728399934561341979e+03
1.799088251558591992e+03
1.899226871523882892e+03
2.126007885650205026e+03
2.436916174521149514e+03
2.691738777810568536e+03
2.810510697995079681e+03
2.794597143813936327e+03
2.701776793580575031e+03
2.708269202263418265e+03
2.703789900865318941e+03
2.636915360143713315e+03
2.533448755003173119e+03
2.573264774347922867e+03
2.531768475415483408e+03
2.420353636910620480e+03
2.318909240832876094e+03
2.254722651086810856e+03
2.192966644964700663e+03
2.101767188018610341e+03
1.962880117905628367e+03
1.839554015612579178e+03
1.755428417343448700e+03
1.717801161952013899e+03
1.766622144665132055e+03
1.800027392476051773e+03
1.912322973604151457e+03
2.156417251179737832e+03
2.475717623864120469e+03
2.725146335029404781e+03
2.824844366876141066e+03
2.823924254432681209e+03
2.709744240906794403e+03
2.722802208463231182e+03
2.704796025671569168e+03
2.646427339115344239e+03
2.578343513631672977e+03
2.615423892314188379e+03
2.552749616602697188e+03
2.432902916126118271e+03
2.324783557803059921e+03
2.245724297562194806e+03
2.198176291335037149e+03
2.103823410423598489e+03
1.951524067870956287e+03
1.810941321203591770e+03
1.726037000453190558e+03
1.701757247003754173e+03
1.766225096930972995e+03
1.824799438559545706e+03
1.962218926326836481e+03
2.217271587517962416e+03
2.534413174437915586e+03
2.783389513285396788e+03
2.883950045994918582e+03
2.855071096475667673e+03
2.736396791887387735e+03
2.714969840485842724e+03
2.698537601643469770e+03
2.614416509694031902e+03
2.520403761880284492e+03
2.561974881303869097e+03
2.488871261990535913e+03
2.346530128949023947e+03
2.246743925445838613e+03
2.105097044892887425e+03
2.036670369341709375e+03
1.952973687593062778e+03
1.825600494988145783e+03
1.713119302710417060e+03
1.646075150882820935e+03
1.622293395386277780e+03
1.691677905603763520e+03
1.754619379449064581e+03
1.888847628495978597e+03
2.143460984965480293e+03
2.457328764016828700e+03
2.716387276254299650e+03
2.808667335298838225e+03
2.789603802312014068e+03
2.661460053781290299e+03
2.654074700913351990e+03
2.629927890026467139e+03
2.556483032037048815e+03
2.488951215674454943e+03
2.533538471755360206e+03
2.485286408673246569e+03
2.315024373481239763e+03
2.172205181727617401e+03
2.067481374569840682e+03
2.001845579384839994e+03
1.910666824536091553e+03
1.783366016141721957e+03
1.671853292201120439e+03
1.598591493829463843e+03
1.584603409931263513e+03
1.659164476333193761e+03
1.714865138053727378e+03
1.807835237505500800e+03
2.005828842973792916e+03
2.279622607824230727e+03
2.501905988081919531e+03
2.607136530034752013e+03
2.576177569484913420e+03
2.443425657369686633e+03
2.444458304862907426e+03
2.467769968138643890e+03
2.415773053377332872e+03
2.300951431897454768e+03
2.463537087856045673e+03
2.441424203015646071e+03
2.313849574233324347e+03
2.161605124411853467e+03
2.037585797603193214e+03
1.961382940566050365e+03
1.881322423026414526e+03
1.765279656286087629e+03
1.662858959856225283e+03
1.595424251301238428e+03
1.576694699987102240e+03
1.626520615526564143e+03
1.664333644634967413e+03
1.708119139582241132e+03
1.812494794957939348e+03
1.941970574081981340e+03
2.068848473154643216e+03
2.153400280821633714e+03
2.150586439264596265e+03
2.093144909404722057e+03
2.069777613376652880e+03
2.037118783424507001e+03
1.989000168509202922e+03
1.973401989386494733e+03
2.094919974719095990e+03
2.203271715256362768e+03
2.203884394565373441e+03
2.132905501774717322e+03
2.057125882574184743e+03
1.996896420845314879e+03
1.871581825276229438e+03
1.746240983536573367e+03
1.638053465866387569e+03
1.573640724041312751e+03
1.561673861557244891e+03
1.621370174478558738e+03
1.687738494178069914e+03
1.837472029137477193e+03
2.112190668597918830e+03
2.442416133242666092e+03
2.693577469426613334e+03
2.788277594406216849e+03
2.722288592876091116e+03
2.550790469413328992e+03
2.491268538396140229e+03
2.468195886496224830e+03
2.414830035188545025e+03
2.363003109848998520e+03
2.433996741500929602e+03
2.392770994563450131e+03
2.285476898710796831e+03
2.110219174950187153e+03
1.974405049961085751e+03
1.905323527573764522e+03
1.785911347702300191e+03
1.674328765343480654e+03
1.584790195768935519e+03
1.519925896334110803e+03
1.516799881152949411e+03
1.601532312128947069e+03
1.698542501260925746e+03
1.835230062136037304e+03
2.094829834276527436e+03
2.402884333379957752e+03
2.619123752472595697e+03
2.701820716104585699e+03
2.670921283234767543e+03
2.551036332739626687e+03
2.540713277908182590e+03
2.516693676085399147e+03
2.469729813603861658e+03
2.440466826668852264e+03
2.506618498478760102e+03
2.472654059931233405e+03
2.319325632452004356e+03
2.111393608014361689e+03
2.032790697302363924e+03
1.928436008872735783e+03
1.828209458580607588e+03
1.707033820969004637e+03
1.614333603503224367e+03
1.564795523290160190e+03
1.555809451845201238e+03
1.619525004702657270e+03
1.711265036615194731e+03
1.884130372540748112e+03
2.162419700340512918e+03
2.483272227301654311e+03
2.711090712763161264e+03
2.783149867629416349e+03
2.734008531791606856e+03
2.606041639702653356e+03
2.602407786921957722e+03
2.572380200426760439e+03
2.493228915881621560e+03
2.479645951269294528e+03
2.539292455544679797e+03
2.478084992623323160e+03
2.342346585438689999e+03
2.180236504510025497e+03
2.051213395521615894e+03
1.947091931962057060e+03
1.834033012137823562e+03
1.712388784699327289e+03
1.621452390222297254e+03
1.553985253236705375e+03
1.550099736738284719e+03
1.628782243714260403e+03
1.694301037924185721e+03
1.861253913684727422e+03
2.155207814069272899e+03
2.469039418652314453e+03
2.676899264992310691e+03
2.729567636574449352e+03
2.673320914806337896e+03
2.547679580720106514e+03
2.528217167541335129e+03
2.527600302522919719e+03
2.495897923524021280e+03
2.467230545796375281e+03
2.527847285987860687e+03
2.484625119954761885e+03
2.326382079621590947e+03
2.179467112343234930e+03
2.028520627692510288e+03
1.918989567732974592e+03
1.815085501910499715e+03
1.678005590391494252e+03
1.586856512501911766e+03
1.539440642903752632e+03
1.537579833134334876e+03
1.614093151478161644e+03
1.673800456236551554e+03
1.846680239503309849e+03
2.134557594709278419e+03
2.450069988012802696e+03
2.651333138639389290e+03
2.729430967602117107e+03
2.694413902988638711e+03
2.556484218134430193e+03
2.528136216962173421e+03
2.514060579845889151e+03
2.477659861103976255e+03
2.454175851517899901e+03
2.507856817658679574e+03
2.429574318260790278e+03
2.267885489764399608e+03
2.098982015202016100e+03
1.941358074741216342e+03
1.834971853394412619e+03
1.761907847244397544e+03
1.654264017654837062e+03
1.555244472491881425e+03
1.510606161314680321e+03
1.507569571093580180e+03
1.581496924773813362e+03
1.639631126328734354e+03
1.751915374556724828e+03
1.947121763237278401e+03
2.202101293098150109e+03
2.391454342926479967e+03
2.454246474178497010e+03
2.419590553548190655e+03
2.304248872420258522e+03
2.293364405008162976e+03
2.256677752216554836e+03
2.232436533162911928e+03
2.283092708158148071e+03
2.413172144357928573e+03
2.408732956945974365e+03
2.314721230811959231e+03
2.182820864558167614e+03
2.052122701781555406e+03
1.967228790199441391e+03
1.853856832000330996e+03
1.733609040091380848e+03
1.644077203575043768e+03
1.570332064514133435e+03
1.561134895690220446e+03
1.629797629462796749e+03
1.658235662568983116e+03
1.723088251650103530e+03
1.844455143677866545e+03
2.000293325854746172e+03
2.114036944727232822e+03
2.163402612119892183e+03
2.150778538403721996e+03
2.090343571692646037e+03
2.037735379273775834e+03
2.004020551196137831e+03
1.973120316113532454e+03
1.965336373108671296e+03
2.113128431275440107e+03
2.163416856857396851e+03
2.140878953144265324e+03
2.091874786761405630e+03
2.017492799705831885e+03
1.954916789146971496e+03
1.863914599707522257e+03
1.735595107371530275e+03
1.645442170426127859e+03
1.578027058300216140e+03
1.571460575701070638e+03
1.647347058893499252e+03
1.741851989799760076e+03
1.865031642452997175e+03
2.097644006911252291e+03
2.401282913330531755e+03
2.626486233983158854e+03
2.725134266286876482e+03
2.694540554448499734e+03
2.567582389287975275e+03
2.566159674749374062e+03
2.542778116823190430e+03
2.492224468446500396e+03
2.464496198729781099e+03
2.535008648715353047e+03
2.502305209863972323e+03
2.435558582413979821e+03
2.206305423903055271e+03
2.186871606229865392e+03
2.036119158359176936e+03
1.965671417781915579e+03
1.826781749376871630e+03
1.717297508604053519e+03
1.649866955627783682e+03
1.642271480408632897e+03
1.722441161867126766e+03
1.807282867191106106e+03
1.956092277925112512e+03
2.241677337121608616e+03
2.579267177677821110e+03
2.825856738216084977e+03
2.910664064529277312e+03
2.885315991062641842e+03
2.766953479306181634e+03
2.761431034482545329e+03
2.756968311237028502e+03
2.705695743200831203e+03
2.624316249402511858e+03
2.646306865477345127e+03
2.566908759840254788e+03
2.421366679848772492e+03
2.277941962545504339e+03
2.143495674136892831e+03
2.073089193983239511e+03
2.007324640712859718e+03
1.923348232822621185e+03
1.831727537833517545e+03
1.701751725351412233e+03
1.685711031475198524e+03
1.749776387564329298e+03
1.841387975508967429e+03
1.981827822804073094e+03
2.251095577703801155e+03
2.612534795608424247e+03
2.852036523378388210e+03
2.882421397932781929e+03
2.816555429803956031e+03
2.702066262486999676e+03
2.693540250247307085e+03
2.703471873017837879e+03
2.680840794014137373e+03
2.630476621961153342e+03
2.657764499449811865e+03
2.557765413164696838e+03
2.379130886579187063e+03
2.235261022114945717e+03
2.114413628158701158e+03
2.043835628969387699e+03
1.931268891981763772e+03
1.782508735761177149e+03
1.673661683303600284e+03
1.595947635185461877e+03
1.572183933635762287e+03
1.645539201932717106e+03
1.728862472699661339e+03
1.903898168532216914e+03
2.159353869182257768e+03
2.462263881108111491e+03
2.694195372121686887e+03
2.750666603335699165e+03
2.712234088216135660e+03
2.600667995261233955e+03
2.587764149801266285e+03
2.577330102524370432e+03
2.547405836278753213e+03
2.480734087872224336e+03
2.514806325391019527e+03
2.448722542231306761e+03
2.328794800550020682e+03
2.150229617441892060e+03
2.123683946616288722e+03
1.900401612778418439e+03
1.843042627599566231e+03
1.710744718432765239e+03
1.620618623624120119e+03
1.556299721074342870e+03
1.538013582822942226e+03
1.612042481759442808e+03
1.710767026890534908e+03
1.862546258758410886e+03
2.142094664254228064e+03
2.445227048185103286e+03
2.679914567007540427e+03
2.748071002019902153e+03
2.701686064148434525e+03
2.551843681853603812e+03
2.498711743323317478e+03
2.519183535463017506e+03
2.491317873910919843e+03
2.442551739238782375e+03
2.461080443267861938e+03
2.405268229173879718e+03
2.281098314123354612e+03
2.153768099477450960e+03
2.015507962735969386e+03
1.903820519630836543e+03
1.778569166150999536e+03
1.658132011755203621e+03
1.562536624796262686e+03
1.500107362343106615e+03
1.505257140018801010e+03
1.574128669761461424e+03
1.661194812211979070e+03
1.773319091675278059e+03
1.979358199452872668e+03
2.256739965589498297e+03
2.484096096330291857e+03
2.559020176567046747e+03
2.545019209428210615e+03
2.396710420296126358e+03
2.378035152040867160e+03
2.401599784645196905e+03
2.387037213525600237e+03
2.354436560102378735e+03
2.409937008274214804e+03
2.367074803404775139e+03
2.263264976816437411e+03
2.105817518121986723e+03
1.977554008869380368e+03
1.886711244849751893e+03
1.778747344798595122e+03
1.671746098172683332e+03
1.582932260403782493e+03
1.519559387570265926e+03
1.505608447381511724e+03
1.577199086637247774e+03
1.619042955677230339e+03
1.656150143694942699e+03
1.748473978718561057e+03
1.878786733598186402e+03
1.998085991857506997e+03
2.053195136845458819e+03
2.039345343229751052e+03
1.964831841905351666e+03
1.917490183254700696e+03
1.889789966144678601e+03
1.874286481799840658e+03
1.909478537808400915e+03
2.051589260978202674e+03
2.080505022135266245e+03
2.051984952988272653e+03
1.985100748771996905e+03
1.900801083127990069e+03
1.827379011568313899e+03
1.719502019037456193e+03
1.624550722664146861e+03
1.537453927748052820e+03
1.475676295449534109e+03
1.465341384506680015e+03
1.529925504156004081e+03
1.627644931984997584e+03
1.803352409843149871e+03
2.086010651769096512e+03
2.386303196164341898e+03
2.603288514992902492e+03
2.679388956341297671e+03
2.651307490564410273e+03
2.505582410226074444e+03
2.480624942367829590e+03
2.480147333106694987e+03
2.458145303447605784e+03
2.427112492935626506e+03
2.467941412733876405e+03
2.385433635971243348e+03
2.230398665523750878e+03
2.124050323545187439e+03
1.954210187819040812e+03
1.867761050873705244e+03
1.759653182943234697e+03
1.648614071413769580e+03
1.559332450164969032e+03
1.492559571571712013e+03
1.491421561003113766e+03
1.562506964402156882e+03
1.637723466894543890e+03
1.789078811781772174e+03
2.087120635786615821e+03
2.375471400357731909e+03
2.593754828874455598e+03
2.633469870222540067e+03
2.593137573071031056e+03
2.478224948877624229e+03
2.482824157781971735e+03
2.511482425427278031e+03
2.477984714851981153e+03
2.418140699663941177e+03
2.448550798504923478e+03
2.388534553632961433e+03
2.260726728215446201e+03
2.122779543357414695e+03
2.002029703202097380e+03
1.918894886260879730e+03
1.799473894145667600e+03
1.676128163187869859e+03
1.595693417603597027e+03
1.531670034934983505e+03
1.531628662589855821e+03
1.600527446477570493e+03
1.706720596430063097e+03
1.864315428024044422e+03
2.153180068617078177e+03
2.444192879498504681e+03
2.670049311496013615e+03
2.740327148618908268e+03
2.691697257117972185e+03
2.600693598107354774e+03
2.584226171112873089e+03
2.578663122035639844e+03
2.541514862523399643e+03
2.517596792207767521e+03
2.529792215549931370e+03
2.442770254029035186e+03
2.312756795602424063e+03
2.183870980045781835e+03
2.077142489784612735e+03
1.984929286268605210e+03
1.901121911443743556e+03
1.773370909431382188e+03
1.681297303985958024e+03
1.628217785387346339e+03
1.616503870136858495e+03
1.685203744397568926e+03
1.779541367307594328e+03
1.945864183551588894e+03
2.228743927635169257e+03
2.542806706043551912e+03
2.768471173507085496e+03
2.842719242034998388e+03
2.780716676146166265e+03
2.631176489498116553e+03
2.588955516723022356e+03
2.604841409186744841e+03
2.583836376885359641e+03
2.568016288115279622e+03
2.579308521964764168e+03
2.507568868692004799e+03
2.408919773678407637e+03
2.284363024836077784e+03
2.174691268470076466e+03
2.105405912198890292e+03
1.946325319889158891e+03
1.810139793663856608e+03
1.700754839858208243e+03
1.631602583130724952e+03
1.621693992177263453e+03
1.686339779978950673e+03
1.771433790549207060e+03
1.932029459078301898e+03
2.203641977509260414e+03
2.495523471063214402e+03
2.674606728843980363e+03
2.693932633492302557e+03
2.647718295244422734e+03
2.473327937217669387e+03
2.397775694452671360e+03
2.385901495599907321e+03
2.382750453957004993e+03
2.363904354120531025e+03
2.438643574689666366e+03
2.409372696980388810e+03
2.275980460957727701e+03
2.144413544241871932e+03
2.024933407114382589e+03
1.942553155843385184e+03
1.787456088607214951e+03
1.672299502211493063e+03
1.593220091470147736e+03
1.537929337713471796e+03
1.549365606056820525e+03
1.609710656105484077e+03
1.664129156736786854e+03
1.796857439987564248e+03
1.989689790798920285e+03
2.283763335710509182e+03
2.452563013789155320e+03
2.561535043421064074e+03
2.508842136590520568e+03
2.365665868069017961e+03
2.285802360339324878e+03
2.302875890354513558e+03
2.302475212064823609e+03
2.327945112667891863e+03
2.429699568294546225e+03
2.409934909886892910e+03
2.220524405757792920e+03
2.058243816836077258e+03
1.927223759824821173e+03
1.805534002340007646e+03
1.693726173756896060e+03
1.606508107404263683e+03
1.530888796896541635e+03
1.475255874068700223e+03
1.490267756154708650e+03
1.548339421304699272e+03
1.609614819251694144e+03
1.668636172515224416e+03
1.795247138996382773e+03
1.913352715902776936e+03
2.000774082381072049e+03
2.032831440302163173e+03
2.023280334826991520e+03
1.947431880203013861e+03
1.849673017904488233e+03
1.781501728241861883e+03
1.750184789933378170e+03
1.777523429387718579e+03
1.918551572903622173e+03
1.950680072559386417e+03
1.925577085337703920e+03
1.885462927713504314e+03
1.791892401811414175e+03
1.716956545955940783e+03
1.593832361537110955e+03
1.507630986374483427e+03
1.421109036349570033e+03
1.388017461185747379e+03
1.411065988101957146e+03
1.489059985467712750e+03
1.591391344503934079e+03
1.765556391098243921e+03
2.095753487770507036e+03
2.364631442808751217e+03
2.500724582238278344e+03
2.541230612541142818e+03
2.469436217337011385e+03
2.430913114185041650e+03
2.315688682111667731e+03
2.277657959076056613e+03
2.254902650544810967e+03
2.254098953359301959e+03
2.251120358976317220e+03
2.303914039412577040e+03
2.079346479404397542e+03
1.926348421570515939e+03
1.787902664494438113e+03
1.674466411043159951e+03
1.540070733887410142e+03
1.448829543183249370e+03
1.399961777587972847e+03
1.377708734782241208e+03
1.384123009708555855e+03
1.464189471939945406e+03
1.557396896463394796e+03
1.770720411931755507e+03
2.104825017948074219e+03
2.370723583890135615e+03
2.588176716882552228e+03
2.599542204323885926e+03
2.535813179250666508e+03
2.408387874734221896e+03
2.386048789896081871e+03
2.366214222226287347e+03
2.338084175139861600e+03
2.314442415928440823e+03
2.368089948596523300e+03
2.329721603010475974e+03
2.183897780462291394e+03
2.014970360166591036e+03
1.856963643242292164e+03
1.713157977223559101e+03
1.578302590771467976e+03
1.476438097000804646e+03
1.408674000545389390e+03
1.362677766261447914e+03
1.371049625036128646e+03
1.454508423441825244e+03
1.560819682191044421e+03
1.763697716404677067e+03
2.082996911034263576e+03
2.379006053159679595e+03
2.595586370962233104e+03
2.649896986193739394e+03
2.597442238968319543e+03
2.472507842273210372e+03
2.435575213815956431e+03
2.414167506401661740e+03
2.385150653456146756e+03
2.367375088057443008e+03
2.422225549062418395e+03
2.357418426578554318e+03
2.223861077404711978e+03
2.063621502402220813e+03
1.883236718606745626e+03
1.752828895026380223e+03
1.604953994052165626e+03
1.484500109974695988e+03
1.417496157652345119e+03
1.378403689784456446e+03
1.389945383115073355e+03
1.474979634915286624e+03
1.604382338986189779e+03
1.815196296546702797e+03
2.121054127954654177e+03
2.414924066698347815e+03
2.624038147917684000e+03
2.679851316927126845e+03
2.623284425569448558e+03
2.479531712556496586e+03
2.465401856056249017e+03
2.436857664687075157e+03
2.402829564961335109e+03
2.380449422231338758e+03
2.431862067128077797e+03
2.359623730625971803e+03
2.222763113570669248e+03
2.051340282897795532e+03
1.889468127580916416e+03
1.749940646441961917e+03
1.618945003256138762e+03
1.505292925794399707e+03
1.428408777203468162e+03
1.397518296728517043e+03
1.404590045993024432e+03
1.499793526275383556e+03
1.592118683999215818e+03
1.804481622165602630e+03
2.104073611024448383e+03
2.423173216522579878e+03
2.631894940941187997e+03
2.693200135011908515e+03
2.681782164651595849e+03
2.499478872677858817e+03
2.457289148300120360e+03
2.450171826817362216e+03
2.426231421233436777e+03
2.382901167088447437e+03
2.447378598142332521e+03
2.384075385004071904e+03
2.221135316775238152e+03
2.039896224865298109e+03
1.874600083940965760e+03
1.749939197334467735e+03
1.657890310383472070e+03
1.556664021644886134e+03
1.478825206021677104e+03
1.434464427541754048e+03
1.440746836274825455e+03
1.515389506128762832e+03
1.606722048537163801e+03
1.743925617547689399e+03
1.988140657857229598e+03
2.257365083560699532e+03
2.478726091736346461e+03
2.529727311902441215e+03
2.478603447867407340e+03
2.313613533510429079e+03
2.277789810154888073e+03
2.281184344798115944e+03
2.266300189084125122e+03
2.251741383730959114e+03
2.359549791776758411e+03
2.350043273373523334e+03
2.187832527976889651e+03
2.029081816688758408e+03
1.847630220886018378e+03
1.707929507949432036e+03
1.634057046668616522e+03
1.542920202750282215e+03
1.460774484655230026e+03
1.417112834316417775e+03
1.410216433955462435e+03
1.478844706065513492e+03
1.517782280628226090e+03
1.567233471071356917e+03
1.728764502983912507e+03
1.875411876931574625e+03
1.983016152443388592e+03
2.012324230391817537e+03
1.994187514752144352e+03
1.919354037289406506e+03
1.856172957358746771e+03
1.795391750014189483e+03
1.785667000121139608e+03
1.826565456138201171e+03
2.000750841864882659e+03
2.050379006693052816e+03
1.975025413822900191e+03
1.895437495255180238e+03
1.772185399439475532e+03
1.676176422793111669e+03
1.610419148176282988e+03
1.494920980562642171e+03
1.417120476711729907e+03
1.370609400497504112e+03
1.374615783796890128e+03
1.461915173176546659e+03
1.560359507342754341e+03
1.750099907989250596e+03
2.007916182439443901e+03
2.296171980542068923e+03
2.490269650743339298e+03
2.538422808163036279e+03
2.477565161149752839e+03
2.312521832514264588e+03
2.291631306876850886e+03
2.289685016949777037e+03
2.275073159553010555e+03
2.268185689321791415e+03
2.334235997144042358e+03
2.293063678673203412e+03
2.140712227186824748e+03
1.990612725210633243e+03
1.776595173039049087e+03
1.663805442556141315e+03
1.542680839269838089e+03
1.441841734928869982e+03
1.373737640332706860e+03
1.330445251168623145e+03
1.335618006198751573e+03
1.421695177234546691e+03
1.557531588796872484e+03
1.744389092079445618e+03
2.034081701452591460e+03
2.298145065183094175e+03
2.460649334226416613e+03
2.488234703061101300e+03
2.423828052531896446e+03
2.277069143837425599e+03
2.240803798828282197e+03
2.249261868266807596e+03
2.248670206345000224e+03
2.239278903778445510e+03
2.315090134745862088e+03
2.281425652111352520e+03
2.142289674330243088e+03
1.947562412258052291e+03
1.730572581291885399e+03
1.616215801441840313e+03
1.474157085878775888e+03
1.378366217870956234e+03
1.310578974675840982e+03
1.269918461881805115e+03
1.286090707757708060e+03
1.379757842465731756e+03
1.505346378443776757e+03
1.702234989299196968e+03
1.993324125161565235e+03
2.266868464650220176e+03
2.458873063573665604e+03
2.510975225707475147e+03
2.467919183131010868e+03
2.316795195177419373e+03
2.296174098241105185e+03
2.293088319536030212e+03
2.259936217562511047e+03
2.241963235124787843e+03
2.323352642726865724e+03
2.284768816283809883e+03
2.129091545974331439e+03
1.958373025350290391e+03
1.768581488456765783e+03
1.615855067516906956e+03
1.482092874439515299e+03
1.387252633615847117e+03
1.320579993147824780e+03
1.282070316382686997e+03
1.302616301989262865e+03
1.385957998504482248e+03
1.535574469386148166e+03
1.713757443193607287e+03
1.995562676845567921e+03
2.288954058384656037e+03
2.471596621629532819e+03
2.521411001429626594e+03
2.459224563040200792e+03
2.302415998195013799e+03
2.292988636196805146e+03
2.293802597795518068e+03
2.277628846171161513e+03
2.272120142753902201e+03
2.332358125061225110e+03
2.341338015617156998e+03
2.156275521591192046e+03
1.938627203272051929e+03
1.753194288819309804e+03
1.649414474980817886e+03
1.519169231578944164e+03
1.409502287525156362e+03
1.347123651899625429e+03
1.310930046432840072e+03
1.322116247265858192e+03
1.422671363951744524e+03
1.523812076845787260e+03
1.647019749019901610e+03
1.836540601225871342e+03
2.063909628507464731e+03
2.251908791782558183e+03
2.328575389418933810e+03
2.294165708443983476e+03
2.152269514163246185e+03
2.095572512439839556e+03
2.089796924906751428e+03
2.091278724010886435e+03
2.118258721407747089e+03
2.262385130884439604e+03
2.290044813421361141e+03
2.148653266713116409e+03
2.007440834469695574e+03
1.848123207596209113e+03
1.712345531682341743e+03
1.588178467214438797e+03
1.480268928455891000e+03
1.406555583128018952e+03
1.363589797674512965e+03
1.369079811994362444e+03
1.454707010625943894e+03
1.569371397407268205e+03
1.693928788293387015e+03
1.914767103933841554e+03
2.173418325823796295e+03
2.387209850582102263e+03
2.443572947805156673e+03
2.402285110997744141e+03
2.251325444413690548e+03
2.215490867833432731e+03
2.192224300908561872e+03
2.183348604269709995e+03
2.193654206651436652e+03
2.316113111166705949e+03
2.326930472776152783e+03
2.205875398669381866e+03
2.055059728008103320e+03
1.899768052521150139e+03
1.763972082174429488e+03
1.670347796850795248e+03
1.557938916700906475e+03
1.488487784278156596e+03
1.442508729556148865e+03
1.448582460491151551e+03
1.524605100886030414e+03
1.602469823430712040e+03
1.677655805296157268e+03
1.803952937851866409e+03
1.938743654797784529e+03
2.063484630335024576e+03
2.119510396391037375e+03
2.076411625090420330e+03
1.984886168450872901e+03
1.888565971962611002e+03
1.840095030352736558e+03
1.818405663196241903e+03
1.842408246788744691e+03
1.986655040913973153e+03
2.061016081930446944e+03
2.023371480422166314e+03
1.935947929200169710e+03
1.814794775759724644e+03
1.702990667358024211e+03
1.575997489961492192e+03
1.479905518887037033e+03
1.418102610274624794e+03
1.363474820663115452e+03
1.376572876161849081e+03
1.458653927800831525e+03
1.566540319396733366e+03
1.737348813148552608e+03
2.004555435296403175e+03
2.287224585021779149e+03
2.462573948884036326e+03
2.518556245147814479e+03
2.439365935256430930e+03
2.277991480691090601e+03
2.220265490250534640e+03
2.198476084531439483e+03
2.194775619428146001e+03
2.168076676675219005e+03
2.235754391815647068e+03
2.192206033054463205e+03
2.036086889343486291e+03
1.848441422499071223e+03
1.665331835077359983e+03
1.536574860132682034e+03
1.403932689855152603e+03
1.297244499290708063e+03
1.240998894865577540e+03
1.226414472786008446e+03
1.240643902074699781e+03
1.332486367500795041e+03
1.466284928658718854e+03
1.662783178407087917e+03
1.948100850713226464e+03
2.234977023767395622e+03
2.415509110195668654e+03
2.440855054422038847e+03
2.375094268633314641e+03
2.228357555297043746e+03
2.189626638862041091e+03
2.176033642222813796e+03
2.173804533081367481e+03
2.177285753487643888e+03
2.254307480972203848e+03
2.233390856585055189e+03
2.130188994410955274e+03
1.936305809259732996e+03
1.737189932156325312e+03
1.577511841773246715e+03
1.375574483903281362e+03
1.286157780999328907e+03
1.231545808447760464e+03
1.202110276262826119e+03
1.215321087928378574e+03
1.310717811391771875e+03
1.449621179473198708e+03
1.637947125127707977e+03
1.936375232674529798e+03
2.221499094910669100e+03
2.415703246056243188e+03
2.483163029980391002e+03
2.431402004291129742e+03
2.272504870356103311e+03
2.229553859042196564e+03
2.206622572665138705e+03
2.192808192619895635e+03
2.189313824849789853e+03
2.259012528018261037e+03
2.238686708910644938e+03
2.149862165922845179e+03
1.946812968872649208e+03
1.747773814495352553e+03
1.594345084699912832e+03
1.441623037768477843e+03
1.333659628100350801e+03
1.280415438518769633e+03
1.239316584245537797e+03
1.264800311372204533e+03
1.365752731554838874e+03
1.500621942371065870e+03
1.696002879366149728e+03
1.988984125265294779e+03
2.290305423535397040e+03
2.507658135464541374e+03
2.555859683787635277e+03
2.510036573082415543e+03
2.354339476795463270e+03
2.338480806938217484e+03
2.305173313987427264e+03
2.293487416503308395e+03
2.278477177364124600e+03
2.362904781061241010e+03
2.309848940307341309e+03
2.160877779501148780e+03
1.982139167649159390e+03
1.806970542434759182e+03
1.677044165456657538e+03
1.552816432933829446e+03
1.463980300125316717e+03
1.391738987586436224e+03
1.354046844213523627e+03
1.364885901474059892e+03
1.457818444164915263e+03
1.565755215146230285e+03
1.717276099952156301e+03
1.950028060011059779e+03
2.197942037910911495e+03
2.422498760108168426e+03
2.495161881127408833e+03
2.486792817348435165e+03
2.331421761161615450e+03
2.255928312225766149e+03
2.193995655736952813e+03
2.163212764073742164e+03
2.171477090660454451e+03
2.259776317999131606e+03
2.243915513107642255e+03
2.132892662161224507e+03
2.007110751894219902e+03
1.858066351523153116e+03
1.737294298565225063e+03
1.609118372260226579e+03
1.500221783066298485e+03
1.431978749309477507e+03
1.391882856978985501e+03
1.401976580066241013e+03
1.496707942185807951e+03
1.596958818944639916e+03
1.758530256464241802e+03
2.006877533592231657e+03
2.296092277778420339e+03
2.522635363357330789e+03
2.578554378149719469e+03
2.506419727556286034e+03
2.336197649904758237e+03
2.278075789593289755e+03
2.229841441006765308e+03
2.201908974716570810e+03
2.174790918547935235e+03
2.266377063402113890e+03
2.250748975675450311e+03
2.104324926633873474e+03
1.938496576508244516e+03
1.768318969896056615e+03
1.639081640203298093e+03
1.535622389664070170e+03
1.441319892773202582e+03
1.381540042553415333e+03
1.355043434917680088e+03
1.364322521922571696e+03
1.450151843950498915e+03
1.540707867006923607e+03
1.614552120531737728e+03
1.749111324955882537e+03
1.885471064016495120e+03
2.010962947172168242e+03
2.057489861772109634e+03
2.017245964850916152e+03
1.900697973629855369e+03
1.808450181823706316e+03
1.735116773329420312e+03
1.691243651003176183e+03
1.715151988765725491e+03
1.871444267376564767e+03
1.942439806324257233e+03
1.880197367793314697e+03
1.788263110486791902e+03
1.655563266041593806e+03
1.546340894470365356e+03
1.451364902076818908e+03
1.365239580925258679e+03
1.310490998148444532e+03
1.280154052992826337e+03
1.305546158894441078e+03
1.389057655328386090e+03
1.524780202909078980e+03
1.751843328054548010e+03
2.091319152182351900e+03
2.378190941317039687e+03
2.539897728389330041e+03
2.574658844048877199e+03
2.477892662251825641e+03
2.297495499503382689e+03
2.239508698823010491e+03
2.217817355642648181e+03
2.204642933531558811e+03
2.177549131881297853e+03
2.237297542299647830e+03
2.226441005575984036e+03
2.088848648419202163e+03
1.916139785624296564e+03
1.728412569741887182e+03
1.567810791780469572e+03
1.435589767955213119e+03
1.341145451384775015e+03
1.280798658182761756e+03
1.256320235899314184e+03
1.278001953037730345e+03
1.377190717696074898e+03
1.522659382240633249e+03
1.750444450078067121e+03
2.078791810094911853e+03
2.365064490197832129e+03
2.510510843650073184e+03
2.554167447334394183e+03
2.500149328320796030e+03
2.319938274715605075e+03
2.252775542472685629e+03
2.210343711837508181e+03
2.200785919638773976e+03
2.195177534705088874e+03
2.264858727642986196e+03
2.234999257114281590e+03
2.087814873148041443e+03
1.874669386866804189e+03
1.696726101651900763e+03
1.587859399067888035e+03
1.451353937212037408e+03
1.348704306078027685e+03
1.287267487059870291e+03
1.253282259755481164e+03
1.265665485376163815e+03
1.361915280287033738e+03
1.505146229360589814e+03
1.732952673408077999e+03
2.051195836395395872e+03
2.325174635957303963e+03
2.486276247559535932e+03
2.525526863430221965e+03
2.459241377289939010e+03
2.308166322104982555e+03
2.256264298811827302e+03
2.235587046546840156e+03
2.224005479402752826e+03
2.199697905558644379e+03
2.304164126825226958e+03
2.255272631391995674e+03
2.099810734110980320e+03
1.924185746126393497e+03
1.738478851907601438e+03
1.569000456162406635e+03
1.447430035216878878e+03
1.348019495674323935e+03
1.292366239857384016e+03
1.264258233992469968e+03
1.281404314914406996e+03
1.387737837032012294e+03
1.526351561219879386e+03
1.762376053344445609e+03
2.082384974721994695e+03
2.371150371390510372e+03
2.548094440997630045e+03
2.582025897868624725e+03
2.529462721937905371e+03
2.348703997876091762e+03
2.310475171271976706e+03
2.296237914329241448e+03
2.281375905543509361e+03
2.274589089612339194e+03
2.331984579258695703e+03
2.281525145604697173e+03
2.117162849666014608e+03
1.983633473090556663e+03
1.823753679751414211e+03
1.689584039977002931e+03
1.561276697023360157e+03
1.450146901068452280e+03
1.389265310002451542e+03
1.359147889201465205e+03
1.373850096270749191e+03
1.471346916283091332e+03
1.628786027326148997e+03
1.839628425141011803e+03
2.160662952658540689e+03
2.484067383851826889e+03
2.671232317919600519e+03
2.709819521079327842e+03
2.649992867969101553e+03
2.439302959333885156e+03
2.351072180615804427e+03
2.347118091850727069e+03
2.323003035992824152e+03
2.306857137902834893e+03
2.364546999874513858e+03
2.338261876570170443e+03
2.186653923544092777e+03
2.031155385355086764e+03
1.856810053805670123e+03
1.719852136410743924e+03
1.595142985252400194e+03
1.484932812133554535e+03
1.415257667806650943e+03
1.370193519304320489e+03
1.388175309881064095e+03
1.473684063853374028e+03
1.585486339711450455e+03
1.735475641184528058e+03
1.976066189681286232e+03
2.260372457713404401e+03
2.458462034046400277e+03
2.530969725151479452e+03
2.472168118848695940e+03
2.329240207537054175e+03
2.267288266963866590e+03
2.201987045541731732e+03
2.157195253203482025e+03
2.158085636778348089e+03
2.269311186677798560e+03
2.291048021019643329e+03
2.218499571830974674e+03
2.073180120811791767e+03
1.897127701182566170e+03
1.754163148242952957e+03
1.625015177895891611e+03
1.515426929898808112e+03
1.441272698211474335e+03
1.404071927492464056e+03
1.405326670203668755e+03
1.486524139099701870e+03
1.563067364165151048e+03
1.652504667358591178e+03
1.787022885017332101e+03
1.950407967599230687e+03
2.106707655695042376e+03
2.160913395922745167e+03
2.156145406528263720e+03
2.066712182068696620e+03
1.994545891400642404e+03
1.929551183170540298e+03
1.874868343837545126e+03
1.889026399551357144e+03
2.046295149242145271e+03
2.120635069044933516e+03
2.089027274154479983e+03
2.029677417289108917e+03
1.925044038976194088e+03
1.824777461701281482e+03
1.829372163200891464e+03
1.732606686390405912e+03
1.652100745563740929e+03
1.568899316910154994e+03
1.546671421833525983e+03
1.621368229468335812e+03
1.739415967919481773e+03
1.941141095081492722e+03
2.261949802251590881e+03
2.588518096828202488e+03
2.818966551837444513e+03
2.876852819069803900e+03
2.795615734590994180e+03
2.625734723137882156e+03
2.611658271906858772e+03
2.578716434339257830e+03
2.544287568437724076e+03
2.507875283197768113e+03
2.483134919633368099e+03
2.465494588994476089e+03
2.377576273063979897e+03
2.179993063945805716e+03
2.038935146360880481e+03
1.942561990397387717e+03
1.825570927755107505e+03
1.703916918145336922e+03
1.613313645930173379e+03
1.560632952650548077e+03
1.556130865219795396e+03
1.628190440015467630e+03
1.741560075565642364e+03
1.955393452442357557e+03
2.267044548117110935e+03
2.588777104126007544e+03
2.816565528626255855e+03
2.885050657539127769e+03
2.837836374993779827e+03
2.677409257930665717e+03
2.636565168788214123e+03
2.623884448209658331e+03
2.559058102734902604e+03
2.460539260957649731e+03
2.445197270042296168e+03
2.417761575603637993e+03
2.271306928304116809e+03
2.115388918157710123e+03
1.962253642282562851e+03
1.854829731801554317e+03
1.733320472148374620e+03
1.606732759856170787e+03
1.530408904153827734e+03
1.483069246385992074e+03
1.483578827561284925e+03
1.574339136498264679e+03
1.707985680707567781e+03
1.883657527363741337e+03
2.167116910084566825e+03
2.467035350199715140e+03
2.691756051286225102e+03
2.748203130794678145e+03
2.691665327044409423e+03
2.528156157103315763e+03
2.479051086228023451e+03
2.457434102901178903e+03
2.431474614761436897e+03
2.350760476740309969e+03
2.318819764867267622e+03
2.317639483570150787e+03
2.197942403952959467e+03
2.046703583874564856e+03
1.910441073262306190e+03
1.796032662438534317e+03
1.681968060237702730e+03
1.563374779281024757e+03
1.476580378938259628e+03
1.435788288949343269e+03
1.435387305595528460e+03
1.530951247613621945e+03
1.671310372527067329e+03
1.835174890626200295e+03
2.143484298703726836e+03
2.458826133356618357e+03
2.664790237371677449e+03
2.719260823346501638e+03
2.678512617709483038e+03
2.488159804736508249e+03
2.417232393174668232e+03
2.379604518086368898e+03
2.346429764992908531e+03
2.282350170809048905e+03
2.313388502426138984e+03
2.319137708289946659e+03
2.180198138219957400e+03
2.013196299025939879e+03
1.845821533911033157e+03
1.715365594729988743e+03
1.582327299234925022e+03
1.470573413202776237e+03
1.411370815431378560e+03
1.364358231019499044e+03
1.367458720670521188e+03
1.456882204623982261e+03
1.566081158436687247e+03
1.723717207067043773e+03
1.970965615147424614e+03
2.234204781174451000e+03
2.428998933943121756e+03
2.467802979755329488e+03
2.407980027230752512e+03
2.262474045859098169e+03
2.229001504810727056e+03
2.209698661125010403e+03
2.188460395294849604e+03
2.172881981570984408e+03
2.237369816407446251e+03
2.260704057278240271e+03
2.145979046881765953e+03
2.003271063595773512e+03
1.840904284427277844e+03
1.698400706701809440e+03
1.573161310256575916e+03
1.473744099499873528e+03
1.403843834313463503e+03
1.342127625642701787e+03
1.353600313839328237e+03
1.428573147739905835e+03
1.516491964181827825e+03
1.601758081889715641e+03
1.738063597385438698e+03
1.883840361522187095e+03
1.999242664553163195e+03
2.058196006462999321e+03
2.025868026813576307e+03
1.900013736832415816e+03
1.821635914121560518e+03
1.801993129420872265e+03
1.784760533639845789e+03
1.769442975766073914e+03
1.896041270148978128e+03
1.988962761907423101e+03
1.966792913200097701e+03
1.903398791149193812e+03
1.788025661093944791e+03
1.681982024212062697e+03
1.578503946048215539e+03
1.476059215438583351e+03
1.399886953330664028e+03
1.368227372650236248e+03
1.380961593161567635e+03
1.477465746547548861e+03
1.613645018996215413e+03
1.839328346226226813e+03
2.159399697970176476e+03
2.472784587162640037e+03
2.657002045850775175e+03
2.690126918705413118e+03
2.614753564286910660e+03
2.479182217439347369e+03
2.440136126510490612e+03
2.424248181375995955e+03
2.395956944903950898e+03
2.359832467158730651e+03
2.357515375427268737e+03
2.314469675314000142e+03
2.196827363849189624e+03
2.036050613999307870e+03
1.863557102742578081e+03
1.714623622897016503e+03
1.583997688836752104e+03
1.478901379182013898e+03
1.410134076357183403e+03
1.371593529322338327e+03
1.388215544673791328e+03
1.478935658117842877e+03
1.619614617382934284e+03
1.833580551915756359e+03
2.147406044461550209e+03
2.441570104630901369e+03
2.634939572656885048e+03
2.688565329336448031e+03
2.640587865871848408e+03
2.498526740598011202e+03
2.475415959916459997e+03
2.461095670618412441e+03
2.444617788058207680e+03
2.388571706772642756e+03
2.404574827972780440e+03
2.406457015259289619e+03
2.270455366980064809e+03
2.107255648994892454e+03
1.939685458065033117e+03
1.787176117166982067e+03
1.661622724962830034e+03
1.549202759022252621e+03
1.466987675006150766e+03
1.431296507513134429e+03
1.440038849435481325e+03
1.525885708987094631e+03
1.642331885046486605e+03
1.835021604728125567e+03
2.154916107536399522e+03
2.443651018996642051e+03
2.636322039181460696e+03
2.683307786999189830e+03
2.649570276212889439e+03
2.490454947091994200e+03
2.455576206215680486e+03
2.442393853142152693e+03
2.428339794629215703e+03
2.369220697365256001e+03
2.381331873694056867e+03
2.363003113987888810e+03
2.215624149735804167e+03
2.038255803253044860e+03
1.851426264751240751e+03
1.709415780240459299e+03
1.597853223454798581e+03
1.496948244077799927e+03
1.421310647382173784e+03
1.386222754542032590e+03
1.399050669244342544e+03
1.490486300443745904e+03
1.618194376128486510e+03
1.800737334133393460e+03
2.105711970464542901e+03
2.387270044267641879e+03
2.513282878783969409e+03
2.574239401964793615e+03
2.531112541251262883e+03
2.364668877547592274e+03
2.337597198394480074e+03
2.321373226216533567e+03
2.291982709913041163e+03
2.276029287976661180e+03
2.311741300259437139e+03
2.322459446703536287e+03
2.195645029875126511e+03
2.039207850578779244e+03
1.861272162793343341e+03
1.725046200906784179e+03
1.589367061672190403e+03
1.470521269386328186e+03
1.398941583637241820e+03
1.356891576636860009e+03
1.376266357178055387e+03
1.466179646959785941e+03
1.594723316415749878e+03
1.787363210626637056e+03
2.090070953305924377e+03
2.380494560389278831e+03
2.577006232377596461e+03
2.624218026758374435e+03
2.597989892956245967e+03
2.435748491055474005e+03
2.389164620487737920e+03
2.373595634059598979e+03
2.362713365321452784e+03
2.327845396032932058e+03
2.363899874155279576e+03
2.362135770234517167e+03
2.222021845997566288e+03
2.059194315271794949e+03
1.884235993362222871e+03
1.742466104268276467e+03
1.600432797047453278e+03
1.495780188345318493e+03
1.427859915301811043e+03
1.390263911232633518e+03
1.399516987420008036e+03
1.502320052051294851e+03
1.594130753696276088e+03
1.719813500170823545e+03
1.944481442576085101e+03
2.200292645373304822e+03
2.409394470850940706e+03
2.474860706377544830e+03
2.428340629535567132e+03
2.276224569912361858e+03
2.238487331944583275e+03
2.227382473129166101e+03
2.197070401157276137e+03
2.190229651072374054e+03
2.277456835436445544e+03
2.321162966898250033e+03
2.236120293348840278e+03
2.090955670230955093e+03
1.923925213140821143e+03
1.792796678958488656e+03
1.645396409426785567e+03
1.538741670922942603e+03
1.477152849242287402e+03
1.432593190869847604e+03
1.423420240155913461e+03
1.492863045598945064e+03
1.554439329597689493e+03
1.630876647728385933e+03
1.776898700624886487e+03
1.914288075436295230e+03
2.033826908103037340e+03
2.081648484601740620e+03
2.058933502702416263e+03
1.970576921745683421e+03
1.895731330291730046e+03
1.856272260193280090e+03
1.831274116384136505e+03
1.803460227523223011e+03
1.901616503073536023e+03
2.005534396780793941e+03
1.949864351884678172e+03
1.870619793661035146e+03
1.737888147528431318e+03
1.617770798110553415e+03
1.516367795820887068e+03
1.425593864934267458e+03
1.362346261729531534e+03
1.318021492835037407e+03
1.328857805928865901e+03
1.421258663458652791e+03
1.542062390156803758e+03
1.744162659871924689e+03
2.070722955642432225e+03
2.334084078338243216e+03
2.501107342247221823e+03
2.542464554705548380e+03
2.490012752815287513e+03
2.344548809937954957e+03
2.302616636997625847e+03
2.269237584861069081e+03
2.258072827070864150e+03
2.226020366781966004e+03
2.272668423811905996e+03
2.289599936524783971e+03
2.149886823249994904e+03
1.979146181536861604e+03
1.794872273497953302e+03
1.637897671321169582e+03
1.513470015212883254e+03
1.419066911683638637e+03
1.345807644615271556e+03
1.296082433296708814e+03
1.312399835080112098e+03
1.399778193694054153e+03
1.510661806957173440e+03
1.615416747153990173e+03
1.776376916878813290e+03
1.888771640010246074e+03
1.925820784306276892e+03
1.923047466253202401e+03
1.901882560255567114e+03
1.784378883696451112e+03
1.709596019086577144e+03
1.676090941306331388e+03
1.676332048516967234e+03
1.714801545354834843e+03
1.847290654353762648e+03
1.963330550792961731e+03
1.915946914960484492e+03
1.825144456917233811e+03
1.672089193917531929e+03
1.533106238246823750e+03
1.399506782749394688e+03
1.305220257330081722e+03
1.244637490607109385e+03
1.214774506916534847e+03
1.228289386933341348e+03
1.322998166020020335e+03
1.453869138636583784e+03
1.680892394910290477e+03
2.011900064709444905e+03
2.308082558228215476e+03
2.479575117431903436e+03
2.496001673037201272e+03
2.426470797930778645e+03
2.294570506065565951e+03
2.238986973260344257e+03
2.240782609003708785e+03
2.241094020014048056e+03
2.217382441516349445e+03
2.253658458723100921e+03
2.255238731580181138e+03
2.104749077337539347e+03
1.930769494427858262e+03
1.728790998808538461e+03
1.553273592853381842e+03
1.409734196216803866e+03
1.314787716847477895e+03
1.250862930905498615e+03
1.205866033734760549e+03
1.230166602225807537e+03
1.332257876385442160e+03
1.480596626972726881e+03
1.704528844674408447e+03
2.027123217544817180e+03
2.318016611285527688e+03
2.488680862545767013e+03
2.546165264470817419e+03
2.490218437241926949e+03
2.315037425731999974e+03
2.288997958281927367e+03
2.269886169808577506e+03
2.257138293468443862e+03
2.228320706921867441e+03
2.246226729167305166e+03
2.261057400956290167e+03
2.139651233915329158e+03
1.960122011018346939e+03
1.760352262674584608e+03
1.580668461685405646e+03
1.427390408985960221e+03
1.319379366008536408e+03
1.266846268420103570e+03
1.248021358980864989e+03
1.272751379793847718e+03
1.376728447391511736e+03
1.522773210751291572e+03
1.757378994052788130e+03
2.086445035729573192e+03
2.365625661709180804e+03
2.534391489452589212e+03
2.573255954349917374e+03
2.533670530124520610e+03
2.374732555158960167e+03
2.319330057027278599e+03
2.303746876071363658e+03
2.276495850097321636e+03
2.258660321353357176e+03
2.282498213776902048e+03
2.305677902529854236e+03
2.183863096636458977e+03
2.018732515675965487e+03
1.813469990111751031e+03
1.621308603921806707e+03
1.453390802727888968e+03
1.355415525160947709e+03
1.298996991237342854e+03
1.264452717352805166e+03
1.293176981992448646e+03
1.379702631401442886e+03
1.494721684920764574e+03
1.674994502686738088e+03
1.953135689909544226e+03
2.237598581880424717e+03
2.422533271963435709e+03
2.477041456574042968e+03
2.400530307109631394e+03
2.258574030602778748e+03
2.190092165269244560e+03
2.169781147335803325e+03
2.165815433589832537e+03
2.161489255610358668e+03
2.219999947499878544e+03
2.246465289522095645e+03
2.129316208810247645e+03
1.954156365613056551e+03
1.751497198942300201e+03
