1.511695674942731102e+03
1.487392893062845360e+03
1.539269473796813145e+03
1.601761674136116198e+03
1.745818246342198336e+03
1.997858641368663484e+03
2.284769337754970365e+03
2.522988382991436083e+03
2.639754050760099290e+03
2.670506536192216117e+03
2.590175987487884868e+03
2.575521719748956912e+03
2.562107391041338360e+03
2.470607342733200312e+03
2.359090158234260798e+03
2.299972296016991550e+03
2.300473156210819070e+03
2.221777623255853541e+03
2.198394096943923614e+03
2.187414336170510069e+03
2.121472090228545767e+03
2.033328106603585184e+03
1.883326812822019974e+03
1.754874264014183609e+03
1.628243872010346877e+03
1.574078774087923875e+03
1.614273150649371701e+03
1.653148321857761857e+03
1.729859624602197755e+03
1.922184345214733412e+03
2.187979794102882806e+03
2.426582116824051354e+03
2.568129442676437520e+03
2.558818197018684259e+03
2.488985036364144435e+03
2.485420798414972978e+03
2.466080623078742974e+03
2.421079688318898206e+03
2.331266751235905758e+03
2.268941483621562384e+03
2.331525792719243327e+03
2.306518527703700784e+03
2.296954110268000022e+03
2.309608569137979885e+03
2.320362089849899348e+03
2.250614859616298872e+03
2.080407036030971085e+03
1.918300345548950190e+03
1.819910952164713990e+03
1.766007321141512875e+03
1.753145423554230319e+03
1.728309776268096812e+03
1.735133082607974757e+03
1.813916450658674421e+03
1.941526492163426383e+03
2.094164261718228317e+03
2.191225533754272419e+03
2.223721702760798053e+03
2.195865464120375236e+03
2.172075742133030872e+03
2.146185678994276714e+03
2.061777957727441844e+03
2.007811940237683984e+03
2.046328826301703202e+03
2.180219591306234634e+03
2.234482609698143278e+03
2.192617995824822174e+03
2.173106193718186205e+03
2.157186842301949127e+03
2.106453077250389924e+03
1.959913831880015778e+03
1.846939769705138588e+03
1.749634594117340839e+03
1.674232023941006446e+03
1.672074386075178609e+03
1.679950956729984455e+03
1.770974117784148348e+03
1.978462891149517191e+03
2.248686583238668391e+03
2.492061468338311442e+03
2.626966610424110513e+03
2.648032981173412736e+03
2.570480978335526743e+03
2.553453621234265484e+03
2.512215570416530682e+03
2.450813468986338194e+03
2.351202893662485621e+03
2.304848315611717680e+03
2.323601669503689209e+03
2.236056073161493714e+03
2.212137982187215584e+03
2.171972286842405083e+03
2.140103581878658133e+03
2.054833267785323642e+03
1.903085882121004715e+03
1.794002663848780458e+03
1.708505593978530896e+03
1.668765284967915932e+03
1.695734777570926553e+03
1.720371111680180320e+03
1.827479000633202077e+03
2.047543938322493887e+03
2.334989895728753254e+03
2.549280703893404279e+03
2.667293952903390164e+03
2.633729570240844623e+03
2.586419962469800339e+03
2.595610846920423683e+03
2.579591288303280635e+03
2.538532770451326996e+03
2.430715823608724349e+03
2.323757902462807579e+03
2.306085053839574812e+03
2.249416875500596234e+03
2.216416539752705376e+03
2.225909826242694635e+03
2.232942911341860963e+03
2.147318662546996165e+03
1.982302826780504120e+03
1.855651207342325051e+03
1.766696690279917220e+03
1.713594316422648944e+03
1.709918751023571531e+03
1.729516637779984421e+03
1.829993553086469547e+03
2.046889967653931535e+03
2.357806855742795051e+03
2.605781136441720719e+03
2.728051010750829846e+03
2.725296823892519569e+03
2.689338494698054546e+03
2.708012669707472469e+03
2.737505477556160258e+03
2.633243162716912593e+03
2.498271793714357045e+03
2.441954032919548808e+03
2.442857835493458879e+03
2.357301342329287763e+03
2.266061828923767280e+03
2.250684033614860709e+03
2.247179029174701554e+03
2.149649383618717366e+03
1.995479553128525822e+03
1.863288858529923345e+03
1.770564502245415269e+03
1.729369310629246911e+03
1.724431182605334016e+03
1.729934567783697730e+03
1.823205713973979073e+03
2.038467028976198662e+03
2.301924567340450722e+03
2.533188144238828954e+03
2.679890756540292386e+03
2.666048757954137727e+03
2.611592556964245432e+03
2.614206507651987522e+03
2.606376256565217773e+03
2.559470005297428997e+03
2.447453554196282312e+03
2.404017695304647987e+03
2.366047692277577426e+03
2.287246060907751144e+03
2.251766364888545013e+03
2.255907807302537549e+03
2.268590846616929412e+03
2.176632919021099042e+03
2.012220066458557085e+03
1.885862285312679887e+03
1.798052763433475320e+03
1.748162416908278601e+03
1.755758360897914599e+03
1.763236211952175609e+03
1.857973988250679895e+03
2.080445705390271542e+03
2.349508735955746488e+03
2.608039944315921730e+03
2.784539794897409593e+03
2.817673397830121758e+03
2.742112374763844855e+03
2.738342190188373934e+03
2.693693402843140120e+03
2.576332700919190756e+03
2.434247328387330526e+03
2.335550681338985669e+03
2.272203242915078590e+03
2.142701236363885073e+03
2.083088637235424358e+03
2.059791935452064536e+03
2.049085885423062336e+03
1.978770933749571896e+03
1.853864594014942440e+03
1.753064991025625432e+03
1.670974671863662252e+03
1.627520660533083628e+03
1.643386552581674550e+03
1.665057882578324779e+03
1.725062887365122833e+03
1.875453826344062691e+03
2.110899401924800713e+03
2.335124612732980495e+03
2.452749716857339081e+03
2.441594782985036545e+03
2.357508630932969936e+03
2.317570019573281570e+03
2.263091094169618827e+03
2.169460734021747157e+03
2.123780944548693697e+03
2.145720035526292122e+03
2.176072648037605177e+03
2.126611546853850996e+03
2.056781479120483709e+03
2.014850428914532813e+03
1.991928150247017356e+03
1.925595190473991806e+03
1.810953368043547925e+03
1.704832464670491390e+03
1.634515089648601361e+03
1.585809200300447174e+03
1.593858550382744852e+03
1.599971052337965375e+03
1.631758184354934883e+03
1.727914301261539322e+03
1.862359236441013991e+03
1.966790745646346750e+03
2.042910528183997485e+03
2.045508800182087953e+03
2.002907046552572410e+03
1.961601568378257525e+03
1.899644221802873517e+03
1.842829676999336925e+03
1.815014019718735653e+03
1.864808645107617849e+03
2.019438186968175160e+03
2.030773985425378669e+03
2.014837307448758793e+03
2.007036002661633574e+03
2.013469981278347177e+03
1.939961579997154331e+03
1.822226046941371123e+03
1.697682772819595129e+03
1.613304874344104746e+03
1.564060514753949974e+03
1.591481960475286996e+03
1.630009135943508454e+03
1.759953109286191193e+03
1.998909406468937505e+03
2.293595160870456766e+03
2.515477086011487245e+03
2.617377137277855581e+03
2.608096805566672174e+03
2.528945250333767945e+03
2.489443699233784628e+03
2.429152397136382660e+03
2.341389753175080386e+03
2.257534863874807343e+03
2.226598307794783068e+03
2.192795267331613104e+03
2.073587416465920796e+03
2.010291859658235126e+03
1.931666050751380453e+03
1.883354320849788792e+03
1.820355283533504007e+03
1.719858630704886764e+03
1.635141919226381560e+03
1.560895869854459306e+03
1.523183320803361312e+03
1.557691479664604003e+03
1.610242474690516019e+03
1.742633877745215841e+03
1.996370737916921144e+03
2.281298791884554703e+03
2.504156595976552580e+03
2.593183101438703943e+03
2.578639106300941876e+03
2.489388050265238689e+03
2.443635751015659480e+03
2.409743571003238230e+03
2.346526163640236064e+03
2.280198495985197951e+03
2.257941203096558183e+03
2.236379152023381266e+03
2.146406077485004971e+03
2.075386490179728753e+03
2.022080734289917018e+03
1.976686665625567684e+03
1.943177985392607070e+03
1.755967771683197498e+03
1.651170885472004102e+03
1.573384166554245212e+03
1.566725356122013864e+03
1.576957537056045567e+03
1.572610767313884480e+03
1.725563690595230810e+03
1.980864084756263082e+03
2.282665910027467362e+03
2.541639729477313267e+03
2.645172136650912307e+03
2.607931076221485910e+03
2.482253891940163157e+03
2.433557832373472593e+03
2.398929367280378756e+03
2.330574975496899242e+03
2.269612101060699842e+03
2.256841590003748024e+03
2.247272833391758013e+03
2.165635428726678128e+03
2.109526279197394160e+03
2.052140244619954501e+03
1.998400598565273640e+03
1.918468573583893658e+03
1.791527196814194667e+03
1.682054569969983731e+03
1.593911313405944156e+03
1.551976851948185185e+03
1.587433663344923843e+03
1.637175639489083778e+03
1.768695932399662524e+03
1.989288641797832042e+03
2.292881000989812947e+03
2.497938512669838929e+03
2.585839852978670024e+03
2.543285744563848766e+03
2.413609203750668712e+03
2.340856422987925725e+03
2.289368839157308685e+03
2.249252308126016032e+03
2.199108632619595028e+03
2.223142516299175895e+03
2.200566490427223926e+03
2.083960646784477376e+03
1.995525774570412068e+03
1.949594676196332784e+03
1.908473308330103464e+03
1.833133305424041282e+03
1.725883975974982150e+03
1.639972673929173425e+03
1.589034785691343586e+03
1.553881642333162972e+03
1.587029950888220583e+03
1.641334820457116848e+03
1.770542223097757415e+03
2.013416947930244305e+03
2.313925181227902613e+03
2.511158798890970047e+03
2.559860114601027817e+03
2.524822759406874866e+03
2.429843646862944752e+03
2.370232840856087478e+03
2.304353425117742063e+03
2.264080993951234177e+03
2.211533548685735241e+03
2.211658691842917506e+03
2.216538329779487412e+03
2.135828124602083335e+03
2.058273583630269059e+03
1.925918902055063199e+03
1.884740941411211907e+03
1.811586798656647716e+03
1.720222082320671461e+03
1.641273605882168795e+03
1.563200133653321245e+03
1.540673417823020145e+03
1.568540327805277002e+03
1.615307257352883880e+03
1.697251482085943735e+03
1.872320089898804554e+03
2.157682597077568516e+03
2.364725882980910228e+03
2.444578398884632861e+03
2.454856358243835530e+03
2.364614932796662742e+03
2.308548258459762565e+03
2.237247202238820137e+03
2.183907438636420920e+03
2.153414295734113239e+03
2.204369379836193275e+03
2.246181295882818631e+03
2.146354671750892521e+03
2.046972599444364505e+03
1.983420569071960699e+03
1.932722871945966290e+03
1.862787673009412629e+03
1.749154605540595867e+03
1.640003255160337176e+03
1.566492464258631799e+03
1.539391511796909299e+03
1.560628679417059629e+03
1.577415524234359964e+03
1.621826409320322455e+03
1.727856360846263215e+03
1.867485333416049343e+03
2.027813474583438619e+03
2.104068946883566696e+03
2.104429009842221603e+03
2.047952380859197092e+03
2.013784674125120318e+03
1.967785584918285849e+03
1.927740073489993165e+03
1.898332559445935658e+03
1.969357847125774697e+03
2.079185649121618553e+03
2.069121505661328229e+03
1.952689236063457429e+03
2.026412504373730371e+03
2.021251157335988182e+03
1.939058702754681462e+03
1.808690819397671248e+03
1.690026711622641415e+03
1.606929616208013158e+03
1.566321458531805320e+03
1.605668393631475055e+03
1.673750837670372903e+03
1.837487192450892962e+03
2.097836512614853746e+03
2.420172534629269194e+03
2.648612133491469194e+03
2.742682111905274724e+03
2.725706969683191801e+03
2.641398826089464364e+03
2.610233385196404470e+03
2.577722955386368085e+03
2.489025196562541623e+03
2.440881613347769871e+03
2.386311838569172323e+03
2.300467989442385260e+03
2.165624341306245697e+03
2.074715717070018854e+03
2.038339477491570733e+03
1.992609913177229600e+03
1.900486414206004383e+03
1.768063888138799030e+03
1.657409160823149932e+03
1.582252749628316224e+03
1.557901027448818695e+03
1.598806518621108353e+03
1.670058573876188802e+03
1.805099613107014420e+03
2.046971882856057618e+03
2.333270835548896684e+03
2.556727292399641101e+03
2.659542216985847517e+03
2.631698447185353416e+03
2.500097941675597667e+03
2.434242169905550782e+03
2.381192268366653479e+03
2.327191525120209462e+03
2.287720732451687127e+03
2.286751256725713120e+03
2.260357160504403964e+03
2.158541195579437499e+03
2.056171411301734224e+03
1.961110028637916002e+03
1.866880147523085952e+03
1.780213347696426354e+03
1.679165852099666154e+03
1.595249816644367456e+03
1.532346638890208851e+03
1.505950541116943668e+03
1.543559234983579699e+03
1.596111496159533999e+03
1.732524109009199492e+03
1.963242774137660717e+03
2.223267663301327502e+03
2.410909815005848031e+03
2.491012674945816343e+03
2.467991218942479463e+03
2.365468332711015591e+03
2.280408822230960141e+03
2.185571508577995701e+03
2.105712604474923410e+03
2.094586806938321388e+03
2.139307758320869198e+03
2.166762707266039797e+03
2.078691663892507677e+03
1.978406788994999943e+03
1.898284727776298496e+03
1.802694759088350565e+03
1.702505603896624962e+03
1.602066876234819574e+03
1.527088430504887356e+03
1.479758592478118771e+03
1.459611250076266288e+03
1.507963981583693339e+03
1.587560290831787597e+03
1.763869906148320524e+03
2.034672644227895944e+03
2.336885568767347650e+03
2.570306462672462203e+03
2.659821607425891216e+03
2.635193179188434442e+03
2.527356584870793540e+03
2.480132212427938612e+03
2.433706183950896957e+03
2.374067988823345786e+03
2.314129471586099953e+03
2.322761052684874812e+03
2.319725600475049760e+03
2.224762413957076660e+03
2.116687790420349756e+03
2.022002819245748242e+03
1.950905373931508393e+03
1.828861025039619335e+03
1.701914391254902284e+03
1.607738761897174527e+03
1.539505434122080942e+03
1.513777899107529265e+03
1.562907928247414247e+03
1.633868665555804910e+03
1.801201826528554420e+03
2.081196166478535815e+03
2.384843647831966337e+03
2.614718160449537663e+03
2.687938157301126012e+03
2.632832051503263301e+03
2.531277702103168849e+03
2.480362399886642834e+03
2.446921355461474377e+03
2.386325729702604804e+03
2.311434487798414466e+03
2.300226721369830102e+03
2.279548892664940013e+03
2.184125504097572048e+03
2.075580745728486818e+03
2.003218874738111708e+03
1.937831480581938877e+03
1.829740964857594236e+03
1.710564307335510193e+03
1.614798686657411963e+03
1.539037772656606194e+03
1.520039546231387931e+03
1.555113573549322155e+03
1.604670207245017764e+03
1.713994300824953825e+03
1.918420031408948262e+03
2.172197972500315245e+03
2.377481885118538230e+03
2.482941566023217092e+03
2.450602851640438075e+03
2.348038652501411889e+03
2.305439628273381004e+03
2.272369482904033703e+03
2.226336336565518650e+03
2.173555893447332892e+03
2.205630861872122296e+03
2.269384917657540882e+03
2.190874141989418149e+03
2.095672124137486207e+03
2.037004180705102499e+03
1.966389923105808975e+03
1.881964683889021217e+03
1.765245286623420043e+03
1.660582161310552692e+03
1.590276390438290946e+03
1.547691013793711818e+03
1.568663376257802156e+03
1.604111708549371770e+03
1.652783501639786209e+03
1.754712499995503549e+03
1.916264299667366458e+03
2.044532371654960343e+03
2.103860806587685147e+03
2.100068764520200602e+03
2.046339353783471779e+03
1.996179175030770239e+03
1.961798471275306611e+03
1.919274575120164855e+03
1.888805863869910354e+03
1.951383183400673715e+03
2.086717337962718375e+03
2.082469394801092676e+03
2.059144703000592926e+03
2.037496612160397945e+03
2.010687536046695186e+03
1.920415715056483350e+03
1.793974836449403711e+03
1.692370686896083043e+03
1.619190547082045669e+03
1.563404031586110932e+03
1.595542083433146217e+03
1.644122960453249789e+03
1.790779462184750628e+03
2.067666048581490941e+03
2.349496798087800471e+03
2.544183460295013901e+03
2.653011439089254509e+03
2.660535204593822073e+03
2.531874324959724163e+03
2.496882257039348133e+03
2.474862682328977371e+03
2.433040738214267094e+03
2.382109831277042304e+03
2.357186076885270268e+03
2.333771553705272709e+03
2.226085200476429236e+03
2.119894297754432046e+03
2.053393029569323971e+03
1.999389891201210048e+03
1.945966880935393647e+03
1.803767577932567519e+03
1.698244904862791600e+03
1.627981185470789796e+03
1.596971451917062950e+03
1.604854072899587436e+03
1.669653945432158480e+03
1.812429288669527295e+03
2.064115671129876773e+03
2.322914440241166631e+03
2.586687883624837468e+03
2.679332510921597532e+03
2.661328234633494503e+03
2.558474861834514286e+03
2.542308209381196320e+03
2.532945565389541116e+03
2.493321746128883660e+03
2.410465502896130602e+03
2.356219773786198857e+03
2.358775464158421073e+03
2.247002527967518290e+03
2.144007536254534443e+03
2.095727332111212490e+03
2.060034918144754101e+03
1.965850848448301804e+03
1.842237898757283119e+03
1.707397245017913747e+03
1.628045555067173609e+03
1.580487928266277777e+03
1.611698334383494284e+03
1.648868682105578500e+03
1.809283762513102829e+03
2.068521376592511388e+03
2.360925479153591368e+03
2.618298223001232600e+03
2.703965056090563394e+03
2.693584013733939173e+03
2.592054363065184134e+03
2.564219734841003628e+03
2.535737651621607256e+03
2.478723210718270821e+03
2.387044608822680402e+03
2.359741751031933291e+03
2.351602499308674851e+03
2.226198249074634987e+03
2.164925679175885307e+03
2.135563056527993922e+03
2.078240442953936508e+03
1.992977449366495193e+03
1.862328458750367645e+03
1.753426107227083094e+03
1.671577459766093170e+03
1.611115336711320197e+03
1.643804458226554516e+03
1.689733569213352666e+03
1.824882020336576034e+03
2.066970587307368078e+03
2.395553006732347512e+03
2.616061009540168470e+03
2.712952848575305325e+03
2.644178760610283916e+03
2.541435341319634063e+03
2.522897002850362696e+03
2.520005814700450173e+03
2.477026646718395568e+03
2.392266549647041757e+03
2.401671882289244422e+03
2.403605447651405484e+03
2.316375289099612928e+03
2.226069211133316458e+03
2.180796921758726512e+03
2.085534956402412263e+03
1.966076970306763542e+03
1.862653057838551604e+03
1.770503786090741187e+03
1.707033325966660186e+03
1.682973901787178420e+03
1.714966192665333665e+03
1.751610060014511191e+03
1.808761223882024979e+03
1.928389660834403685e+03
2.115133002491375009e+03
2.286060390424149318e+03
2.370956205542840507e+03
2.462182375679723918e+03
2.372558429598344901e+03
2.338864291646333641e+03
2.315347177392518006e+03
2.272988206158952380e+03
2.228198298926806729e+03
2.285448589652088231e+03
2.312506873452810396e+03
2.273197430460505529e+03
2.213943952988363890e+03
2.186582225015796666e+03
2.177176723418755955e+03
2.097187347352346933e+03
1.951719496562689528e+03
1.815790806954727714e+03
1.717918539920378862e+03
1.673717120126248574e+03
1.690682096947222590e+03
1.730285956799861879e+03
1.824240975682412000e+03
2.041233423349736086e+03
2.327154565147242920e+03
2.578714063083185465e+03
2.691151712577064245e+03
2.686254968463509613e+03
2.575154824686637312e+03
2.567950023981400591e+03
2.550197060003329625e+03
2.483894937607182328e+03
2.413051323110803878e+03
2.412154388513799859e+03
2.277390299432191114e+03
2.155335033706718605e+03
2.066550375168548726e+03
2.014305383433947554e+03
1.984447523737595475e+03
1.926724348000309874e+03
1.829143817172802983e+03
1.723684700259653255e+03
1.631443324835478734e+03
1.566364117776967078e+03
1.590250017520950223e+03
1.604587194666394680e+03
1.650880678948860577e+03
1.740318467173535964e+03
1.877515070070705406e+03
2.015591979438826229e+03
2.083592644602238124e+03
2.106857954498562322e+03
2.056653743758057317e+03
1.996588302608667391e+03
1.949441085961402450e+03
1.894821068878125061e+03
1.893045694440969783e+03
2.017003308442983325e+03
2.088994301892508702e+03
2.078433412279612185e+03
2.041531888392295286e+03
2.024146481472064579e+03
2.012325963052488078e+03
1.930389705280174667e+03
1.801780100880883992e+03
1.691773363860084373e+03
1.613808278238311004e+03
1.574405936595826461e+03
1.619740518411997527e+03
1.693808951829312264e+03
1.850893206220085176e+03
2.133527144103026330e+03
2.444049588623130148e+03
2.675106143347449688e+03
2.773300471356721573e+03
2.680091261541500899e+03
2.557594817731816420e+03
2.559720358132788988e+03
2.575070208911737154e+03
2.538768945641649225e+03
2.447385661684967545e+03
2.412887299024036110e+03
2.382805658648004282e+03
2.276020425189117304e+03
2.182020110467080940e+03
2.120336829847940407e+03
2.090346280948442200e+03
1.990852766216791906e+03
1.848897620675775215e+03
1.714282972259447661e+03
1.626994767014670515e+03
1.593697963243367894e+03
1.627566928370168625e+03
1.695210012856301546e+03
1.828385027696519955e+03
2.100398426233120517e+03
2.433937357743141547e+03
2.684175166806242942e+03
2.781394701929864368e+03
2.771495456645810464e+03
2.673756334525669899e+03
2.656327496577534475e+03
2.646389329535501929e+03
2.582579403401414766e+03
2.478524713630371480e+03
2.434269821495303404e+03
2.397215671629041026e+03
2.304330334195141859e+03
2.202660413237139437e+03
2.161900762927596134e+03
2.139684710797272146e+03
2.036891946643643905e+03
1.886270682349935214e+03
1.780423120315203960e+03
1.689585908657825030e+03
1.641404720941097139e+03
1.685143728047175955e+03
1.744268532980843702e+03
1.877330528690642268e+03
2.154130043242098964e+03
2.482909139233654514e+03
2.756039496154581229e+03
2.853219248154033266e+03
2.835980118849278369e+03
2.724695473972442414e+03
2.725367269161485183e+03
2.726082865133455925e+03
2.673732725906496853e+03
2.561865461916065215e+03
2.494073535211409308e+03
2.454583384236652364e+03
2.347072012563836324e+03
2.237878216219059595e+03
2.209658942355054933e+03
2.192709656805444865e+03
2.119126254606651855e+03
1.962149373429828756e+03
1.840810097445691554e+03
1.749212626657553301e+03
1.710539112234717322e+03
1.747678151392595510e+03
1.801397455001355638e+03
1.931437722922890771e+03
2.177055740839535247e+03
2.500570425888538466e+03
2.753502094756172937e+03
2.877288093368712453e+03
2.869839198152225890e+03
2.752375147404572999e+03
2.732662313670310596e+03
2.714053776736208420e+03
2.618163465071594146e+03
2.511919248327216792e+03
2.475323325245986780e+03
2.435312408590382802e+03
2.301340239884800667e+03
2.214971367762115733e+03
2.225222174495640502e+03
2.228036787923042993e+03
2.153873824540836722e+03
1.996501419937861328e+03
1.851986711827208410e+03
1.756685896312724708e+03
1.718155989799791769e+03
1.743865050129238853e+03
1.788548454174449944e+03
1.916117382315580016e+03
2.188652386773313083e+03
2.510575005781129676e+03
2.742707528657712373e+03
2.854300828647794788e+03
2.853371356062164523e+03
2.774406044575091983e+03
2.790868015145662866e+03
2.790501526836470930e+03
2.710187984880797103e+03
2.576495198908734892e+03
2.515917409888924340e+03
2.494055066502734462e+03
2.387753787185059082e+03
2.348772925371914425e+03
2.246613084949779477e+03
2.302563023273387898e+03
2.253022927214367428e+03
2.073351239648264254e+03
1.921200703791321530e+03
1.832658484013321640e+03
1.771484682615590373e+03
1.789412373117549123e+03
1.820451931519133495e+03
1.891067534156388774e+03
2.066299849218817599e+03
2.308018336356292821e+03
2.538759099966780923e+03
2.684945796694193632e+03
2.719311808568605102e+03
2.650935121572510980e+03
2.690550164721690635e+03
2.649105146996055282e+03
2.562559319931559457e+03
2.518280663329610888e+03
2.532260025876483724e+03
2.503334294245620640e+03
2.399095660840148412e+03
2.311032628424630275e+03
2.283974801393585949e+03
2.282087267764403350e+03
2.186495798196262513e+03
2.034338176571232225e+03
1.899372543994829130e+03
1.796159810440375622e+03
1.743011694059024876e+03
1.747260199733310856e+03
1.755108268910838433e+03
1.771220559720609572e+03
1.854407728327266568e+03
2.015939925516235235e+03
2.162495976871430685e+03
2.252047830843041538e+03
2.295390548702477190e+03
2.271036604481967515e+03
2.228879958920751051e+03
2.144627836381187080e+03
2.069116958052284645e+03
2.047276069098138350e+03
2.182703720251607592e+03
2.297196655242044017e+03
2.336063777401403968e+03
2.319986997449051614e+03
2.347013721866732794e+03
2.366976871251592001e+03
2.205853201728308704e+03
2.065011955547122852e+03
1.940201793423346089e+03
1.857927474050855380e+03
1.775564214328220487e+03
1.782521288091178349e+03
1.842389296749181312e+03
1.959420611000912686e+03
2.135239576091112667e+03
2.413245036934574728e+03
6.577669231937352379e+02
2.798285927345697814e+02
6.749883518052056388e+02
1.485382167330500124e+03
2.185799783662678692e+03
2.414395341543085578e+03
2.437011198472273463e+03
2.412252578102546977e+03
2.330140441532194018e+03
2.449535543572972529e+03
2.449488877009452608e+03
2.325401323375236188e+03
2.273799600908355387e+03
2.348951320269642565e+03
2.179989452898757008e+03
1.983958766960778803e+03
1.837719227059458262e+03
1.738756242749681178e+03
1.686202647047776736e+03
1.720299504379751170e+03
1.760510955145386106e+03
1.904951492475251371e+03
2.177047361145184368e+03
2.516738957095941259e+03
2.764879043150741836e+03
2.890846413457582912e+03
2.902784461365738025e+03
2.827606557128851364e+03
2.820953927140857559e+03
2.786350772800721643e+03
2.685774018284578688e+03
2.589534824455817670e+03
2.561561413777134931e+03
2.497156905437056594e+03
2.359770898899111671e+03
2.256010353767665038e+03
2.229816588138549378e+03
2.222527180910557945e+03
2.108184950519270842e+03
1.939046912357929841e+03
1.791451798748393003e+03
1.697700488226742664e+03
1.663318148006133697e+03
1.685670776281030612e+03
1.729873977731044988e+03
1.878574781584080711e+03
2.159262977301234969e+03
2.477278540076468289e+03
2.778597086219279845e+03
2.935245261652757563e+03
2.887975654875011969e+03
2.772605628739460826e+03
2.751674722914037375e+03
2.725460586082706868e+03
2.664944064943207195e+03
2.601329710324394000e+03
2.635754085748728812e+03
2.583318307113798710e+03
2.461260222248604805e+03
2.433126969715789528e+03
2.450840004054699875e+03
2.485928210273729746e+03
1.960957337873739107e+03
1.757569989333942885e+03
1.677281321332552579e+03
1.644698576319066206e+03
1.655670255105318347e+03
1.702397350045717985e+03
1.790079193026483154e+03
1.854962890738398755e+03
2.037865567762638193e+03
2.419107612325464288e+03
2.734058803265954793e+03
2.880239632931500637e+03
2.901437457595569413e+03
2.742407029313092153e+03
2.720775818966501902e+03
2.667685445862543475e+03
2.572957699903744924e+03
2.511778918727385644e+03
2.502298535495732267e+03
2.439234693170084483e+03
2.327864373797741337e+03
2.225452010115634494e+03
2.157377215760711351e+03
2.114741902368013143e+03
2.027216135310590971e+03
1.881356400249412218e+03
1.744767429197270303e+03
1.629966846315278872e+03
1.598372034328436030e+03
1.639673546438517633e+03
1.715666081430371150e+03
1.866598015399882570e+03
2.138768719729803706e+03
2.477879865439019341e+03
2.729081316110619809e+03
2.843468595667240152e+03
2.899231076271805705e+03
2.722186600189230376e+03
2.640827848942437868e+03
2.590023642862289762e+03
2.520659018788293452e+03
2.442200650967367437e+03
2.496876873248403626e+03
2.486391817984866066e+03
2.395432116054580092e+03
2.243091037099789901e+03
2.158368255372865860e+03
2.100084778167822151e+03
2.014974518219962192e+03
1.873796543315196004e+03
1.759513501403811460e+03
1.672414732796924682e+03
1.624848621828039313e+03
1.656799620141775904e+03
1.682261880581839478e+03
1.786992431776757485e+03
2.000899752931459943e+03
2.264017256693367017e+03
2.493437996374809700e+03
2.656372064891128502e+03
2.602179348211811885e+03
2.487632109162058441e+03
2.455181523886178184e+03
2.439222363009213495e+03
2.393274952752346962e+03
2.315561478260598051e+03
2.359928946840552271e+03
2.391693809062055152e+03
2.311055772056427031e+03
2.191079241126272791e+03
2.103871256360038387e+03
2.051570258389185256e+03
1.996698817452744834e+03
1.871692718473017749e+03
1.750900663721389492e+03
1.659238146575641622e+03
1.609987539694389397e+03
1.634539411967036358e+03
1.646883480506840215e+03
1.690650937333706452e+03
1.789060278725686885e+03
1.925212502407973034e+03
2.073368946759154369e+03
2.174941204147925873e+03
2.115425062962012362e+03
2.060253824650907518e+03
2.021498965044541364e+03
1.989508158716141452e+03
1.948948692055879064e+03
2.010445007994885600e+03
2.071153069903505639e+03
2.227750191100668872e+03
2.206789584763994299e+03
2.174951129934419896e+03
2.141551258178998523e+03
2.118143082519274230e+03
2.045438554184245277e+03
1.898187479847760642e+03
1.761667268204821767e+03
1.678256462963462582e+03
1.633693267841036686e+03
1.672989705961985464e+03
1.737010640632257719e+03
1.884213125065150962e+03
2.160979521941305393e+03
2.490576077805927525e+03
2.743923216529903129e+03
2.874924929629914004e+03
2.788177283509130120e+03
2.671599388923511924e+03
2.654587907778627141e+03
2.633171546305069114e+03
2.584060826601546523e+03
2.496468950404595034e+03
2.503035543100469567e+03
2.489783174743569361e+03
2.386847393113218004e+03
2.277324653889032561e+03
2.221128161421950608e+03
2.195788357101022029e+03
2.113154259100672789e+03
1.955962758044495331e+03
1.805810416546140459e+03
1.708290281599087166e+03
1.664419809553822688e+03
1.709978545616158044e+03
1.771093725530039819e+03
1.923301765428009958e+03
2.197695090939122110e+03
2.532462541491085176e+03
2.797102024962903670e+03
2.951773597663202963e+03
2.932024136577150330e+03
2.822470382507595787e+03
2.804964370492469243e+03
2.739388868810649001e+03
2.654691549464581385e+03
2.564521437681034968e+03
2.597443985295360108e+03
2.593397457170967300e+03
2.511564558398733880e+03
2.401347649300490048e+03
2.360528643592762819e+03
2.340600259476375413e+03
2.225478541136877993e+03
2.052937630887077830e+03
1.902599427895185499e+03
1.799795878833577262e+03
1.749507828407883153e+03
1.771208965777483172e+03
1.821275758727005950e+03
1.950284995920589381e+03
2.209641244012011612e+03
2.539169894588374518e+03
2.813208441569507158e+03
2.956142800314612487e+03
2.946626824013295845e+03
2.838543336910904600e+03
2.839399705584682124e+03
2.840627026425888289e+03
2.763972166365987050e+03
2.649605647735449111e+03
2.643115440371669138e+03
2.637798928439446627e+03
2.543647797502690992e+03
2.417833923714908906e+03
2.334137721162966955e+03
2.285216445266504252e+03
2.159397558844570540e+03
1.997690172145053111e+03
1.862518267261940764e+03
1.770280963523407763e+03
1.726988548611955821e+03
1.769851897851752483e+03
1.819728264043431409e+03
1.962707015034818369e+03
2.224629642827525004e+03
2.557873425533661703e+03
2.831102433989503425e+03
2.969411846242351203e+03
2.962287833294144548e+03
2.869776977377440289e+03
2.878350489813708919e+03
2.859369113930769345e+03
2.772953780525258026e+03
2.653598108960114587e+03
2.654911277213467656e+03
2.591028106509983445e+03
2.429126975327689252e+03
2.289046433038799933e+03
2.172062895294814552e+03
2.157776124498846912e+03
2.104074590419837477e+03
1.962122349136861885e+03
1.828752325018368992e+03
1.725477948191731230e+03
1.693546601115726617e+03
1.734592875522009535e+03
1.773907270319744384e+03
1.891224986028132435e+03
2.139132531405308782e+03
2.442292835455894874e+03
2.682398042593069022e+03
2.855795397205612517e+03
2.899467604575223049e+03
2.817407229317109341e+03
2.813089997574749304e+03
2.786772151614317409e+03
2.714825038163940008e+03
2.624303609367634635e+03
2.639750746109551983e+03
2.611200054080406517e+03
2.512817907021712927e+03
2.399090612486500049e+03
2.357930655581617430e+03
2.317229759307582299e+03
2.231772818563561941e+03
2.070077779444588032e+03
1.938206326909659083e+03
1.819639024097127958e+03
1.763343319679081333e+03
1.791229247646818976e+03
1.831009753616875287e+03
1.911604294232186476e+03
2.081386515278098614e+03
2.318001117042785609e+03
2.564043858668877419e+03
2.695325389607075067e+03
2.680249633457582149e+03
2.600874540874470767e+03
2.589819595817933077e+03
2.555797471475756538e+03
2.478305451171200275e+03
2.414918174922896469e+03
2.461933811685572437e+03
2.482867529168416240e+03
2.436515467998038730e+03
2.354682580884276376e+03
2.315006790520039885e+03
2.270910545963985896e+03
2.255385609698537337e+03
2.085178924893682051e+03
1.945188959949721720e+03
1.842440733368974179e+03
1.782620570713788766e+03
1.798077246868545672e+03
1.808676222600529400e+03
1.804447822130841587e+03
1.863530490495969161e+03
1.994142145689639847e+03
2.091761733418031326e+03
2.132283773616824874e+03
2.146902777877891822e+03
2.125842134269642429e+03
2.131255264064849598e+03
2.123177047773514914e+03
2.084733076871485991e+03
2.056926990391642448e+03
2.199697454633010693e+03
2.283499954740002522e+03
2.305940462003000448e+03
2.299558089535119962e+03
2.292272320715925161e+03
2.310771595637538212e+03
2.181867995319854344e+03
2.013868396005140767e+03
1.863009532781375810e+03
1.768196234891602444e+03
1.726642177730991534e+03
1.759668617861910661e+03
1.780726927030188563e+03
1.882262280539014000e+03
2.115807386354536902e+03
2.449747225700915806e+03
2.688255637458044475e+03
2.804556417816183057e+03
2.801967547037221721e+03
2.719854965355473723e+03
2.758815654562248710e+03
2.779597287673643677e+03
2.736778048268140083e+03
2.666489712664136732e+03
2.657473691517074258e+03
2.589194696644929536e+03
2.436467746207311848e+03
2.322327516726618796e+03
2.241527068154221070e+03
2.173922647535066062e+03
2.091934139805624909e+03
1.957626975890836320e+03
1.830665226965344800e+03
1.713166440865791174e+03
1.637640053107354106e+03
1.664032367058489854e+03
1.692985651119358863e+03
1.831738603752435210e+03
2.064491017678660683e+03
2.368082937635320377e+03
2.637108051605000583e+03
2.777935786142136749e+03
2.764831607266822175e+03
2.691997714329067549e+03
2.694711301448865925e+03
2.694500210641007016e+03
2.638697958776874202e+03
2.558465834999747585e+03
2.558504876644362412e+03
2.523391904710187646e+03
2.437106605569722433e+03
2.334712488850474074e+03
2.275559667290548532e+03
2.238359556212075859e+03
2.130702005002448914e+03
1.974978173960131699e+03
1.829596899918047484e+03
1.714345141122742916e+03
1.671879566784042936e+03
1.697325721230856061e+03
1.736602836723281825e+03
1.878601805946041850e+03
2.108185310839227441e+03
2.430392362083587614e+03
2.729490994399085594e+03
2.839952161758331840e+03
2.853412049348848086e+03
2.755718098971135532e+03
2.751104413060211755e+03
2.748084969788392755e+03
2.684907485967885805e+03
2.587806791448922922e+03
2.574017565913302860e+03
2.529016910260050281e+03
2.442574073487791793e+03
2.342153654375293627e+03
2.267964985852746850e+03
2.241772854411798107e+03
2.139290771417720862e+03
1.978427831392069947e+03
1.835146790364208528e+03
1.717827095700362861e+03
1.664630821455535624e+03
1.692930635173684323e+03
1.751561696289524662e+03
1.893118037106368774e+03
2.149250419332718593e+03
2.467156828684753691e+03
2.728953017965600338e+03
2.842599772947273323e+03
2.827473160272044424e+03
2.743412132093471428e+03
2.730213985322801818e+03
2.718260118317018623e+03
2.662547725985139550e+03
2.585077611361141408e+03
2.595971170618558972e+03
2.555914495171073213e+03
2.462956840854204529e+03
2.362292215454157486e+03
2.324032535901483243e+03
2.310615394246711276e+03
2.193113502836282805e+03
2.028634964100392153e+03
1.874197662097150896e+03
1.754958575760958638e+03
1.669517386371966950e+03
1.692986366674653709e+03
1.727442344067246495e+03
1.875382764495005404e+03
2.094829606261356730e+03
2.372506237612809855e+03
2.613400565865050794e+03
2.722475340977091037e+03
2.716854241443164028e+03
2.636233342905472455e+03
2.629351828333059075e+03
2.614319232885286965e+03
2.575261636534085937e+03
2.513648255418392637e+03
2.541541858328310809e+03
2.521113881577764914e+03
2.414290065175213385e+03
2.287598891466668647e+03
2.215604834090293025e+03
2.188789249160570762e+03
2.103299852308934987e+03
1.956393996569178171e+03
1.815429785970158491e+03
1.699648178095129197e+03
1.650788148024902512e+03
1.663930038326872818e+03
1.715849610254967274e+03
1.804017586999791547e+03
2.001168368428789790e+03
2.264251585765983236e+03
2.492667975510864380e+03
2.610084377378102090e+03
2.596114157371053807e+03
2.514741848190275050e+03
2.504908690643675072e+03
2.517996668631367356e+03
2.505734797247886945e+03
2.448604855411529115e+03
2.484282090178413000e+03
2.474252402703244115e+03
2.384046080775690825e+03
2.253997443466069853e+03
2.156948125049574173e+03
2.111466561358343370e+03
2.012375598802761942e+03
1.868817310483203755e+03
1.703334883141979844e+03
1.601224816371018278e+03
1.636926832397463158e+03
1.661358942419157756e+03
1.667627933636431408e+03
1.722381262498057367e+03
1.777910926270693153e+03
1.935591110821909297e+03
2.032472570000647238e+03
2.122653250636290977e+03
2.131464866661613087e+03
2.097792811200819870e+03
2.062931550316529865e+03
2.047970250089027104e+03
2.002262750029282415e+03
1.976919210012648364e+03
2.086903428407297724e+03
2.166995723541059760e+03
2.200294866801242279e+03
2.164507516765080254e+03
2.131508844075434808e+03
2.108507694485436332e+03
2.021746233449766805e+03
1.877554543890669947e+03
1.736467478956343712e+03
1.645775269336463680e+03
1.615512784318653303e+03
1.657378241824106453e+03
1.721050814633340224e+03
1.867217198853852551e+03
2.144735723881338345e+03
2.479321713065821768e+03
2.739467436812186861e+03
2.848701791671509454e+03
2.830116375975932897e+03
2.733740672680668013e+03
2.733707024392708718e+03
2.744627170832282900e+03
2.701110852787032854e+03
2.625509852732057425e+03
2.640868076283933078e+03
2.615640828788878935e+03
2.492732846683647495e+03
2.369953994793217589e+03
2.293085585248216830e+03
2.235458209699502277e+03
2.117779421037838802e+03
1.948838955939451807e+03
1.796356629969462119e+03
1.698443103980350088e+03
1.665829502145671768e+03
1.714214061435428675e+03
1.771056723463711478e+03
1.903856180115174084e+03
2.156679082627038952e+03
2.476575009909085566e+03
2.708942193780041634e+03
2.829824879549426441e+03
2.836109435975394717e+03
2.737668837504525072e+03
2.729873703809626932e+03
2.730734884461106958e+03
2.670949539077626014e+03
2.619160543748509554e+03
2.639017057682925042e+03
2.610505631240539969e+03
2.524722444953576542e+03
2.323610216503611809e+03
2.223130136173040682e+03
2.167973298319239802e+03
2.112306203017401458e+03
1.965443791474249338e+03
1.820960302529739465e+03
1.698789956336079058e+03
1.665909494083574373e+03
1.709267882579701336e+03
1.766856699066174542e+03
1.916157390512881420e+03
2.167592346320161596e+03
2.476184562070391621e+03
2.708753475289175185e+03
2.808586701886663832e+03
2.824939474904295366e+03
2.714779713523134433e+03
2.692303007083200100e+03
2.695439184661901436e+03
2.653276150631737437e+03
2.590399359724626720e+03
2.591680103987264374e+03
2.559667436201829787e+03
2.461478112852450522e+03
2.346883750126181894e+03
2.266223477560738957e+03
2.225095666637932482e+03
2.096534797791302026e+03
1.948977056375367511e+03
1.775949179072121751e+03
1.684711734959933210e+03
1.639150368543906097e+03
1.681854036293675790e+03
1.765618124036641575e+03
1.895712041739372125e+03
2.115856898601618468e+03
2.446948766197809164e+03
2.785975337125397346e+03
2.849464597370851607e+03
2.782568113840605747e+03
2.579977918920059892e+03
2.602023412908741193e+03
2.635228765641078553e+03
2.653833233684973493e+03
2.614700809904156813e+03
2.590922195563328387e+03
2.562658921405030469e+03
2.430980839148565792e+03
2.280968288433502494e+03
2.159770852141129581e+03
2.104848028540074210e+03
1.987167779253450817e+03
1.842164884715574317e+03
1.723057924253507281e+03
1.630747264280532363e+03
1.610405570001052183e+03
1.654112339944987980e+03
1.703475719542577053e+03
1.833272280335282403e+03
2.092948027640178680e+03
2.387291492678728901e+03
2.622753546857842593e+03
2.748605390196410099e+03
2.723598896432698439e+03
2.642821774250724047e+03
2.638694865934213794e+03
2.631998305721436736e+03
2.562179264763452011e+03
2.559546774209702562e+03
2.576692792225400353e+03
2.516971149072475782e+03
2.415431436590294652e+03
2.268974464239411191e+03
2.159367155490928781e+03
2.086026948862684094e+03
1.995354595719005601e+03
1.845163389775228552e+03
1.704859006222436847e+03
1.625780688516288819e+03
1.591920114812452766e+03
1.637320781701693249e+03
1.684269590007270381e+03
1.793456217267222655e+03
1.976020547956457449e+03
2.230130126421271143e+03
2.477251221886830535e+03
2.581995245478049128e+03
2.576224810919805350e+03
2.489594754260987429e+03
2.494573582247466220e+03
2.523957574685167401e+03
2.514481161223080562e+03
2.490588892734970614e+03
2.556276216199753435e+03
2.514329486300749068e+03
2.418207422512828543e+03
2.291749822153191872e+03
2.165058330536754056e+03
2.089790699327585571e+03
2.006930661193338210e+03
1.863009747775554615e+03
1.743984005447909112e+03
1.653781416110714645e+03
1.613215871665561508e+03
1.667788223310040848e+03
1.701616577909330317e+03
1.729563596363695297e+03
1.824982824636377245e+03
1.958469418349093075e+03
2.090691630155781695e+03
2.165025411692194211e+03
2.175248102128725350e+03
2.142372943875435794e+03
2.132218241204707738e+03
2.114312382077809161e+03
2.083321229119979762e+03
2.080431601869217502e+03
2.203624620119990141e+03
2.280163284550946173e+03
2.299604891908985792e+03
2.216516430675156244e+03
2.175016109520365262e+03
2.113593467766148933e+03
2.016893984572721820e+03
1.869571050402400942e+03
1.742095095503952507e+03
1.657704689243630128e+03
1.622953857712584977e+03
1.657771074172362205e+03
1.745571145596739825e+03
1.869599776586137068e+03
2.119429538530234822e+03
2.434446764754216929e+03
2.666818727638338260e+03
2.769962123793028695e+03
2.767556863217082082e+03
2.671626712987159863e+03
2.644980408863229513e+03
2.647494282620326885e+03
2.622957972152493767e+03
2.559497434514528322e+03
2.583845737464610920e+03
2.521380080060289401e+03
2.384026135769779103e+03
2.358151165188512095e+03
2.147031984642097086e+03
2.026403030990078150e+03
1.947012755301262132e+03
1.819452659315296842e+03
1.696748214627656353e+03
1.604567611349703384e+03
1.574680672878160067e+03
1.628914377523346047e+03
1.702814818048647794e+03
1.846264535265924451e+03
2.090752153066831397e+03
2.391529332136320136e+03
2.606800074808406862e+03
2.692446211373478945e+03
2.669824044866737040e+03
2.574447764386710787e+03
2.559620865988831611e+03
2.525036147751042790e+03
2.516033420463318180e+03
2.499027527731642294e+03
2.553381944748244223e+03
2.519871716991845915e+03
2.435430196721870743e+03
2.258473061192376008e+03
2.054525944295697172e+03
1.938132369829049821e+03
1.858992475763072207e+03
1.727645700827785276e+03
1.616473033708282401e+03
1.539922814891056760e+03
1.517425120745042250e+03
1.562457562596632670e+03
1.637950840951489681e+03
1.769217362070222634e+03
2.021675888362733758e+03
2.310939451483198354e+03
2.530561851869979364e+03
2.622236435648138922e+03
2.586613522700068643e+03
2.498110776478443768e+03
2.479272502997567699e+03
2.471781247821781562e+03
2.453197997135139303e+03
2.432649667456188581e+03
2.494676054727407973e+03
2.435773163425266830e+03
2.291068879016795563e+03
2.139557001492414201e+03
1.990925505748751675e+03
1.860091125680218965e+03
1.738869669557677753e+03
1.615926231203940915e+03
1.519989346540562792e+03
1.453923674161397230e+03
1.440402751819740615e+03
1.504354127060250903e+03
1.586207741778712943e+03
1.730385226037810980e+03
1.978839086723580976e+03
2.267115604984961919e+03
2.481872411839644428e+03
2.580524187316237658e+03
2.580490672440958406e+03
2.494005461875348828e+03
2.473187545862171191e+03
2.474593955321588055e+03
2.461660204362017794e+03
2.431607821472180603e+03
2.484860093458664778e+03
2.436972932902574939e+03
2.324999831526944945e+03
2.201805238207507955e+03
2.050957481430419193e+03
1.842874733046134224e+03
1.741598226081895746e+03
1.611167208515944822e+03
1.507134251640203502e+03
1.446466180002622650e+03
1.437457976874686665e+03
1.517983059949149947e+03
1.605290786972178466e+03
1.753105806461235488e+03
1.995131881325249424e+03
2.295995995286012203e+03
2.530409458832402834e+03
2.656586638128496816e+03
2.679488211887155558e+03
2.605750412736942508e+03
2.576962786868989042e+03
2.545931215796359993e+03
2.462455907054416457e+03
2.384887900177321171e+03
2.438672234773530818e+03
2.407081544129007398e+03
2.332430358939462167e+03
2.249111264471238883e+03
2.114349643262196423e+03
1.983501376098436140e+03
1.878691502489934237e+03
1.744338887369844315e+03
1.632134142366651531e+03
1.552391730587348547e+03
1.537020571337512592e+03
1.626103048073543050e+03
1.714783055728982163e+03
1.792233768343432985e+03
1.892486507931374035e+03
2.011019214579942172e+03
2.114082681576865070e+03
2.154362145923951175e+03
2.147000095445536317e+03
2.117367670078567244e+03
2.102742357792602888e+03
2.077618518088593646e+03
2.036974787253616569e+03
2.064370075126042593e+03
2.305949920680360719e+03
2.371233902482366830e+03
2.325373274445589232e+03
2.247341424926939908e+03
2.181600427034898985e+03
2.136836159130907618e+03
2.026629520089163634e+03
1.885927469066548838e+03
1.750438663811377864e+03
1.658630716550523402e+03
1.623528212450268711e+03
1.661543197638174661e+03
1.684099283053647923e+03
1.694994614848159017e+03
1.765014542831355811e+03
1.878696201574978204e+03
1.985321141071706279e+03
2.046754746399579062e+03
2.057800708041220787e+03
2.053641787082953670e+03
2.045027316958027541e+03
2.017220052219758145e+03
1.968103390916942772e+03
1.959063516109668853e+03
2.142365378570666962e+03
2.222647290491559943e+03
2.215080106397088912e+03
2.196593852554660771e+03
2.148321585377429528e+03
2.106775678281594082e+03
2.017702388337372213e+03
1.880895348214548221e+03
1.757870684475655708e+03
1.667046442211772273e+03
1.653514163005112096e+03
1.690725441082961879e+03
1.719011626125258317e+03
1.766107002953676101e+03
1.860468957846771445e+03
1.996226315569907229e+03
2.144301576623349320e+03
2.202988376574302038e+03
2.184167596312604019e+03
2.135576624850247754e+03
2.123046170581736988e+03
2.127092692434956916e+03
2.084687166016007723e+03
2.076256114169656939e+03
2.223328925533241545e+03
2.292530859720639910e+03
2.311886309002817143e+03
2.249695589418801774e+03
2.159546151194990216e+03
2.134388879359029943e+03
2.065135204294393134e+03
1.919262836594362398e+03
1.796766309199258558e+03
1.694224394248356475e+03
1.670160108178439032e+03
1.709801633655905107e+03
1.779841677366453496e+03
1.879475017729930642e+03
2.091645682965837295e+03
2.386136506738484968e+03
2.641812830414856762e+03
2.778578042283753803e+03
2.785998597892132693e+03
2.709242933351067222e+03
2.706332931106683191e+03
2.701377661680737674e+03
2.642246181926630470e+03
2.543820496867548172e+03
2.566884080356923732e+03
2.532155344197690738e+03
2.429344741894213712e+03
2.326167462730444186e+03
2.255585212860819411e+03
2.191295128829163332e+03
2.101589891410165819e+03
1.965154461300739968e+03
1.836722661470736512e+03
1.745000675669417888e+03
1.701056170402047201e+03
1.742338282084245520e+03
1.780140579287205810e+03
1.887998546041844975e+03
2.117250372026077912e+03
2.422260677698751806e+03
2.675701030401486150e+03
2.796516936077795435e+03
2.814837407440609695e+03
2.720287516522675560e+03
2.721011535695460225e+03
2.704354493818743322e+03
2.651206366432401410e+03
2.584703722325949002e+03
2.609210597932506516e+03
2.556158277384617122e+03
2.443442488893500013e+03
2.332668532972316825e+03
2.247526776512509514e+03
2.194254140978546729e+03
2.102918951315186405e+03
1.954104881172084561e+03
1.808165286155930744e+03
1.713510921367751052e+03
1.681538300991274809e+03
1.738737648757375837e+03
1.801419494509415699e+03
1.934528744538317142e+03
2.175945995417966969e+03
2.480238086327022302e+03
2.733058410696509327e+03
2.854493129858965403e+03
2.848941172914022445e+03
2.747680193858790062e+03
2.717239167030337285e+03
2.698152694939792582e+03
2.621510969331317028e+03
2.528980869116611302e+03
2.554317910015011876e+03
2.491814452592290763e+03
2.357583448692979346e+03
2.251603896122240712e+03
2.109831362228534090e+03
2.030943837493227647e+03
1.945735318547249790e+03
1.820415963790494288e+03
1.703765538632664175e+03
1.629912967419871848e+03
1.601556378390133887e+03
1.663956040041764936e+03
1.731163005965408729e+03
1.861858318195671927e+03
2.102260049730416995e+03
2.403098788080499617e+03
2.663570729657636093e+03
2.778773801227841432e+03
2.781210607345427434e+03
2.672864271393676518e+03
2.654096720780338273e+03
2.629687735332816374e+03
2.562135900590061283e+03
2.494363789547100623e+03
2.525391161010972155e+03
2.486094049541990898e+03
2.329739579321476413e+03
2.182190352585937489e+03
2.068650050825079234e+03
1.995277982340894823e+03
1.904239091469514960e+03
1.778313058660116667e+03
1.662357762712618523e+03
1.582789461489099494e+03
1.562749487406139906e+03
1.630781574604565549e+03
1.692262940107520080e+03
1.785957142790908165e+03
1.973502840481040494e+03
2.234611525542100480e+03
2.459375418467576310e+03
2.580748130097859303e+03
2.572582971608258504e+03
2.458056664453017220e+03
2.445382336709486026e+03
2.462946297287262041e+03
2.419267681836854990e+03
2.312569129652877109e+03
2.442658358471620886e+03
2.438010866879910282e+03
2.326039629860782497e+03
2.176279041679231796e+03
2.045322277374244550e+03
1.959719360133368127e+03
1.876723679063853751e+03
1.761768754199734531e+03
1.655454768554953034e+03
1.582279208457204504e+03
1.558319423084501750e+03
1.603076358316440974e+03
1.645295528032198490e+03
1.692572077490197898e+03
1.793135854983366471e+03
1.920746873684661296e+03
2.048709577635374899e+03
2.139628586003857436e+03
2.149871813916936844e+03
2.101700969272842940e+03
2.075154645260369307e+03
2.042140637216215509e+03
1.994875333652790232e+03
1.974882219555658594e+03
2.079222441607326800e+03
2.186774895360488244e+03
2.201761402853442632e+03
2.142236879895482616e+03
2.067734074520613376e+03
2.004076061522341433e+03
1.882692289079112470e+03
1.753984768337808418e+03
1.639285701255498452e+03
1.566700175638156452e+03
1.547911042412582901e+03
1.601127448981455245e+03
1.669030338458196638e+03
1.811886062200233710e+03
2.069115436996603876e+03
2.383902842036421134e+03
2.638395868318557405e+03
2.754991134644015801e+03
2.717671606366064680e+03
2.567060243691903906e+03
2.497248332166366708e+03
2.467246216714640923e+03
2.416246398949953345e+03
2.364567011565023222e+03
2.421340412237633245e+03
2.391840626414134022e+03
2.293966169023172824e+03
2.124476690501272969e+03
1.980422524316689532e+03
1.899704087189102438e+03
1.781207745813328529e+03
1.666115238208041092e+03
1.571558298573697130e+03
1.502637582875036742e+03
1.494191426475298840e+03
1.572791566959303509e+03
1.672224944342615800e+03
1.808395628724459584e+03
2.052846465004914990e+03
2.348001197860219690e+03
2.571191952773645880e+03
2.673719391312547486e+03
2.664029776410320210e+03
2.561287089204223321e+03
2.540532617490327993e+03
2.516136504349096413e+03
2.472035441024995180e+03
2.441129557796175504e+03
2.495727651903023798e+03
2.472450846419909340e+03
2.333963349896101136e+03
2.129631714607963204e+03
2.032984313213061569e+03
1.925497342819991445e+03
1.822000373890178707e+03
1.699700920281787830e+03
1.601528882315023338e+03
1.546289853551266788e+03
1.534075671230312764e+03
1.593380727369271654e+03
1.685820822217980094e+03
1.852657509632844949e+03
2.116479645574563165e+03
2.424847329470976092e+03
2.659505293534903103e+03
2.754676039382104136e+03
2.728802022250407845e+03
2.617098895264002749e+03
2.600982446624481781e+03
2.571841965436660303e+03
2.498839154729230358e+03
2.478344327831067403e+03
2.528270269998464300e+03
2.480452215232189246e+03
2.354656249841783847e+03
2.193392056789017261e+03
2.056276489092221254e+03
1.944489137298106698e+03
1.828133404971586970e+03
1.703720913710828881e+03
1.606883069264944652e+03
1.535374209293376680e+03
1.526132563812122726e+03
1.599463024505932708e+03
1.670535032723745189e+03
1.830263829131508146e+03
2.106807375752019652e+03
2.410946904955799255e+03
2.628743306003626913e+03
2.705463657252611938e+03
2.670813542341990797e+03
2.559433352585148441e+03
2.529247978220155801e+03
2.524131226831932509e+03
2.495726880261178849e+03
2.467529710105238792e+03
2.517805522457213101e+03
2.485811801334453776e+03
2.341683168896389361e+03
2.192108135385354217e+03
2.036095827021490777e+03
1.917038033025279447e+03
1.807940388941992524e+03
1.669970397894616099e+03
1.571341136022002502e+03
1.518120701883959555e+03
1.513057302754917146e+03
1.585155454488321766e+03
1.650910212116871662e+03
1.815115529703881748e+03
2.086818108468663013e+03
2.391747726866633002e+03
2.603974014247565719e+03
2.701623429444141948e+03
2.687773563772394482e+03
2.568719820434461781e+03
2.530233900497361446e+03
2.512259292430363530e+03
2.478062884028105600e+03
2.453613540903157173e+03
2.498225505733662430e+03
2.434471817782377457e+03
2.283085589346939742e+03
2.111994649364342422e+03
1.946897317469527934e+03
1.829414280295440676e+03
1.749051388013352607e+03
1.642250587474798749e+03
1.540690333371120005e+03
1.490027829211005155e+03
1.484050875705221415e+03
1.553567344891229368e+03
1.617459863545834196e+03
1.728244789109421390e+03
1.914842607964631952e+03
2.159387354461332507e+03
2.353994327046859325e+03
2.435316629236467179e+03
2.418570428996554256e+03
2.317369920309122790e+03
2.295630631322177123e+03
2.259501872513239960e+03
2.233635821149333879e+03
2.275080879492658823e+03
2.394076950442498855e+03
2.405383852561666572e+03
2.325343816575633809e+03
2.198240798726325465e+03
2.064461667360251795e+03
1.970591974309396846e+03
1.855723319809722398e+03
1.732473857740231779e+03
1.636388148087896752e+03
1.558388902463366321e+03
1.542566828944321742e+03
1.605071721609421274e+03
1.640921224684933804e+03
1.706183729350446811e+03
1.823366833587478141e+03
1.975544761060887822e+03
2.094853184785827580e+03
2.154418359965083255e+03
2.152184457406520778e+03
2.099388163709764740e+03
2.046206798776851429e+03
2.008977437985972529e+03
1.976255175750041417e+03
1.965029895182848350e+03
2.093660055840153746e+03
2.153520479037190853e+03
2.142689287030647392e+03
2.098812762704435045e+03
2.027027415806482850e+03
1.961785959897855037e+03
1.871331915132472886e+03
1.743747999758200649e+03
1.646111536722034089e+03
1.572806398239275268e+03
1.558816346824439506e+03
1.626767721049562397e+03
1.721035160526656682e+03
1.843403022737810716e+03
2.062212111541991817e+03
2.350099991456109365e+03
2.579341568805955376e+03
2.695695233266971627e+03
2.687814728836459381e+03
2.579228271336523449e+03
2.565474456422692583e+03
2.542327780412295397e+03
2.495246000344248387e+03
2.465310284275559297e+03
2.523753495577732338e+03
2.502041578545729863e+03
2.441372542572012208e+03
2.227899128565747105e+03
2.184580585193974457e+03
2.041263982888583769e+03
1.961038425165332455e+03
1.824827165594228745e+03
1.709452567184931468e+03
1.635105236753483268e+03
1.621338932786636178e+03
1.694851442747404917e+03
1.782697713899974133e+03
1.928155333906491933e+03
2.196102004482756911e+03
2.519275017880769155e+03
2.771705617699447885e+03
2.879998838831272224e+03
2.876377668844633718e+03
2.776073007832164421e+03
2.760000394376524582e+03
2.753425808585152481e+03
2.707882762053253373e+03
2.630952910818353303e+03
2.641174474840436687e+03
2.571510871670383494e+03
2.433496411569111388e+03
2.287414093697799217e+03
2.147251375131888835e+03
2.066378611397604345e+03
1.997503480827131170e+03
1.914367897780695102e+03
1.822641917526496854e+03
1.694114014671417863e+03
1.666150191752975161e+03
1.722933396488810558e+03
1.814940693997767994e+03
1.953831642459916566e+03
2.207876769358759702e+03
2.550225511641126559e+03
2.799139178235020154e+03
2.861059643036194757e+03
2.816634193110638989e+03
2.713407632227825161e+03
2.693497098894810733e+03
2.698875456405038221e+03
2.679811054882277404e+03
2.633628405796560855e+03
2.652451331051967827e+03
2.565743703134734460e+03
2.395643185049730164e+03
2.244720171824772478e+03
2.115860341687817254e+03
2.036190720990375212e+03
1.924706281492427024e+03
1.776376388554049072e+03
1.660090187797725775e+03
1.576498517598824947e+03
1.547540420743232744e+03
1.614142334053196919e+03
1.700719943266678456e+03
1.869920274186705910e+03
2.115613096500838765e+03
2.408013565523530815e+03
2.644731488844304295e+03
2.726678035293370613e+03
2.708078858936244160e+03
2.610906406235019858e+03
2.588286890697172112e+03
2.575557085078055024e+03
2.547801990341743021e+03
2.485802652939801646e+03
2.508634360989045035e+03
2.452459204840646180e+03
2.339230700836463257e+03
2.164228087901792151e+03
2.118791071250571349e+03
1.908617096520235918e+03
1.832403566130931040e+03
1.702056289472121307e+03
1.605737827824819760e+03
1.537236083043388135e+03
1.515177960800159781e+03
1.582897862623488663e+03
1.682858184968396245e+03
1.832632939842434325e+03
2.096086620442452841e+03
2.389723497291663989e+03
2.628655113094840090e+03
2.720816618160301005e+03
2.696878260267744736e+03
2.566030067046393924e+03
2.504175617674700788e+03
2.513536628972410199e+03
2.489882970596366249e+03
2.444690963625738732e+03
2.456022008051495504e+03
2.407884695648407614e+03
2.291715681864044655e+03
2.163087370008924609e+03
2.021667728436472999e+03
1.902716963572147051e+03
1.774012096427738243e+03
1.648909187570418453e+03
1.547423135787687670e+03
1.480018223705111268e+03
1.479654325495778494e+03
1.545396853774587271e+03
1.634961862826414972e+03
1.748720966584554162e+03
1.945277432682653171e+03
2.209824336673048492e+03
2.438761823603439552e+03
2.534827429212967672e+03
2.538548161660798542e+03
2.411844602284636949e+03
2.380768754043862828e+03
2.396350583748690042e+03
2.385330856289865096e+03
2.355873973791721710e+03
2.401522761485417504e+03
2.369128877186490172e+03
2.273669479976866114e+03
2.120550483738642924e+03
1.985358607092815191e+03
1.885782854628799214e+03
1.775342447395388035e+03
1.665039574365443741e+03
1.571612667860983720e+03
1.504029259702334684e+03
1.485547896518231255e+03
1.550883960438493432e+03
1.599329739552387082e+03
1.641606137046783942e+03
1.730924434618177656e+03
1.857760184593548274e+03
1.978845705053654456e+03
2.043407496337091288e+03
2.040734655179843912e+03
1.975442542119619475e+03
1.925353312768435217e+03
1.893678936855248594e+03
1.875395431775771613e+03
1.904155461675752804e+03
2.032442593787628539e+03
2.073869205203983256e+03
2.055455454654616915e+03
1.994419831800005113e+03
1.911425534141081698e+03
1.834758589146724034e+03
1.727303825884376465e+03
1.627844261090406690e+03
1.536297266357147691e+03
1.469300304793352552e+03
1.452812863713656725e+03
1.510505317303532593e+03
1.606442957252942506e+03
1.774519612082353888e+03
2.040371805115059715e+03
2.330122754903190980e+03
2.552693304076306504e+03
2.649416485258720513e+03
2.641814483853808724e+03
2.517283766156216188e+03
2.481452220031703746e+03
2.475813555601728694e+03
2.455995653819456948e+03
2.426912768851889268e+03
2.459830148842073413e+03
2.390920801025378296e+03
2.244831603297979200e+03
2.131320707224822399e+03
1.962487214854219701e+03
1.863522562003423900e+03
1.752926021512717170e+03
1.639138549972540886e+03
1.545158887668899069e+03
1.474657533181146846e+03
1.467972056974612997e+03
1.534639432617368357e+03
1.613470598527140055e+03
1.760201535944752322e+03
2.038475477677114441e+03
2.320934189595248426e+03
2.544796461643635212e+03
2.610881482190331099e+03
2.588757449149216882e+03
2.488211450677119501e+03
2.480548418874360777e+03
2.503888065493911654e+03
2.477693904338796074e+03
2.422584047413565713e+03
2.442988628442348727e+03
2.392031364097329515e+03
2.272394892972753041e+03
2.133684415872196951e+03
2.006952813912534339e+03
1.915854043294596522e+03
1.796217642243873570e+03
1.669855539274709372e+03
1.582206232396922587e+03
1.514723373837857707e+03
1.509271062311987635e+03
1.573897230036895508e+03
1.679798906775973592e+03
1.834771417039633661e+03
2.106122492366024744e+03
2.389973108652738574e+03
2.620187534525643059e+03
2.712920414176120630e+03
2.686999723838036971e+03
2.607415629956334669e+03
2.583912310386980153e+03
2.575705676811192916e+03
2.542271441806244638e+03
2.517621164116255841e+03
2.525551722319657074e+03
2.449449558389191679e+03
2.324557196260828277e+03
2.193089572433423200e+03
2.080061716078594600e+03
1.982566270235053707e+03
1.895136577828736790e+03
1.768828786894875520e+03
1.670794622804923165e+03
1.612020650338145060e+03
1.596582551790686239e+03
1.659641723794684594e+03
1.754550882388334685e+03
1.915844572924931299e+03
2.183008179364261650e+03
2.486199591953845811e+03
2.718645939759147495e+03
2.815271858958743906e+03
2.778233545365264035e+03
2.645988515388125961e+03
2.593301346930598356e+03
2.599675697730197044e+03
2.581802456253285072e+03
2.566419414957376830e+03
2.574955700305014943e+03
2.512670045325739920e+03
2.417705707077766874e+03
2.294119926295729329e+03
2.179783581932005291e+03
2.103030939950139327e+03
1.948955461161744324e+03
1.806627491618186014e+03
1.689741499050564698e+03
1.613765660688950220e+03
1.598127987306395426e+03
1.658019974660861180e+03
1.745035176186016315e+03
1.901152588301284823e+03
2.158911656596133071e+03
2.443117605199721311e+03
2.634499978088483658e+03
2.679096456172078888e+03
2.648160318801265021e+03
2.492827440318900244e+03
2.407388474171402777e+03
2.384958525074478985e+03
2.378879171243177552e+03
2.361842633078008930e+03
2.426460504152494195e+03
2.408750397702991904e+03
2.288768312780612632e+03
2.156168965751238829e+03
2.031222061825165838e+03
1.940917151147924642e+03
1.788309424828808233e+03
1.665258371592375852e+03
1.578846821490309139e+03
1.519669020031446735e+03
1.525806416534642494e+03
1.584184869189738947e+03
1.643350980650400061e+03
1.771288046038468110e+03
1.957629371749927031e+03
2.235276937412230382e+03
2.416202140558734300e+03
2.535714838698637323e+03
2.507983004134835937e+03
2.381799356560502019e+03
2.296274729995955113e+03
2.299605847883692604e+03
2.298895135799849868e+03
2.321809771655104669e+03
2.414423135361339064e+03
2.408878106444771674e+03
2.240748603630294838e+03
2.074522926486552024e+03
1.934154122819955319e+03
1.805415702435443109e+03
1.687761505968869869e+03
1.594668825720536006e+03
1.515783277555583481e+03
1.457640843513699792e+03
1.467189821743131006e+03
1.523789245910116051e+03
1.588742851397894583e+03
1.652174716271787247e+03
1.773793134643079838e+03
1.893509916774445628e+03
1.986171686516807540e+03
2.027076570622590680e+03
2.024845296144132817e+03
1.958023793865379957e+03
1.862735686391168656e+03
1.789320355073739165e+03
1.751386031998454882e+03
1.770777402263645399e+03
1.897731291954500193e+03
1.942205063179951367e+03
1.927387007316249083e+03
1.890761474972908900e+03
1.802514532508575485e+03
1.724142818814336579e+03
1.602365625065195218e+03
1.508991686304935683e+03
1.418478228744093713e+03
1.378059020632870443e+03
1.395245735709366500e+03
1.469043761011166907e+03
1.570836364309740475e+03
1.737621066679896785e+03
2.042078636485144671e+03
2.308877568608570982e+03
2.461296944055884978e+03
2.519413308096405672e+03
2.468410451609085158e+03
2.430944208054167120e+03
2.325699886054516810e+03
2.279739039885864258e+03
2.253468624270395594e+03
2.249739561264038457e+03
2.247115418860521004e+03
2.294092123362133862e+03
2.099152724524515179e+03
1.938540408833068796e+03
1.791771480281488493e+03
1.669974257726134510e+03
1.532178931978882247e+03
1.433071237712810444e+03
1.378358300825546394e+03
1.354398385316006170e+03
1.360902660563536983e+03
1.437419089922877447e+03
1.532975321407084948e+03
1.734330516278793084e+03
2.047028672648527845e+03
2.313403716298710606e+03
2.534294130420953479e+03
2.576185152378049224e+03
2.531733732388980570e+03
2.417926051208929948e+03
2.385256346779490741e+03
2.363321390408884781e+03
2.336322976669341642e+03
2.312791617654338552e+03
2.357718687026643693e+03
2.329629110976841730e+03
2.197190538010586351e+03
2.029072337335641578e+03
1.864237123226949961e+03
1.712032140688899744e+03
1.569746001671065642e+03
1.459889413600128364e+03
1.386415789809920625e+03
1.338374538682291586e+03
1.344066362267599061e+03
1.424074109021844606e+03
1.532383800929198969e+03
1.726944331161997980e+03
2.027305344222638041e+03
2.317728691759144112e+03
2.540656770584982041e+03
2.619537303056552446e+03
2.589467441061818135e+03
2.480498678092980754e+03
2.436065137004336066e+03
2.411488006865913576e+03
2.383294499739683033e+03
2.364808678356087057e+03
2.411382125542394078e+03
2.360155674892872412e+03
2.235965476780108474e+03
2.076572960872738349e+03
1.892442783951626325e+03
1.750425903135143699e+03
1.597154382470223936e+03
1.468715377142004400e+03
1.393633115733639443e+03
1.351795364934584313e+03
1.361380556385239743e+03
1.443556705653732706e+03
1.572702862602833875e+03
1.776499635976200580e+03
2.066779048894682091e+03
2.354470283655229196e+03
2.570813285222502145e+03
2.650111759900356446e+03
2.616353573251869875e+03
2.490345364201873963e+03
2.463648464119574783e+03
2.434685329843982800e+03
2.401743050213827246e+03
2.378555706253583594e+03
2.421509324460961579e+03
2.363138556188683197e+03
2.234962233544038099e+03
2.064693011648063475e+03
1.896128285405178076e+03
1.747514814491772540e+03
1.609389749990407608e+03
1.489222377091669841e+03
1.406113322177254759e+03
1.370913379646011208e+03
1.377007250396400650e+03
1.467824864483054398e+03
1.565056408983096389e+03
1.766733692445809311e+03
2.051431758347022424e+03
2.359662290191741704e+03
2.578002430130006815e+03
2.662470069296858583e+03
2.668088386042732054e+03
2.513517907625069256e+03
2.459480946721525470e+03
2.445716603065372510e+03
2.423169077843682317e+03
2.382952520344354980e+03
2.435556805589393207e+03
2.386148573744097575e+03
2.235763155575982637e+03
2.053883967050202500e+03
1.880406694617014409e+03
1.744846168991654395e+03
1.644638676827917607e+03
1.541134990102703341e+03
1.459612654341228108e+03
1.412010162494336328e+03
1.415448038125864286e+03
1.486943927152031847e+03
1.580772076612940054e+03
1.716694174247051251e+03
1.947767525894345454e+03
2.208579392080709113e+03
2.431849062585068168e+03
2.506927146672328945e+03
2.476354420022209069e+03
2.330663167488631188e+03
2.281898810183734895e+03
2.277602129093357689e+03
2.263846452220345327e+03
2.249919884490487220e+03
2.343467389426038153e+03
2.346742108104981980e+03
2.204238314543973956e+03
2.044659425504735964e+03
1.859198139616130675e+03
1.708154180099828864e+03
1.622240719380595920e+03
1.529339512135853738e+03
1.444944948745169086e+03
1.397354844267804992e+03
1.388260048289483166e+03
1.452479481367501421e+03
1.498366650964304881e+03
1.551325420729376901e+03
1.702185107365691010e+03
1.849927427514443480e+03
1.963647503141882908e+03
2.005167917764669710e+03
1.996005133846879744e+03
1.929531755647821001e+03
1.865271999104357747e+03
1.802456527938967838e+03
1.785500389235654893e+03
1.819309099217287667e+03
1.976261385338848186e+03
2.039450020908944680e+03
1.982895744677533003e+03
1.906321570282845187e+03
1.785835284158652485e+03
1.683844381468429447e+03
1.611151099895436118e+03
1.496908267597567828e+03
1.412634378322383327e+03
1.360638099935765013e+03
1.359416748268718948e+03
1.439585798212314785e+03
1.538885880487063332e+03
1.719244156064083199e+03
1.964716746209233634e+03
2.241536584844786375e+03
2.442894698996731222e+03
2.513263169987643323e+03
2.474014756987802684e+03
2.327922713269785618e+03
2.292476670403016669e+03
2.285311194565180813e+03
2.271828308267184639e+03
2.264839201684835643e+03
2.322667108098792141e+03
2.293805952085776880e+03
2.155584768549449564e+03
2.003846968874272079e+03
1.789203893919353050e+03
1.659522655901272856e+03
1.532222783353453224e+03
1.425447163507336654e+03
1.352180493376939467e+03
1.306618280410549914e+03
1.309566912951583845e+03
1.391505933387537425e+03
1.525892788132721989e+03
1.709267312980523229e+03
1.983339447873200015e+03
2.243859563192022961e+03
2.417746056145063903e+03
2.467443985752462140e+03
2.422112533953547882e+03
2.290628238161197260e+03
2.243270860896935574e+03
2.243996047700573854e+03
2.243661717429209602e+03
2.236128976586263434e+03
2.302601792163871778e+03
2.281400068533174363e+03
2.156135712841726217e+03
1.965461127648761021e+03
1.743092430186365846e+03
1.610443901864068266e+03
1.463043171901357709e+03
1.358516118404598501e+03
1.285848128760510690e+03
1.243178830230011499e+03
1.257016357687109803e+03
1.347461245948592023e+03
1.474116424249113606e+03
1.665348832029359983e+03
1.941139500460711361e+03
2.209555314073268164e+03
2.408909626544056664e+03
2.482714948791165625e+03
2.459601621434000663e+03
2.328322696533127782e+03
2.295455280107652470e+03
2.288008952005332503e+03
2.258358254064015455e+03
2.239730793825509863e+03
2.309488374765727258e+03
2.284321750991254248e+03
2.143876946077758930e+03
1.973247673722618629e+03
1.778602191455971479e+03
1.614136744369686767e+03
1.470821775853279860e+03
1.367307298013473655e+03
1.295835234763356539e+03
1.255327184551196069e+03
1.273413224980572750e+03
1.355044317069556200e+03
1.501763444756223862e+03
1.678985119132561977e+03
1.945631834946619392e+03
2.229420084517972100e+03
2.422590520909366660e+03
2.493930124842147507e+03
2.453969225653959711e+03
2.315421969711688689e+03
2.291165003369364513e+03
2.288047209561801083e+03
2.273976097270399805e+03
2.268285699248855963e+03
2.321181907764730568e+03
2.336052044225548343e+03
2.174057744441623981e+03
1.958449645374179454e+03
1.761816082300821790e+03
1.642038796518018671e+03
1.507837131918575096e+03
1.392222857891714511e+03
1.323304345823667973e+03
1.284991948078271662e+03
1.294610756836669225e+03
1.390516797494481580e+03
1.496015318026926934e+03
1.621112571249107759e+03
1.803874010493686683e+03
2.023486456663612671e+03
2.213251112831419960e+03
2.305403866011954051e+03
2.290489798086148312e+03
2.166948616807203052e+03
2.102568601862261858e+03
2.088481622575311121e+03
2.087667167105872068e+03
2.111717529275044399e+03
2.241212797024872089e+03
2.281797803050857510e+03
2.163547155767917957e+03
2.023809481388462700e+03
1.861812429490417799e+03
1.717603030392341907e+03
1.585944665709952005e+03
1.471301846259881813e+03
1.391044986968286594e+03
1.344106417195041786e+03
1.346381676489186248e+03
1.427095660109745268e+03
1.542103151216297874e+03
1.668928145243000699e+03
1.878464640809461116e+03
2.127177597393239921e+03
2.342011773127076594e+03
2.420336724573512129e+03
2.398507838931037440e+03
2.266380807573576021e+03
2.219414472090311847e+03
2.192034889459209353e+03
2.180793390619515321e+03
2.188818148352453591e+03
2.297652196162649034e+03
2.320914654338664604e+03
2.218220801279680927e+03
2.071406702463134934e+03
1.912378810305724528e+03
1.768512622225326595e+03
1.665257365053194462e+03
1.550165135210256949e+03
1.474160267608028335e+03
1.424853651270297860e+03
1.427175743799504062e+03
1.498972043297424989e+03
1.580215776269421212e+03
1.659789998660713081e+03
1.782778443353257217e+03
1.916851581355244889e+03
2.043049955938803350e+03
2.108761637905306543e+03
2.080822112233758162e+03
1.997662669142047207e+03
1.901564753460977272e+03
1.845614809771007003e+03
1.818486451469652138e+03
1.836342947574236405e+03
1.965779375183275533e+03
2.047381960675759274e+03
2.026041364066134520e+03
1.947046626493628082e+03
1.828680218740146302e+03
1.712578102191026801e+03
1.582065182530638594e+03
1.478192169393658332e+03
1.409386819663277265e+03
1.352203858571076807e+03
1.359134648981264263e+03
1.435859263226299618e+03
1.543386703959098668e+03
1.708510319472202809e+03
1.960493391459271152e+03
2.233371063223201418e+03
2.418767227460275535e+03
2.493803703914046309e+03
2.438922406578552909e+03
2.293878562058885564e+03
2.225849223225530295e+03
2.197227479742774449e+03
2.190346734287379149e+03
2.166355107710319771e+03
2.223899965161256659e+03
2.192704942225642753e+03
2.050513146882417004e+03
1.863592684312585334e+03
1.672513762308605237e+03
1.530375775938432525e+03
1.390848054514248815e+03
1.276886821507132254e+03
1.213952683464567372e+03
1.196733426501723898e+03
1.212052226868879416e+03
1.301187630643289822e+03
1.434664690495245395e+03
1.625893751986397319e+03
1.896316563966804097e+03
2.174670476128197151e+03
2.365273982379963854e+03
2.415670846449523196e+03
2.370282883831511299e+03
2.239720029894866911e+03
2.190772254324359437e+03
2.172219138518360523e+03
2.168313453194223257e+03
2.171642163618319501e+03
2.240525159524207993e+03
2.231177733181512394e+03
2.139839810603931710e+03
1.954717856391786199e+03
1.750378608526671314e+03
1.577930181589380936e+03
1.368891667147621774e+03
1.261981297515650567e+03
1.200922215986752235e+03
1.170642845123092229e+03
1.184004115730665490e+03
1.276595711335273563e+03
1.415498716642551244e+03
1.600799523041198654e+03
1.881891760634336606e+03
2.160047526451470276e+03
2.362231075382661857e+03
2.449670813107673894e+03
2.421291430555448642e+03
2.283408925156131772e+03
2.230486996051287406e+03
2.203344690862112657e+03
2.188261079286339282e+03
2.184082584285371013e+03
2.245633671799517742e+03
2.235922501814423867e+03
2.157352667527097765e+03
1.965582273865296656e+03
1.760735031314488651e+03
1.594047977794009284e+03
1.432382890642871644e+03
1.314068610709784480e+03
1.253114777009601539e+03
1.211465645948028850e+03
1.234261316384029669e+03
1.332378639849785031e+03
1.468101522166970653e+03
1.658909855083692491e+03
1.935965944853646079e+03
2.227222611631053496e+03
2.450078327125566375e+03
2.523916937884378058e+03
2.499337949974640196e+03
2.364608080396750211e+03
2.335804813617692162e+03
2.302555390083049588e+03
2.288936642962833503e+03
2.274703030664736616e+03
2.347903823298759562e+03
2.310559370097762439e+03
2.174840980241920988e+03
1.997482745432045476e+03
1.815693859200943052e+03
1.674105064482571834e+03
1.542890495221686024e+03
1.446745102134038689e+03
1.370916807175063468e+03
1.330324459035258087e+03
1.338954075961655690e+03
1.427567347193070418e+03
1.537999225888462206e+03
1.688085725485386320e+03
1.910409309327109213e+03
2.151768536603116445e+03
2.374957416201818887e+03
2.468082005529268827e+03
2.476613802510075402e+03
2.345101953504624817e+03
2.264063271142794747e+03
2.198565411287581810e+03
2.162975373510525969e+03
2.165941306193431046e+03
2.244463883739063021e+03
2.240734177849939442e+03
2.143070768216123724e+03
2.018886763374781140e+03
1.868308080266547677e+03
1.739583050802253410e+03
1.606384756781033957e+03
1.490883536891824633e+03
1.415641927011290818e+03
1.372010896713377633e+03
1.378962947179654520e+03
1.468359285724164920e+03
1.571621067717200958e+03
1.729294053281055994e+03
1.965421601868857806e+03
2.242819655287401019e+03
2.471768121125125617e+03
2.551994914912650529e+03
2.504521087284131227e+03
2.352862947792966679e+03
2.283833248247859046e+03
2.231653988619180382e+03
2.200473498514375024e+03
2.172881640731114203e+03
2.250902206657483930e+03
2.247001966777560028e+03
2.117421604117166225e+03
1.952718074926340478e+03
1.776942477099960797e+03
1.636676561198691161e+03
1.524835128226646702e+03
1.425853221115974293e+03
1.361280324315283906e+03
1.332160893064700304e+03
1.340551263924231762e+03
1.422461135868260953e+03
1.516369328518145039e+03
1.596371874485218541e+03
1.726552883760998157e+03
1.862580624214394447e+03
1.989533272430770694e+03
2.047158478485122487e+03
2.020898163138373548e+03
1.915822393966883965e+03
1.820755657097884523e+03
1.742421404588423002e+03
1.692767129352383108e+03
1.707833533608793687e+03
1.847673449082668867e+03
1.927853680324216839e+03
1.884873137720651812e+03
1.799177327164634562e+03
1.669049792707089637e+03
1.553576318982446310e+03
1.452309413200325935e+03
1.361286525931849837e+03
1.300956104329058689e+03
1.267297043315850942e+03
1.288197704182673078e+03
1.367706203686809886e+03
1.499494910997747866e+03
1.714573466700295739e+03
2.030937423168757960e+03
2.313420226755449221e+03
2.489049551191915725e+03
2.545927487888502128e+03
2.474914677165659668e+03
2.312245766674584956e+03
2.242392661908436821e+03
2.213959215049856994e+03
2.199159051270164127e+03
2.174253570310999294e+03
2.224911902869406731e+03
2.222097664921982869e+03
2.100399190944980546e+03
1.930555625598383585e+03
1.738098012433322538e+03
1.566470807810979068e+03
1.423590037636753550e+03
1.320359477580027942e+03
1.254855849155878104e+03
1.228178187606107713e+03
1.249054145279176510e+03
1.345220673569122027e+03
1.489698671456051670e+03
1.708882483600469186e+03
2.018178048653277756e+03
2.300488673879314774e+03
2.462952611103832169e+03
2.525852980772122010e+03
2.491896577782240911e+03
2.333921844739106291e+03
2.257059402972222415e+03
2.209517410143289908e+03
2.195446225954577130e+03
2.189360592964102125e+03
2.250965771491751184e+03
2.232892283758600570e+03
2.100814820810594028e+03
1.892348956891297803e+03
1.703719951004831046e+03
1.580278957666764654e+03
1.439706125772469022e+03
1.329718579270014743e+03
1.262326097286321556e+03
1.226395425323771633e+03
1.237546022879457951e+03
1.329928778729881969e+03
1.472096725303185849e+03
1.691234838569336944e+03
1.992304887051472861e+03
2.263670114819664377e+03
2.437835942002156116e+03
2.498135356718310049e+03
2.453373582586611064e+03
2.319401454546413788e+03
2.258622796210947854e+03
2.232447417150103320e+03
2.219300754593918100e+03
2.196943301347653687e+03
2.286880882482776087e+03
2.255127457512556703e+03
2.114356379316503535e+03
1.939105142986652254e+03
1.747558072842818092e+03
1.567719367159200146e+03
1.433876527277004470e+03
1.327127714936244502e+03
1.265757518078293742e+03
1.236242275814176310e+03
1.252700463231084541e+03
1.354760026597492697e+03
1.493930335015175615e+03
1.719695543096284155e+03
2.022817297817100325e+03
2.306670881110527716e+03
2.495494256791528642e+03
2.553339850841084171e+03
2.520534593516422319e+03
2.362368007088862214e+03
2.310995808669131748e+03
2.291442039598124666e+03
2.276420559448223685e+03
2.269508973906527444e+03
2.320045220973143387e+03
2.282305235030763924e+03
2.132148400237365877e+03
1.993933289240707836e+03
1.830940940762862738e+03
1.688271920545235616e+03
1.553294609214472530e+03
1.435692009474004408e+03
1.367580768010070187e+03
1.334665596835671977e+03
1.347816067107085019e+03
1.441035590424233988e+03
1.595353800619786398e+03
1.801200834559730765e+03
2.103618107818163026e+03
2.416322665218943257e+03
2.617051950264068182e+03
2.680549495230842240e+03
2.642281084987262602e+03
2.457142429340584385e+03
2.358331909516755331e+03
2.341716700029308868e+03
2.318278986127129883e+03
2.302186805566353542e+03
2.352058480563581725e+03
2.335623458672854213e+03
2.199596700907051854e+03
2.043495877208762977e+03
1.865156372115703107e+03
1.717783451558578918e+03
1.585463515197781362e+03
1.469165365493976878e+03
1.393239277074179427e+03
1.345695775058351501e+03
1.360235750645849521e+03
1.443106025660013302e+03
1.556623116557243975e+03
1.705946836087530983e+03
1.935180086219583472e+03
2.208037922450860606e+03
2.412843422104978345e+03
2.504229574499005139e+03
2.469030073057969730e+03
2.342785361080487291e+03
2.273570760912113201e+03
2.206516519132499980e+03
2.158463027715377393e+03
2.153418244997492366e+03
2.251062369254316764e+03
2.282741215024990652e+03
2.224158389775127489e+03
2.087936482361134495e+03
1.911902263700554158e+03
1.759431057776349462e+03
1.621987847347292472e+03
1.505061149685914415e+03
1.424226026203892388e+03
1.382742837314865028e+03
1.382007345566681124e+03
1.458659071926375645e+03
1.539643965690094319e+03
1.632057909932423172e+03
1.763811433191701099e+03
1.923632308532884508e+03
2.079815314235859660e+03
2.147881465098716944e+03
2.154313660855494163e+03
2.077789914269970268e+03
2.004918778669670246e+03
1.937397546962463139e+03
1.879669693107027797e+03
1.884816971438816154e+03
2.023635711674963204e+03
2.106177745854198747e+03
2.090497713353373456e+03
2.037362072716668763e+03
1.937397012954660795e+03
1.834620478929513411e+03
1.825485895495762179e+03
1.736541235529689857e+03
1.653705705851724815e+03
1.568225686979855936e+03
1.538293573288705375e+03
1.602660178824282411e+03
1.716707871319512378e+03
1.909004150407436555e+03
2.209542742159831960e+03
2.525083621764737472e+03
2.762258418203360634e+03
2.845972030578547674e+03
2.791839228161017672e+03
2.640558391171748553e+03
2.610532881186415125e+03
2.576922518199521619e+03
2.543012842690219713e+03
2.507268852757924378e+03
2.481517038330197465e+03
2.463163949311820488e+03
2.382987099618253524e+03
2.195593793740619731e+03
2.044900125566593942e+03
1.938297371841133554e+03
1.818849241601460108e+03
1.694183736897291737e+03
1.597701238052891540e+03
1.540052540195548772e+03
1.532034394192792433e+03
1.599705261921394367e+03
1.712646593559691837e+03
1.917531404917800501e+03
2.213783342402573908e+03
2.526508395115116855e+03
2.761932062439206220e+03
2.854467665913751716e+03
2.830339960062460250e+03
2.690900025282208389e+03
2.639188034281004548e+03
2.620815550595803415e+03
2.561490565763434461e+03
2.467467078274811229e+03
2.442667648253116568e+03
2.415040938528279185e+03
2.280869046418787548e+03
2.124295620569882431e+03
1.965573636108920482e+03
1.848297457439301070e+03
1.723354628515088734e+03
1.593349322167832270e+03
1.509692369351527532e+03
1.458930199692022370e+03
1.456948933809397658e+03
1.542640851223368827e+03
1.675836698510424185e+03
1.850021996206167387e+03
2.118935536352329109e+03
2.409848558565188796e+03
2.639735393637330617e+03
2.720955097669785573e+03
2.687126222849111400e+03
2.543220252229118614e+03
2.483363817748460860e+03
2.455974320012575845e+03
2.429700529263386670e+03
2.355373686431406895e+03
2.318528528035985801e+03
2.312994931871143763e+03
2.205489023538792935e+03
2.056709598106115209e+03
1.914680177322601594e+03
1.792885464794282598e+03
1.674144847921533483e+03
1.551973548879538384e+03
1.459223521250413114e+03
1.413117752324521916e+03
1.410437758167420270e+03
1.500071718029212661e+03
1.639267035116897205e+03
1.803543372915730515e+03
2.091831700808980258e+03
2.397036294258193266e+03
2.612791405866724745e+03
2.691015803249755209e+03
2.670498154206400159e+03
2.505034919724705560e+03
2.423776685672413350e+03
2.379560769154369154e+03
2.344707862786061469e+03
2.284024023466629842e+03
2.304843411848082724e+03
2.312712343628680173e+03
2.190492155004210872e+03
2.025809372478643354e+03
1.852903316376946805e+03
1.712097574536295951e+03
1.572880814242358383e+03
1.454336531904793674e+03
1.387853830332513553e+03
1.339700677164855279e+03
1.340677938184946697e+03
1.425564920279373837e+03
1.537011929453559333e+03
1.692899422575827202e+03
1.928573013588148342e+03
2.184576049616508953e+03
2.384804488883539307e+03
2.446801458515579270e+03
2.406912619079494561e+03
2.277028832139558290e+03
2.232167461609241855e+03
2.208608393645700289e+03
2.186999237069679566e+03
2.170997527823326891e+03
2.226357581522323926e+03
2.254012379218551359e+03
2.156501358082828574e+03
2.017398936562431572e+03
1.852714622408363084e+03
1.701903419992211411e+03
1.568396632310227233e+03
1.461471813604194040e+03
1.385931359686316455e+03
1.322514251352930160e+03
1.328628549469783820e+03
1.400470841177989314e+03
1.491243964931152277e+03
1.581199555292800369e+03
1.714358744518282037e+03
1.859173183240453000e+03
1.978668361666414739e+03
2.046300459484980820e+03
2.028098805531097014e+03
1.915962665855344767e+03
1.832581411383338946e+03
1.803652134667603832e+03
1.784001937777640251e+03
1.768071588355225003e+03
1.878154064333906263e+03
1.973265909236217112e+03
1.966965732738884526e+03
1.911471180201196603e+03
1.801576880861467544e+03
1.692145720055686752e+03
1.584156172685620731e+03
1.477253275581908383e+03
1.394872172068060308e+03
1.356816403834401171e+03
1.365234625574165420e+03
1.454720729830251685e+03
1.588022633908628677e+03
1.802519393298923433e+03
2.103415642249154644e+03
2.406728389279336170e+03
2.603434396400678907e+03
2.661586094400838647e+03
2.609282658896736393e+03
2.488216746372438138e+03
2.440288884447988039e+03
2.420097090551420024e+03
2.393163197283879526e+03
2.358790307064950412e+03
2.353229279890772887e+03
2.314800389673413520e+03
2.205706549282195283e+03
2.047774733318800372e+03
1.871264412795113685e+03
1.713040042643158131e+03
1.573868761789861765e+03
1.461415503732824163e+03
1.386858371524164795e+03
1.345729605638566682e+03
1.359947115559276426e+03
1.447599079053934020e+03
1.587113619104236022e+03
1.794518348057618596e+03
2.091596358159076317e+03
2.380036542873916005e+03
2.583318732957056909e+03
2.659284173700556039e+03
2.632351794057166899e+03
2.508669031079341948e+03
2.474545433511082592e+03
2.457233444635657634e+03
2.441093695718866911e+03
2.390330754620490552e+03
2.399005245661536719e+03
2.401859304563899968e+03
2.281652627614148514e+03
2.120866871805934352e+03
1.948571021155341896e+03
1.787620487640368992e+03
1.652931102914915527e+03
1.534164249503438214e+03
1.446224598900592582e+03
1.405880732955928579e+03
1.412711042494047206e+03
1.495083337602623260e+03
1.612664462607918949e+03
1.799594373591711019e+03
2.100085256013795515e+03
2.384809791536005378e+03
2.587385131994686162e+03
2.657438578967272406e+03
2.641619095727026433e+03
2.503796143762652719e+03
2.457544170367753850e+03
2.439406708429933587e+03
2.424994142693580216e+03
2.371552566715336525e+03
2.376455840845233524e+03
2.360883561135975924e+03
2.227867735412368347e+03
2.052005732601667660e+03
1.859552414823260733e+03
1.705453364895857931e+03
1.584481016527040083e+03
1.478449584208950000e+03
1.398611364271899902e+03
1.360145902000986098e+03
1.371149465226645589e+03
1.459086263435514184e+03
1.587219820927605497e+03
1.766411361077606898e+03
2.053223851335189920e+03
2.330070533173076456e+03
2.475508584232961311e+03
2.550434820967664564e+03
2.525990496959779193e+03
2.380143152644636757e+03
2.339430779358466680e+03
2.319059380003877777e+03
2.290815599332339843e+03
2.273836347304857554e+03
2.303746681330583669e+03
2.317289279122835978e+03
2.206831514021632302e+03
2.053406918757931180e+03
1.872416892703921576e+03
1.725272184660492258e+03
1.582519693506127851e+03
1.456606044314274186e+03
1.377406347385619483e+03
1.332061392418189598e+03
1.348102578637793385e+03
1.435134403299667156e+03
1.563879263704095138e+03
1.751727553592325421e+03
2.037340802995199510e+03
2.321288924396542370e+03
2.526512320773364081e+03
2.597075028724990261e+03
2.587975565719317274e+03
2.448559582603091712e+03
2.392106852763351526e+03
2.370719210353267499e+03
2.358646608214728076e+03
2.327008630472663754e+03
2.355719654048624307e+03
2.357986714116036637e+03
2.234282251870953132e+03
2.073336199122583821e+03
1.894053196713296757e+03
1.742028084757311717e+03
1.592898568804944716e+03
1.479568894605680498e+03
1.405451936628918702e+03
1.365116235172939241e+03
1.372550497254073207e+03
1.470109270109648151e+03
1.567523541463219544e+03
1.693962629099818969e+03
1.907096425971167491e+03
2.154347757190050743e+03
2.365502382283419138e+03
2.451172926136745446e+03
2.425559366725531618e+03
2.291867156167203575e+03
2.242909969068785358e+03
2.225932936598096148e+03
2.196948260248263523e+03
2.187799603338574798e+03
2.263761935422464830e+03
2.311792492171648064e+03
2.243671804774021439e+03
2.106580178530652574e+03
1.938589024717074381e+03
1.798016549999626477e+03
1.645259407056196778e+03
1.529226473338519554e+03
1.459903650860821244e+03
1.412934502227549956e+03
1.401951152144487651e+03
1.466642297784757147e+03
1.532757759267250094e+03
1.611939610080988359e+03
1.752265642630777847e+03
1.890848346319811526e+03
2.013469151646448381e+03
2.071838248448343620e+03
2.060817948056987916e+03
1.982483016289598709e+03
1.906418747329784992e+03
1.861058893965056996e+03
1.832457500257701895e+03
1.803944021474998635e+03
1.887530282282458302e+03
1.989122689278756752e+03
1.953581540393415253e+03
1.880300264153400576e+03
1.751835966640853485e+03
1.626809352475807827e+03
1.518474533246669353e+03
1.422171644081374325e+03
1.353283603195295655e+03
1.305700618506832598e+03
1.311751922608046925e+03
1.397641875811002137e+03
1.517437166321832592e+03
1.710606277812505596e+03
2.014743095660639256e+03
2.276891563924564252e+03
2.454618607349418653e+03
2.516625038858482640e+03
2.483646318942937796e+03
2.355827163928959180e+03
2.304530986697529897e+03
2.268266793379639239e+03
2.254251267775318865e+03
2.224687959810403754e+03
2.262985224647756240e+03
2.282967041671585321e+03
2.162008678408898049e+03
1.994455617210936680e+03
1.805672106217594546e+03
1.638047867024110928e+03
1.503075360461556556e+03
1.400868801475196506e+03
1.323328481441893246e+03
1.271447860404529365e+03
1.284040078532332018e+03
1.368472109592719107e+03
1.481442978269961486e+03
1.591326275482216261e+03
1.748130730847512723e+03
1.866990704984970080e+03
1.916204187014866420e+03
1.921694213498466979e+03
1.904601144635432320e+03
1.798526347721156071e+03
1.718827172702915959e+03
1.678114990066801283e+03
1.672834155128890416e+03
1.706524523320685375e+03
1.827738673227735035e+03
1.944663315492707397e+03
1.918982113466868668e+03
1.837048734907001744e+03
1.689454261609908372e+03
1.544662685092904212e+03
1.403758340174638533e+03
1.299776136763043269e+03
1.232135514198637338e+03
1.198265707413974269e+03
1.208889232870805927e+03
1.297911660702843392e+03
1.427090280556795506e+03
1.642351559638498884e+03
1.951747565912679647e+03
2.241027156621486938e+03
2.425438729703810623e+03
2.468170847567665987e+03
2.419249935529610411e+03
2.301905763437261157e+03
2.240212006868829576e+03
2.234079334456130709e+03
2.233960106460609950e+03
2.214102643827808151e+03
2.244674728288798178e+03
2.250361188654788748e+03
2.118000690543220571e+03
1.945928480433991581e+03
1.740005481542707230e+03
1.552740004717617239e+03
1.397088508597780447e+03
1.291704047998168335e+03
1.222674508198538888e+03
1.176760678926846822e+03
1.198176204444212772e+03
1.297471116836612055e+03
1.445414720621233982e+03
1.662137086078760831e+03
1.966579625397664358e+03
2.252175393197819176e+03
2.435986483846198553e+03
2.513230864560483042e+03
2.480002802373662234e+03
2.327276741556512206e+03
2.287407250744040539e+03
2.265128192462499555e+03
2.251851870012191284e+03
2.225700306320178697e+03
2.239237944570547825e+03
2.254547401089334016e+03
2.149201708218798103e+03
1.975620296329683242e+03
1.772004766539110506e+03
1.581200897934738350e+03
1.415967980544305874e+03
1.297006520179130348e+03
1.236893184877434351e+03
1.216407608236705755e+03
1.241365275590687133e+03
1.342778364966973413e+03
1.488696444447514978e+03
1.714088629232020594e+03
2.024752885511798695e+03
2.301485275085866760e+03
2.482834108986941374e+03
2.543930418329245640e+03
2.522560813265027264e+03
2.385077162129779026e+03
2.321408085961964844e+03
2.299488976974487741e+03
2.273106918861074064e+03
2.255013400220619587e+03
2.274592552457229431e+03
2.298093574511394763e+03
2.193498807000404668e+03
2.033300044378141820e+03
1.826492284753186595e+03
1.623931967267685650e+03
1.443430789007755948e+03
1.331901627114528992e+03
1.268971534397559026e+03
1.233670070350555761e+03
1.260582566285065695e+03
1.346671854866357307e+03
1.463942215803998579e+03
1.640045533462887079e+03
1.903578911640602655e+03
2.179872961413649591e+03
2.374192097542074862e+03
2.449505189161027829e+03
2.397606977219053988e+03
2.270490218475611073e+03
2.195548431770824664e+03
2.167832325346535072e+03
2.160875932006231324e+03
2.156784504217173435e+03
2.208640697984614690e+03
2.238909425060564445e+03
2.139697662466064230e+03
1.971103683952593656e+03
1.765528298817484711e+03
