1.511597783870142848e+03
1.494106881516884414e+03
1.554978552608519294e+03
1.616869580248149077e+03
1.768342158567445495e+03
2.030567827857234988e+03
2.316968185771911521e+03
2.543253948124435283e+03
2.639996813697288871e+03
2.657951673789062625e+03
2.564715858516208755e+03
2.561563422456005355e+03
2.551966762807904615e+03
2.452913079537671820e+03
2.341323356893867640e+03
2.291946180388590619e+03
2.302318150268116824e+03
2.214378080207808580e+03
2.198316018764372075e+03
2.189632929242441605e+03
2.116650693026609133e+03
2.025895344660236333e+03
1.869238647784756495e+03
1.745350021495952205e+03
1.621118154997800502e+03
1.577533700448381069e+03
1.629959188912730497e+03
1.667069083754873873e+03
1.745827638163211077e+03
1.949934518734666653e+03
2.221096993419572300e+03
2.450875782072540460e+03
2.575036020164779529e+03
2.543885560344343503e+03
2.466991113500317624e+03
2.474963268385857646e+03
2.456687095564957417e+03
2.410275801081174905e+03
2.316665027438185462e+03
2.260024245135013189e+03
2.340395802780393751e+03
2.304621714044460987e+03
2.296252396642864824e+03
2.311930033506989275e+03
2.322330391162143314e+03
2.242130956518473340e+03
2.059847440880781505e+03
1.901246549958471178e+03
1.814242081873715506e+03
1.768058060327971134e+03
1.760729207314361929e+03
1.733585064696415884e+03
1.743185338789266098e+03
1.829792005216483403e+03
1.961430110920238349e+03
2.114016501524970863e+03
2.200552170310949350e+03
2.222246346533576343e+03
2.186031421779795437e+03
2.163684273384053995e+03
2.139186389335349759e+03
2.048863050850116906e+03
2.000435367848572241e+03
2.052394233335674926e+03
2.198459157883964053e+03
2.240703001919679082e+03
2.184500845977708195e+03
2.167810478107523522e+03
2.153575555261151294e+03
2.099308463029506584e+03
1.941726230461031037e+03
1.835117285721197732e+03
1.742535279817398759e+03
1.671620728859887095e+03
1.679537542569356219e+03
1.688332466277819094e+03
1.788332114718657976e+03
2.008152298913383447e+03
2.282106903528447219e+03
2.516483121354833202e+03
2.632533781293601351e+03
2.636482766654629813e+03
2.546970767192899984e+03
2.540544829152005150e+03
2.499664166100554212e+03
2.438036549897309669e+03
2.335927209295469311e+03
2.298729377562101035e+03
2.327638306427585576e+03
2.227094304157169063e+03
2.211442929181836462e+03
2.170198064431572675e+03
2.139577926358863351e+03
2.047851885806996961e+03
1.888405942306550969e+03
1.786528278341327223e+03
1.706045421843366057e+03
1.672968960261763868e+03
1.708186901256485953e+03
1.731115053129791022e+03
1.846427158753759159e+03
2.078021480740479547e+03
2.369557046405865094e+03
2.568890334619347868e+03
2.669843403209213193e+03
2.615166897490541487e+03
2.567369205370376676e+03
2.587002979191693157e+03
2.570425820319319428e+03
2.527831456774605158e+03
2.413442358200704803e+03
2.309043823867187712e+03
2.305436082137742233e+03
2.245416813180004283e+03
2.215759859911829153e+03
2.231017389800882484e+03
2.237400012625629188e+03
2.139326272635490568e+03
1.964580169562088258e+03
1.844941128733572214e+03
1.763327821478677606e+03
1.716047482887026263e+03
1.718690902108196269e+03
1.740250881650837982e+03
1.849101720907951403e+03
2.077948495070231274e+03
2.396222443373817896e+03
2.630149798396888855e+03
2.730915570187756202e+03
2.709867344733047503e+03
2.670706400135627518e+03
2.699243153651472767e+03
2.732653061345792139e+03
2.612936501072981173e+03
2.476236274852563838e+03
2.433543722757060550e+03
2.444476597451239286e+03
2.348824097379434079e+03
2.257390509843955442e+03
2.253036859318495317e+03
2.251694859588620602e+03
2.141815584889681304e+03
1.980740852139644630e+03
1.853260025479504975e+03
1.767745138227180405e+03
1.734219524621055371e+03
1.733707448828652787e+03
1.739288900460255036e+03
1.841855043540569568e+03
2.069937750011298249e+03
2.335037225656337796e+03
2.556480472602700956e+03
2.687438312228850918e+03
2.650595199990272704e+03
2.591543752768166087e+03
2.604440732547685457e+03
2.598091098667054212e+03
2.547939737518921447e+03
2.429535448650702619e+03
2.397258639006754038e+03
2.362304403021143571e+03
2.279374186878776527e+03
2.250313811626359893e+03
2.260311288008373594e+03
2.273855003805067554e+03
2.167955474699824663e+03
1.994653536343332235e+03
1.875325705965883117e+03
1.794934295854279299e+03
1.751086981589348625e+03
1.765946593476772705e+03
1.772302167839696040e+03
1.876203335064843259e+03
2.112276851475685817e+03
2.382794369851146712e+03
2.634163135115486057e+03
2.794990647321133110e+03
2.806755082023893920e+03
2.717435610729868586e+03
2.725705253669090325e+03
2.679425272302575650e+03
2.555380725151460865e+03
2.413307739909086649e+03
2.323805048201213594e+03
2.267909870354207669e+03
2.131656575905749833e+03
2.082093062797868697e+03
2.064519960183464264e+03
2.055109057089000089e+03
1.976388336503533992e+03
1.844246363874351118e+03
1.747467821114049684e+03
1.669125759037490525e+03
1.631208916203086346e+03
1.654379627003090491e+03
1.675528365222534831e+03
1.738388133304422809e+03
1.897964246117815492e+03
2.140908293097947990e+03
2.359079205038330656e+03
2.458462039325469050e+03
2.428357155675598733e+03
2.335642379289004111e+03
2.304295273378323600e+03
2.251247413579157183e+03
2.154998093154992603e+03
2.117653504344677003e+03
2.149981414681603837e+03
2.181657551072607930e+03
2.121346805518638575e+03
2.048833305969887078e+03
2.011551960940431854e+03
1.992064473468208917e+03
1.920624119496709000e+03
1.800327742590151274e+03
1.696619111233268313e+03
1.632496808075591616e+03
1.587475152306217524e+03
1.602687459314160833e+03
1.607684947338406346e+03
1.641181405619917996e+03
1.743858398436483867e+03
1.880871585999573426e+03
1.978476019275958834e+03
2.048270779133924862e+03
2.040081514875615312e+03
1.991727915772173446e+03
1.952021531022837962e+03
1.889367016963793731e+03
1.834975502504406222e+03
1.812440760607674292e+03
1.872927949508619804e+03
2.040269637487162981e+03
2.031215271537327681e+03
2.009751086065625259e+03
2.003329472026642634e+03
2.012348005657948306e+03
1.929307218002648369e+03
1.807007839996641678e+03
1.683896490996645525e+03
1.607163987717249711e+03
1.564181219600205168e+03
1.601790323260463765e+03
1.640868975439606174e+03
1.780340425078391263e+03
2.030206293528159449e+03
2.327315747538067626e+03
2.534269858382206621e+03
2.616296694957822638e+03
2.591325973522976710e+03
2.504890226145355882e+03
2.473946410701430068e+03
2.414701675230779983e+03
2.326210900142174978e+03
2.245503860607722800e+03
2.223662461744887423e+03
2.190939078744524068e+03
2.061497706270473373e+03
2.006343981894382978e+03
1.927326692715785157e+03
1.883546159109084101e+03
1.819129797108778575e+03
1.714024797429168075e+03
1.631869833923956776e+03
1.559777767467123340e+03
1.527048562677357950e+03
1.570386900916456852e+03
1.623791092575404718e+03
1.763809115077726346e+03
2.029665276613967990e+03
2.313711142977077998e+03
2.522887723877514873e+03
2.590445591669606074e+03
2.561301171948285628e+03
2.464372519025462225e+03
2.427792600308596775e+03
2.399151940381363147e+03
2.334700525119994381e+03
2.269989289072258089e+03
2.255240093434478240e+03
2.235001957052494163e+03
2.136857791144846942e+03
2.069108972148009798e+03
2.019474475261684347e+03
1.975905620025948338e+03
1.944205722897704391e+03
1.737778703063293051e+03
1.644635834528459100e+03
1.572567097459853130e+03
1.575518146210219129e+03
1.587239984767416217e+03
1.579368971365000789e+03
1.750415455179059336e+03
2.015845321628234387e+03
2.318176150380069430e+03
2.565457526186840369e+03
2.644103309053886278e+03
2.586969291710891866e+03
2.452021417468631626e+03
2.417462774900051954e+03
2.388903611161184926e+03
2.318745044778284864e+03
2.260655080079903200e+03
2.255808169195682240e+03
2.247618007652037704e+03
2.157047750120306773e+03
2.104782129345478097e+03
2.048474783985809154e+03
1.995958588332396857e+03
1.913314422867224039e+03
1.781153410204606416e+03
1.675209695101515535e+03
1.591317578472933519e+03
1.556051202684947384e+03
1.601115348622858392e+03
1.651141000464535182e+03
1.790398185565085896e+03
2.018992230673425865e+03
2.328413033663043279e+03
2.515340767902656808e+03
2.583652203104140426e+03
2.523225950065543202e+03
2.384482653749886140e+03
2.323181446443340974e+03
2.278678665352884764e+03
2.242606227480319831e+03
2.192809862746605631e+03
2.227284450978845143e+03
2.199180708625876832e+03
2.070517806837922308e+03
1.986818311428300831e+03
1.948241065830244906e+03
1.908699949420994699e+03
1.829199846884291219e+03
1.718253864191448201e+03
1.636013570367703096e+03
1.590527098319142169e+03
1.557623573416840372e+03
1.598860977711578926e+03
1.654489742152968574e+03
1.790824465009573260e+03
2.044969533593510505e+03
2.348129524405072971e+03
2.526562209093315687e+03
2.552044279925342380e+03
2.505624516621983730e+03
2.405470127299690830e+03
2.354150065453517527e+03
2.291211047487266569e+03
2.256799157142933836e+03
2.204614119822772409e+03
2.212605074522657105e+03
2.218695256578567296e+03
2.127019128600016302e+03
2.050348072654157932e+03
1.912658313981823994e+03
1.884730841597862309e+03
1.808906542871850888e+03
1.715480935282316523e+03
1.638731806172546158e+03
1.561445168150510654e+03
1.546256374081215199e+03
1.580151347339667154e+03
1.627793602144372244e+03
1.711974979238855894e+03
1.896257620685310030e+03
2.192019513106599334e+03
2.384132189989540620e+03
2.443099663479717492e+03
2.442858471402385476e+03
2.341159827342223252e+03
2.292441194014606936e+03
2.222869915759215928e+03
2.174536203097018188e+03
2.149086315273335003e+03
2.211505789741766421e+03
2.252036695035091270e+03
2.133323180458107345e+03
2.034453656517949639e+03
1.977685045950703170e+03
1.930304876622851907e+03
1.858731981897953574e+03
1.740202935683832038e+03
1.632733502639330027e+03
1.565154528859800394e+03
1.544688816287083455e+03
1.571678258098136666e+03
1.586495115821577429e+03
1.632527680746037504e+03
1.744495954704196720e+03
1.885923510253257291e+03
2.045700033962576754e+03
2.108171680220245435e+03
2.096927942406367947e+03
2.033536538991833822e+03
2.004060821631850558e+03
1.958802302002118950e+03
1.921192035678764341e+03
1.894536442624251549e+03
1.979074323646435005e+03
2.093354733492294599e+03
2.066198922448268149e+03
1.935287535303177037e+03
2.034464640234095896e+03
2.020538715485050488e+03
1.927969154222837005e+03
1.792537750336505042e+03
1.677737814887300829e+03
1.601685014662666390e+03
1.568036432000922787e+03
1.617765015974582411e+03
1.688300171496523490e+03
1.861619656179343337e+03
2.130660066535343503e+03
2.455705295594581912e+03
2.666282865293480882e+03
2.738589706510544147e+03
2.706294243460352391e+03
2.615531733332470139e+03
2.595019770319837335e+03
2.566145015361003061e+03
2.472871437100139246e+03
2.432247220596027546e+03
2.379180299238331372e+03
2.290861153239662599e+03
2.151374231056656299e+03
2.068058177248157790e+03
2.040456099962639428e+03
1.994053794240812294e+03
1.895803880705283518e+03
1.758574190824779407e+03
1.651867867488268757e+03
1.582541019006729357e+03
1.565070950737364228e+03
1.613531172777702068e+03
1.686681583881749475e+03
1.826893939893439438e+03
2.078714266313789267e+03
2.365847731019341609e+03
2.575668485906415754e+03
2.658630233931968633e+03
2.612632966626769303e+03
2.469679305903430759e+03
2.416381664768480277e+03
2.369403200996657688e+03
2.318012778440077454e+03
2.282271436065205307e+03
2.287468443335981647e+03
2.258383824262582493e+03
2.147226273987977038e+03
2.045889789642681080e+03
1.953695979072468845e+03
1.861191321782403293e+03
1.776666418132564104e+03
1.674673972503718460e+03
1.593613412890164682e+03
1.533916942608579802e+03
1.512122245910876927e+03
1.557080771977148743e+03
1.609802085627889028e+03
1.754249841579943222e+03
1.993649645690758916e+03
2.252732689877503617e+03
2.425929110118227527e+03
2.488441512321019218e+03
2.451233280323514919e+03
2.340370466665531694e+03
2.261177501299937376e+03
2.169166254529389789e+03
2.094415204037044532e+03
2.094425362261142254e+03
2.147269812876546439e+03
2.171945691620308480e+03
2.068223055003028549e+03
1.966730641440755562e+03
1.891109884625192535e+03
1.795328029711101408e+03
1.695870798871694205e+03
1.596668331990848401e+03
1.525967785544411299e+03
1.482723529501773328e+03
1.465848868587190282e+03
1.521968606150037886e+03
1.603726230799315772e+03
1.789431271720366794e+03
2.068384146902805696e+03
2.369270287978544275e+03
2.588130250249980691e+03
2.654992801432127635e+03
2.614700352292559273e+03
2.498585043965941622e+03
2.463288205219410884e+03
2.421186644405263451e+03
2.362582892330900904e+03
2.304777596503902714e+03
2.323877099550501043e+03
2.320229171936070543e+03
2.213623128226134668e+03
2.104750360774436558e+03
2.013808019089868367e+03
1.947508341485235178e+03
1.820186872257429286e+03
1.693661088328311735e+03
1.605109514036303608e+03
1.541154644080568460e+03
1.520871321150492577e+03
1.578626151050396174e+03
1.650348926851315355e+03
1.826838397598170559e+03
2.117216433105184933e+03
2.418375278696953501e+03
2.632743613090678991e+03
2.681586596173729049e+03
2.609145307170762862e+03
2.504315022979728838e+03
2.464255290424273880e+03
2.436983364892359077e+03
2.375399166658542981e+03
2.300588896836623917e+03
2.299301868423840006e+03
2.278598829266270059e+03
2.174000736082584353e+03
2.064720794269350790e+03
1.998763057119544555e+03
1.935689933123045648e+03
1.822878432761247495e+03
1.703079164828043076e+03
1.611524988365675199e+03
1.539275072813616816e+03
1.527680568151959733e+03
1.568878615418441314e+03
1.618380269369770076e+03
1.732701986278344521e+03
1.946147800439099683e+03
2.202005777776137620e+03
2.396070535510136324e+03
2.484584314891711529e+03
2.433030516149361119e+03
2.322929643368241159e+03
2.291592220283846018e+03
2.263331878324313493e+03
2.217786106029984239e+03
2.165750029715154142e+03
2.209911416734943487e+03
2.278063500424632366e+03
2.180647278717167410e+03
2.083309146377331217e+03
2.031219686795427606e+03
1.960811197214060485e+03
1.875684332757392440e+03
1.755988466415395123e+03
1.654200955826424206e+03
1.589626032718770830e+03
1.551195854518626675e+03
1.579897582885259453e+03
1.615906190802576248e+03
1.664163937249844139e+03
1.770660203189599088e+03
1.937250993209446506e+03
2.058084893433730940e+03
2.105613002638087437e+03
2.092435473083668057e+03
2.032899334973165651e+03
1.985023840866945420e+03
1.954852000100273472e+03
1.912981456005556993e+03
1.885217739515084986e+03
1.960342174753322524e+03
2.104413026821548101e+03
2.080405767200492392e+03
2.053092003142297926e+03
2.032344066170864835e+03
2.005907340562965828e+03
1.908600346700842010e+03
1.779061584908478153e+03
1.682936623445715441e+03
1.615555535079210358e+03
1.563177429928301990e+03
1.606687682026117272e+03
1.656454924471197728e+03
1.813269762310889973e+03
2.103402688878898971e+03
2.380743497537498570e+03
2.558463748846607814e+03
2.652292299185129650e+03
2.645782540365658406e+03
2.501350707217893159e+03
2.481984396603895675e+03
2.465830574153794714e+03
2.423745688561101360e+03
2.373322976060834208e+03
2.353282569119857271e+03
2.331247665984185005e+03
2.213619595793464214e+03
2.108865261531568649e+03
2.049454081029696681e+03
1.998431228394164464e+03
1.945551322019661484e+03
1.792384093418672364e+03
1.692398233743212131e+03
1.628147965701887870e+03
1.602616305071415582e+03
1.614892204095513534e+03
1.685439197260730907e+03
1.835694841070321218e+03
2.097555334058622066e+03
2.352241423226900224e+03
2.610946575962886527e+03
2.677326707563165201e+03
2.643225913361823586e+03
2.531415169536561280e+03
2.530059364637454109e+03
2.525233098512801462e+03
2.483668514168031834e+03
2.396951723183308786e+03
2.348328733911841482e+03
2.359967262880562885e+03
2.234597008458933487e+03
2.133572521494163084e+03
2.094207018928736488e+03
2.061253205265021279e+03
1.959812246950945791e+03
1.832881946668368300e+03
1.697990166239804012e+03
1.627262758273782765e+03
1.584682720987899756e+03
1.625481827481489518e+03
1.661875009184180499e+03
1.835276825701296957e+03
2.103487178726775255e+03
2.394640521858503234e+03
2.641440562237145969e+03
2.700421265072323877e+03
2.676003507642823479e+03
2.564841100524165086e+03
2.550153461717949085e+03
2.525437074728097286e+03
2.467086762578054277e+03
2.373036114099000770e+03
2.356064548713274689e+03
2.352015773406313201e+03
2.212288056662480358e+03
2.160103434788850336e+03
2.136506354339494465e+03
2.076095502513449901e+03
1.987417226878424344e+03
1.851754298476805616e+03
1.746972231910818664e+03
1.670079023510272464e+03
1.613055478438368937e+03
1.657383137812272253e+03
1.703686938943453470e+03
1.847513670046749894e+03
2.099763882548664697e+03
2.434271404940096545e+03
2.634893304290022570e+03
2.710954699452810928e+03
2.619748993067583797e+03
2.514913603676896400e+03
2.511465616075985963e+03
2.514097006422217419e+03
2.467722684300841138e+03
2.379075168914552250e+03
2.402236886971304102e+03
2.404510419122144867e+03
2.306005896895242586e+03
2.216054383231408792e+03
2.178249442883371557e+03
2.077944049129561336e+03
1.956323580910858936e+03
1.856443289525034515e+03
1.767175468271945647e+03
1.708177101857686694e+03
1.689285386881877002e+03
1.727664845745558296e+03
1.763243119397725877e+03
1.820757185271352000e+03
1.946072298509871189e+03
2.138590796101946580e+03
2.303896302562803157e+03
2.374265518747584792e+03
2.464234646991497357e+03
2.351509323357419362e+03
2.326285112789675622e+03
2.307151371430759809e+03
2.264350750437331499e+03
2.220767553259268880e+03
2.292231073954794738e+03
2.315715832712484371e+03
2.267175458700005493e+03
2.205589838732757016e+03
2.183485105764135369e+03
2.177407313429729129e+03
2.088886217778937407e+03
1.935874589013649256e+03
1.803236000114663966e+03
1.712709661204125950e+03
1.676889288296329369e+03
1.701767179112210215e+03
1.742996875953600465e+03
1.841620407966091534e+03
2.071331087733444292e+03
2.361722559918159277e+03
2.603211646351362106e+03
2.692842458651437482e+03
2.670693897324186310e+03
2.547394139673107929e+03
2.556953218766840109e+03
2.541537547298182290e+03
2.470959221637643623e+03
2.401448729176814140e+03
2.411516908678904656e+03
2.261230683066910842e+03
2.142120537553667873e+03
2.060167826242683077e+03
2.014322346387901689e+03
1.987899776052601055e+03
1.926415559329602956e+03
1.823532336977974637e+03
1.717568194086776202e+03
1.628029504862036674e+03
1.567230325064396084e+03
1.602508948573040470e+03
1.614585200180757965e+03
1.662847489308993318e+03
1.755721170146197892e+03
1.896458727603602938e+03
2.031589912380694841e+03
2.087656846629878601e+03
2.103405307661419101e+03
2.043887198385517877e+03
1.983955691748534491e+03
1.940710516570099571e+03
1.887118106069638316e+03
1.893437605927057348e+03
2.033850786845928724e+03
2.097958963305548423e+03
2.074677167556511904e+03
2.033887097821436100e+03
2.019928413240070313e+03
2.009905430398720910e+03
1.919820154642816306e+03
1.786463999231518983e+03
1.681064863828715715e+03
1.609493274799266374e+03
1.576327326432453447e+03
1.632531812837930602e+03
1.708976535167651036e+03
1.873945231070445743e+03
2.168911959068045235e+03
2.477784479235557228e+03
2.692670524989907790e+03
2.769478435067159353e+03
2.650893107762796262e+03
2.527453815635056344e+03
2.550488199607972547e+03
2.571243762075829181e+03
2.529715441148965056e+03
2.432553829649465570e+03
2.407257979162611264e+03
2.379661957864655960e+03
2.264103203319222757e+03
2.172968751267218977e+03
2.117240930833919265e+03
2.092364781240483808e+03
1.984331505657853086e+03
1.837388507081176613e+03
1.705264275948896966e+03
1.625764283164867493e+03
1.600216712916788538e+03
1.642082947566958637e+03
1.712134640469922942e+03
1.850695574475633293e+03
2.136586464470590272e+03
2.472689989865379630e+03
2.705796144229090714e+03
2.778283453704224939e+03
2.753081162984978619e+03
2.646146324575757717e+03
2.642806502311198983e+03
2.637647349668727657e+03
2.569154911464109318e+03
2.462017783580108244e+03
2.427900869747288652e+03
2.393907021809494381e+03
2.294944373090006593e+03
2.193258121061855945e+03
2.161803034067906538e+03
2.142852979236288775e+03
2.029744437490594692e+03
1.873399584567718648e+03
1.774893174053241637e+03
1.687661761672210332e+03
1.645519503333109242e+03
1.700611766899239683e+03
1.760010875213989493e+03
1.899508828506946202e+03
2.190927034704991911e+03
2.521041989077898052e+03
2.780485926481166643e+03
2.849902853454883825e+03
2.816182032530376091e+03
2.695057184582458376e+03
2.714074406562823697e+03
2.718662735579551736e+03
2.661402276076905764e+03
2.543823820432797675e+03
2.484217687190483957e+03
2.450857890171965209e+03
2.336127490239159670e+03
2.227971502002830221e+03
2.211761032818687909e+03
2.197042999992909699e+03
2.115823456711608742e+03
1.948253280175388454e+03
1.832810672090196476e+03
1.746960490305441908e+03
1.715882583871986981e+03
1.762295928131683922e+03
1.816383995493950351e+03
1.953303683041265913e+03
2.210120988848569596e+03
2.538540941436557659e+03
2.776305567236776369e+03
2.878327027714178257e+03
2.852110308773366341e+03
2.722208781300079409e+03
2.718901047918736367e+03
2.704548085955229453e+03
2.601134134286937751e+03
2.495908594948459267e+03
2.471002493923889233e+03
2.432511434915131758e+03
2.287450270729532804e+03
2.208423105579657204e+03
2.232664230060330738e+03
2.234608781097538667e+03
2.149553655603702282e+03
1.981468485045652415e+03
1.840195640681630039e+03
1.753493140922534167e+03
1.723494125580568380e+03
1.757125281441869674e+03
1.802585846368463308e+03
1.938066450514799271e+03
2.225562549836768994e+03
2.548510900798347393e+03
2.762693773750802393e+03
2.853827181770903735e+03
2.836871629854151251e+03
2.749519181288728760e+03
2.781550483800215261e+03
2.782314526967325492e+03
2.693594316429917399e+03
2.555375318418791721e+03
2.507285861302296780e+03
2.493065460556234029e+03
2.377151637581505838e+03
2.347532960519361950e+03
2.238635159919662328e+03
2.315111051074152783e+03
2.252178650996254419e+03
2.055053253809138823e+03
1.907891128404781966e+03
1.830194512751485718e+03
1.773969838890888923e+03
1.801832800504469105e+03
1.833269192575022771e+03
1.906564377118573930e+03
2.092352307691585793e+03
2.338747685364401605e+03
2.563052639766091033e+03
2.693653660048363690e+03
2.710916103267885319e+03
2.629497449001617952e+03
2.685166042754700356e+03
2.636163014434162505e+03
2.545553369003958778e+03
2.509212798040226517e+03
2.532900437296612381e+03
2.499467122508860484e+03
2.386059708978490562e+03
2.301448220009325269e+03
2.284086391510730209e+03
2.286294658188939593e+03
2.178642446382750677e+03
2.019621584853236982e+03
1.888767613426703065e+03
1.791844045867243040e+03
1.746359760855193144e+03
1.757946575400053689e+03
1.765054873282530025e+03
1.780335825879922140e+03
1.870183472481275430e+03
2.039335212094781127e+03
2.180570047879070898e+03
2.259210922839267369e+03
2.294397044224218916e+03
2.260944188402354484e+03
2.217468948907744107e+03
2.129877014154889366e+03
2.057779958131723561e+03
2.045029860065696994e+03
2.201429475447268942e+03
2.312032131404917436e+03
2.338386613347797265e+03
2.313772471139482150e+03
2.346452012113543333e+03
2.366198604030511888e+03
2.182557514496716522e+03
2.046193052933927675e+03
1.927221857249542154e+03
1.853184803376185982e+03
1.772487833381136852e+03
1.791330326373026992e+03
1.857415116925071516e+03
1.979508874933763309e+03
2.159566653246555234e+03
2.446390433493454566e+03
4.316425334893222043e+02
2.406720874608310510e+02
7.582140671150324351e+02
1.617769732999746793e+03
2.285526747648263608e+03
2.433927634536427831e+03
2.419260749008687071e+03
2.388047125634349413e+03
2.302477280682732726e+03
2.451694385664679430e+03
2.439311106743231448e+03
2.300316779637305444e+03
2.260800326591997418e+03
2.355344622500907462e+03
2.156657020041635406e+03
1.958469996188213372e+03
1.822826694488992644e+03
1.733513559311051949e+03
1.688669805117268879e+03
1.733924864776781760e+03
1.773563895082912723e+03
1.928626296998601219e+03
2.213479803730421736e+03
2.556338789732127680e+03
2.786223706180515819e+03
2.891251930712861849e+03
2.886769405637781347e+03
2.801942660115472790e+03
2.807510306742456578e+03
2.773055216191512955e+03
2.666639768221945815e+03
2.573803065145039000e+03
2.557534843111241571e+03
2.490471749147837727e+03
2.344900524904886879e+03
2.247201307997712775e+03
2.232895150867406755e+03
2.228603407998242346e+03
2.100085620271642711e+03
1.924138429850087277e+03
1.781238793434915806e+03
1.696525846975113836e+03
1.670679899873613067e+03
1.699652923186212774e+03
1.744732699343954664e+03
1.903908791077816886e+03
2.197582817857196005e+03
2.514665313320838777e+03
2.807073806469452393e+03
2.939621370619812296e+03
2.863664280323281673e+03
2.741289000835438401e+03
2.737099452736274543e+03
2.714522596433828767e+03
2.652050843445495047e+03
2.590174516326473167e+03
2.639035470675805755e+03
2.576595181389093341e+03
2.446044019810385635e+03
2.431540980086645504e+03
2.456633299698674819e+03
2.493588537714116683e+03
1.897418124727119675e+03
1.738545820977538597e+03
1.681520342826623391e+03
1.656464133302739810e+03
1.671514968355858400e+03
1.720267357557115702e+03
1.810054472116960369e+03
1.868703378591892260e+03
2.063261661092844861e+03
2.465890390346227832e+03
2.766272993009245056e+03
2.884102114533882286e+03
2.886146646070247243e+03
2.705424702931239608e+03
2.705456062089715942e+03
2.653357106829414533e+03
2.556102932074089495e+03
2.501898986825221073e+03
2.501356774671794483e+03
2.432658334015528908e+03
2.315869989827107020e+03
2.216194557239385631e+03
2.154351993677523751e+03
2.116064378459383533e+03
2.023124028814880376e+03
1.870167668663751556e+03
1.736041852289163444e+03
1.625781737239655286e+03
1.605795013031566441e+03
1.656033238265075624e+03
1.734311077900712917e+03
1.891482867842148607e+03
2.174953130624705409e+03
2.517048593390514270e+03
2.750509392856802151e+03
2.842163782089206506e+03
2.888559740236389644e+03
2.683398582808558331e+03
2.618170722160234618e+03
2.576877206106559697e+03
2.508509957402011878e+03
2.431201440199195076e+03
2.504614329243057909e+03
2.486465038883694433e+03
2.384666402848692542e+03
2.225506586732427422e+03
2.151719419508964620e+03
2.099031207275004363e+03
2.011316768742107342e+03
1.863528306515238455e+03
1.753794365119808845e+03
1.671577985258700210e+03
1.629592309926023518e+03
1.671187126606071388e+03
1.694212925484983316e+03
1.806457178785577526e+03
2.031259311934232983e+03
2.296152849100936692e+03
2.515754689979438353e+03
2.665379029870989598e+03
2.581093238483366349e+03
2.459787876417598454e+03
2.441935522455854425e+03
2.431881893017626226e+03
2.384097789330630349e+03
2.303881776882417398e+03
2.365361455798760744e+03
2.396284361646618436e+03
2.300685467135012914e+03
2.176162193599549482e+03
2.095280671398084451e+03
2.049521998326282755e+03
1.995352171320371781e+03
1.861891797782113827e+03
1.742545236827507551e+03
1.656172438103095601e+03
1.613304119372097148e+03
1.647122546012019711e+03
1.656602330393848661e+03
1.702261889361138628e+03
1.805600705172862718e+03
1.943986459822919642e+03
2.090487472519799667e+03
2.182989828735924220e+03
2.100981895185069789e+03
2.046704360696671756e+03
2.012529822322431301e+03
1.983457000466969475e+03
1.943207458197369078e+03
2.018525161494882468e+03
2.079062402755555013e+03
2.246204894385622538e+03
2.200782262559217088e+03
2.166219192115917394e+03
2.133923430490722694e+03
2.113247636839872939e+03
2.035535482843610680e+03
1.880247880532134786e+03
1.747494501805202844e+03
1.673650153607572975e+03
1.635728691138447175e+03
1.685805380486614013e+03
1.751688080933840183e+03
1.906832496410471322e+03
2.196517088604249693e+03
2.527612471874862877e+03
2.764911765264449059e+03
2.875237576855806310e+03
2.759147394180897209e+03
2.641131844960844774e+03
2.641906557945887471e+03
2.624000848814132041e+03
2.573430125114412931e+03
2.482795630223847184e+03
2.503288967294497525e+03
2.488906286888553041e+03
2.374804887208019409e+03
2.265509867542522443e+03
2.218128589418318370e+03
2.198067315510600565e+03
2.108389071327921101e+03
1.942031214070627129e+03
1.794349809812185185e+03
1.705718703620147608e+03
1.669906226349317194e+03
1.726461857879357012e+03
1.787654286614076454e+03
1.948275757897014955e+03
2.234288268603846063e+03
2.571177631325836956e+03
2.820294593959385566e+03
2.955493263310051134e+03
2.911324342849307868e+03
2.791829069090358644e+03
2.790350309278198893e+03
2.722999377626907062e+03
2.638684396488934908e+03
2.550749707007129473e+03
2.601761290797665879e+03
2.594125416833139752e+03
2.502079254406721702e+03
2.389000372370870082e+03
2.358792417140527959e+03
2.342848986532198978e+03
2.215821825895570328e+03
2.036651181170704604e+03
1.891356904087491557e+03
1.797023233643421463e+03
1.754645684543198968e+03
1.785211706415400613e+03
1.837190201447848722e+03
1.973393814690480667e+03
2.245603289370457333e+03
2.578715644751772743e+03
2.839058064234585345e+03
2.959581854620640570e+03
2.928149499827531599e+03
2.808879354379265351e+03
2.827574056046170426e+03
2.832760196124550021e+03
2.748181974829969022e+03
2.631151397231116334e+03
2.641201087969630407e+03
2.638029861208948660e+03
2.532947363515269444e+03
2.404008588313152813e+03
2.327753164896574162e+03
2.285072052873532812e+03
2.150290972153992698e+03
1.984840489094320219e+03
1.854924152751375004e+03
1.769946171621833173e+03
1.733558062616948746e+03
1.786698800445409915e+03
1.835447090148081998e+03
1.987121442891694642e+03
2.260387018445550893e+03
2.597243912680737139e+03
2.856245697821723297e+03
2.971741650727911747e+03
2.943737748887506314e+03
2.841804563903715007e+03
2.867106423902666847e+03
2.848377453600081481e+03
2.755536614921809360e+03
2.634555940368055872e+03
2.654217803646430639e+03
2.584144785317910191e+03
2.410611422127834430e+03
2.275428029825817248e+03
2.164272645226968052e+03
2.164808030626229083e+03
2.106396123653433733e+03
1.952523630698536181e+03
1.820762127877309922e+03
1.722848794577271519e+03
1.700844678223358642e+03
1.750692224507763058e+03
1.787772378724806231e+03
1.912121365976045126e+03
2.173294418825480989e+03
2.478538728721837742e+03
2.704446188541542597e+03
2.864116620586035879e+03
2.888702672084998994e+03
2.790954796259595696e+03
2.799548145350327559e+03
2.774208814096341484e+03
2.698917294433601910e+03
2.608603029469279136e+03
2.640143057668376514e+03
2.607631310107978607e+03
2.500766499532502621e+03
2.386442048559104478e+03
2.356570034721125921e+03
2.317300227087525400e+03
2.226379205448410630e+03
2.055578846303785213e+03
1.929134618054641578e+03
1.814405963979891567e+03
1.767220025056036320e+03
1.805841826653564112e+03
1.845552478015675206e+03
1.928624097109064905e+03
2.106738921538772047e+03
2.347977398104764234e+03
2.590265314102505272e+03
2.702106349163828781e+03
2.665571309820471924e+03
2.578654970118451274e+03
2.579385441526927934e+03
2.545549109192928881e+03
2.464486636304801777e+03
2.404992794481124292e+03
2.467984707292154326e+03
2.486166651260669369e+03
2.430534848430600960e+03
2.344415395430085937e+03
2.311428678952618611e+03
2.268092845093400683e+03
2.256722549590666858e+03
2.067355461114073478e+03
1.932434769265880732e+03
1.837144441613203071e+03
1.784389409357558407e+03
1.809643812447633536e+03
1.818533366516066963e+03
1.810506315950018461e+03
1.876032474022410270e+03
2.013979244505615497e+03
2.104637657542924899e+03
2.135008720488929612e+03
2.144884257095523026e+03
2.119252644478987804e+03
2.128704007211116732e+03
2.119802422186328386e+03
2.078087827690310860e+03
2.052480559256452580e+03
2.217593331746905733e+03
2.293037809281508089e+03
2.305255451364296732e+03
2.294371234327002639e+03
2.287455990444412237e+03
2.310082387776159521e+03
2.163290197709624863e+03
1.991958743115239258e+03
1.846853023895057504e+03
1.762528907671929119e+03
1.729701292668668884e+03
1.772372298487982562e+03
1.790612385342077005e+03
1.900146164665912693e+03
2.147773232958431890e+03
2.489916757855165997e+03
2.710086093930910010e+03
2.805347530630920119e+03
2.785651118787356154e+03
2.694824276221275341e+03
2.752553222244837798e+03
2.774066536843123231e+03
2.724365891671189729e+03
2.652189966653182182e+03
2.653218180153808589e+03
2.579301729076185893e+03
2.417235772734710281e+03
2.310446738008314696e+03
2.236687421694178283e+03
2.172307754157812724e+03
2.089134391655770287e+03
1.948672864907527128e+03
1.823625596549347620e+03
1.708768262334647261e+03
1.639544241692940659e+03
1.678963876124040553e+03
1.706852341864823302e+03
1.856727766903233714e+03
2.097844311364492569e+03
2.405123989765009810e+03
2.663529639447359841e+03
2.782514869315069973e+03
2.747160715825128136e+03
2.667816371627610806e+03
2.683674990314889328e+03
2.686399353926937238e+03
2.625399906581293180e+03
2.543987978662096339e+03
2.556548949710998841e+03
2.518646235867909581e+03
2.426539642027377340e+03
2.323451847078395986e+03
2.271661735109386427e+03
2.238643611592795878e+03
2.122545949154433401e+03
1.961437912062799114e+03
1.819248284182332100e+03
1.709944630241465575e+03
1.677964231403914937e+03
1.711852629867455335e+03
1.751087996337667619e+03
1.903315693643908389e+03
2.140421638518629152e+03
2.469156338072747985e+03
2.759041667175065413e+03
2.839682699993785263e+03
2.838083917276775992e+03
2.727748933895255504e+03
2.738540627455956837e+03
2.739522483869955067e+03
2.670766622414763333e+03
2.571413044234586778e+03
2.570763338454343739e+03
2.523760966954537253e+03
2.432883755752739944e+03
2.332016958597067514e+03
2.262887226334027673e+03
2.244114552367599117e+03
2.132416665544787975e+03
1.964571877064445061e+03
1.825284460344810896e+03
1.713384515810781295e+03
1.669545308511437497e+03
1.708083232249444563e+03
1.768802042818345399e+03
1.917829556167933106e+03
2.184582987392664108e+03
2.504913392784457756e+03
2.753142022622434524e+03
2.842559321534194169e+03
2.808920373549215128e+03
2.717730811511858519e+03
2.717300309235988607e+03
2.709103203345923703e+03
2.649944916154650400e+03
2.571679002527686407e+03
2.595950190710006154e+03
2.550866275200437030e+03
2.451701954113401825e+03
2.351479170264285585e+03
2.323010641231802310e+03
2.313861872906830286e+03
2.183191858951103313e+03
2.013310322944331801e+03
1.862346311213675108e+03
1.749987574022147783e+03
1.670353936979008495e+03
1.707866864618473073e+03
1.742422121751094437e+03
1.901861665549159625e+03
2.126630520130117475e+03
2.406393911964792096e+03
2.636799346994596817e+03
2.724136008038550244e+03
2.701705192696006179e+03
2.612755176476470297e+03
2.618484243088752464e+03
2.605649985994004965e+03
2.565369562805609348e+03
2.502594999181760159e+03
2.543550442966658466e+03
2.518026907611149454e+03
2.400449710705591770e+03
2.272691043088029801e+03
2.210110788570428213e+03
2.190872821175990794e+03
2.098431916624868791e+03
1.944030081177279953e+03
1.805284483020610878e+03
1.694698716261233812e+03
1.655614370658274311e+03
1.676615349379489089e+03
1.731884684363302085e+03
1.822032374676289010e+03
2.029761316265856067e+03
2.296997173496958567e+03
2.515601267990616179e+03
2.614033449201670919e+03
2.581030646466475901e+03
2.492044849828990664e+03
2.494478197196023757e+03
2.513535456437442463e+03
2.499504800202845217e+03
2.437710870542872726e+03
2.486483520879159187e+03
2.471653752154539234e+03
2.371413099894260085e+03
2.237654676687265237e+03
2.147300992562858028e+03
2.110671445489103007e+03
2.005907630593688964e+03
1.857387875597283482e+03
1.690726082490131830e+03
1.598689208331192958e+03
1.653081463415684311e+03
1.675066025509310066e+03
1.676352597126996898e+03
1.735097786805906253e+03
1.788834704148734090e+03
1.957138149136244692e+03
2.043603626790471935e+03
2.129901521733609570e+03
2.126849037315873375e+03
2.087510962157242830e+03
2.053785181453075893e+03
2.043071270721105520e+03
1.994827050918109535e+03
1.973113759772550338e+03
2.101061953898935371e+03
2.176665621609765367e+03
2.201926176491090246e+03
2.156405520210826580e+03
2.124240460944851748e+03
2.103880672048180713e+03
2.010246172189841218e+03
1.860258411209835913e+03
1.722093121094065054e+03
1.640579830285556227e+03
1.619724131753305073e+03
1.670788218184485004e+03
1.735692747554395737e+03
1.889658505931595528e+03
2.180336550701628312e+03
2.516963776052338289e+03
2.761233018897989041e+03
2.846097999780915870e+03
2.809566857908643215e+03
2.705371709297860889e+03
2.721705286763167351e+03
2.737791692892328228e+03
2.689217828784624999e+03
2.611241233192622531e+03
2.640300151658750110e+03
2.611472016206787430e+03
2.476744239744369224e+03
2.355677498944141462e+03
2.287288875054173332e+03
2.233958015155425073e+03
2.109472486437573480e+03
1.934938886007025530e+03
1.786456526482705840e+03
1.697546115763386751e+03
1.674156773854045241e+03
1.732089620369383056e+03
1.787726773354427905e+03
1.926899669449135217e+03
2.191215018557761596e+03
2.514427850128226964e+03
2.729372120262192766e+03
2.830899565628394612e+03
2.820730388351903912e+03
2.710322000720912456e+03
2.717583201828048914e+03
2.723244345609713491e+03
2.657706477778132012e+03
2.608725524994910302e+03
2.639696835217504486e+03
2.606128535900612860e+03
2.513468569506812855e+03
2.299278230356206677e+03
2.214449114977028785e+03
2.168085362743245696e+03
2.113213622226083316e+03
1.954867996173672282e+03
1.811437194257169949e+03
1.693875419099229021e+03
1.673501666145573836e+03
1.726273990944004936e+03
1.783521905053927185e+03
1.941252753555212394e+03
2.201780342765403020e+03
2.512272639988649189e+03
2.729032794513017052e+03
2.807042906953111014e+03
2.811056194945560492e+03
2.686347408654604351e+03
2.678493996467680518e+03
2.688779735884804722e+03
2.642867957367252984e+03
2.578900547189392455e+03
2.590161707677515551e+03
2.555258716344374989e+03
2.449301848269073616e+03
2.334071828773110610e+03
2.259895897644353681e+03
2.225497042955494635e+03
2.086607689754619514e+03
1.937429370278700389e+03
1.763134251680942498e+03
1.684300574518596932e+03
1.645763103389015214e+03
1.699011997666034176e+03
1.785874727513849848e+03
1.918423549546138474e+03
2.145982192831062548e+03
2.486261262449963397e+03
2.820122142170860116e+03
2.842506244552194858e+03
2.756453530770933867e+03
2.539686623854039226e+03
2.595646340868623156e+03
2.634785971213729681e+03
2.652238459429768227e+03
2.606060785554014274e+03
2.585052076766716254e+03
2.557561832069977299e+03
2.413951677827707499e+03
2.263519360394493560e+03
2.149022643780162980e+03
2.104988896238300185e+03
1.980527520161220082e+03
1.832626428924492529e+03
1.718183562594411342e+03
1.630566234694408877e+03
1.619722579659415260e+03
1.670708149817221056e+03
1.718519239865901909e+03
1.855506885694907623e+03
2.128134410852724614e+03
2.421772969415016178e+03
2.643597690776542095e+03
2.750632578572917282e+03
2.704522203209429790e+03
2.618097169095383833e+03
2.627437175246810511e+03
2.623792484317526942e+03
2.547865368047443553e+03
2.555596890171895666e+03
2.576962602153399530e+03
2.508005904963938065e+03
2.401929172351483430e+03
2.251834248066970758e+03
2.149554590986464063e+03
2.083246798900850536e+03
1.991611595890135959e+03
1.834557988328839883e+03
1.696712189673519106e+03
1.626999415666753748e+03
1.599508243446061442e+03
1.654087642403701238e+03
1.699129806666799141e+03
1.813230657893084981e+03
2.001899224594958241e+03
2.260904220838053334e+03
2.502101960711513129e+03
2.583983381770786764e+03
2.561754515157972492e+03
2.465975815768256325e+03
2.485742298990998279e+03
2.521245333494893202e+03
2.508011476916201900e+03
2.483106025413415864e+03
2.561236395688722951e+03
2.506186881492283192e+03
2.403448291404028168e+03
2.275193739942478260e+03
2.151273411606676746e+03
2.085192164683895044e+03
2.003129450348515547e+03
1.852339877852244854e+03
1.737659742589213693e+03
1.652632975396852089e+03
1.618996363106182571e+03
1.685113356518002774e+03
1.714384651685944391e+03
1.738842543899268549e+03
1.840676675218732498e+03
1.976738286811307262e+03
2.105771556344529472e+03
2.169836003155836352e+03
2.170151967268916451e+03
2.131816209571818945e+03
2.125855716079182002e+03
2.108545637835666184e+03
2.077016415200894244e+03
2.078720538201256204e+03
2.218441253625066565e+03
2.288133899514935365e+03
2.298319062191234025e+03
2.201720147264441948e+03
2.166730629264162872e+03
2.104960164196585993e+03
2.005370288134442717e+03
1.853504648664028537e+03
1.730947247957461741e+03
1.654441003254462203e+03
1.627270998198359166e+03
1.670765218017044162e+03
1.763716900755844563e+03
1.889523026893672750e+03
2.151669494666594346e+03
2.470263632403899464e+03
2.686215592344928154e+03
2.768071981716944265e+03
2.750684663945095508e+03
2.644602692657793341e+03
2.630466010850660041e+03
2.640488460716828286e+03
2.614582782774416046e+03
2.547627314080779797e+03
2.584738850676875700e+03
2.512537011214648373e+03
2.366440165249788606e+03
2.356791250908340317e+03
2.124383934310694713e+03
2.017014094475004640e+03
1.945794573485935189e+03
1.813249598159559810e+03
1.691770172958201329e+03
1.604423599305589505e+03
1.582832694065322130e+03
1.646943718609537427e+03
1.721044951714242188e+03
1.869926983716148925e+03
2.123328329847432997e+03
2.426169365088023369e+03
2.624722982896238136e+03
2.689268207755736967e+03
2.651574452845653923e+03
2.548881675842428194e+03
2.547993696490468210e+03
2.514426033186988207e+03
2.510632580882982438e+03
2.494119371093644531e+03
2.558326563317854834e+03
2.513928501143062476e+03
2.423101564719831913e+03
2.236160589427939158e+03
2.031857585801720234e+03
1.930452919994788999e+03
1.858850927815034083e+03
1.721757561590352225e+03
1.613591863881620611e+03
1.542188758612055608e+03
1.526554471534929235e+03
1.579071237950929344e+03
1.656130091761362110e+03
1.791252560625360502e+03
2.055279346599195378e+03
2.344251742808723520e+03
2.549143668724106192e+03
2.620007000945305208e+03
2.566792073997270563e+03
2.473488007982958607e+03
2.467309759944594589e+03
2.464656178350731352e+03
2.446452708088213512e+03
2.426910873606083442e+03
2.500392732908775088e+03
2.426490226915464973e+03
2.271231735471350021e+03
2.121384173942095913e+03
1.976550266479592665e+03
1.850907827767015988e+03
1.733060174897695561e+03
1.611284578129178044e+03
1.519675794389074326e+03
1.457833273025030621e+03
1.450599031744120566e+03
1.523027781902088009e+03
1.604605656175509012e+03
1.753234425491259344e+03
2.011055105834407868e+03
2.299447254818529018e+03
2.499205963849605723e+03
2.578724761259784373e+03
2.564766183974041269e+03
2.468912413130139612e+03
2.459882801682324043e+03
2.467640936234724904e+03
2.454801381167714226e+03
2.423853177050824343e+03
2.488824784769987218e+03
2.428753484283305625e+03
2.309030727063642644e+03
2.186532920470220233e+03
2.035047214126238487e+03
1.822610144949117739e+03
1.737896611940564071e+03
1.606143868490407385e+03
1.506182697817118424e+03
1.451513695142708229e+03
1.448654329749579574e+03
1.538970613855342208e+03
1.624327531771957183e+03
1.776084267844666329e+03
2.026144773239897404e+03
2.329584764596238529e+03
2.549903506104550161e+03
2.657632749156562568e+03
2.665591778613582846e+03
2.580781161408839580e+03
2.560999490634774247e+03
2.533461415243107695e+03
2.446024552960182064e+03
2.371756447199056765e+03
2.444653476127114118e+03
2.403225553317039157e+03
2.322902161438964413e+03
2.239647433192143581e+03
2.100165422392875826e+03
1.971887445282231056e+03
1.872679907420364998e+03
1.736276770298512929e+03
1.628086637932595295e+03
1.553532029868136533e+03
1.546520803685426017e+03
1.647785936403778123e+03
1.733730981122933372e+03
1.806093908992720799e+03
1.906193298161009807e+03
2.024528443408856901e+03
2.123206838120047451e+03
2.153557446729557796e+03
2.139392167179188618e+03
2.107665049131897831e+03
2.096452628483427361e+03
2.071489913291563425e+03
2.030025457379895443e+03
2.067094429460347328e+03
2.335924329365530411e+03
2.376500940070252909e+03
2.313328431928079681e+03
2.231712063366808252e+03
2.169962255104655469e+03
2.130314068359602061e+03
2.013612717380368395e+03
1.870792293153978562e+03
1.738467637963623474e+03
1.654590997611135890e+03
1.628096954005882708e+03
1.675290097924298379e+03
1.694357194689766402e+03
1.701599609322155402e+03
1.777455921107406084e+03
1.894939486486598071e+03
1.998138735456929680e+03
2.051273687971715844e+03
2.054377919388285591e+03
2.048140317040050832e+03
2.039751299738018133e+03
2.010517164054971772e+03
1.959800660956772163e+03
1.957104891674733153e+03
2.165436434245077180e+03
2.231191030337997745e+03
2.209652104486449844e+03
2.189380833093734964e+03
2.138505155997590919e+03
2.099306660208409994e+03
2.005871611791978012e+03
1.864791216827778953e+03
1.745960758302358727e+03
1.661724775955392261e+03
1.659470718048725075e+03
1.703080583009287693e+03
1.728667064563672284e+03
1.776105641097649595e+03
1.874610483353470272e+03
2.013411080575427832e+03
2.160237145794046228e+03
2.204757066072979796e+03
2.174512786207736553e+03
2.122796056703819886e+03
2.116761093546740994e+03
2.124660600392619472e+03
2.077271643006535669e+03
2.073923851526750695e+03
2.241362779103957564e+03
2.299621371622965853e+03
2.310375383982732728e+03
2.237403216101817179e+03
2.144893420415398850e+03
2.130261625171985088e+03
2.057291353116686423e+03
1.902881882350153091e+03
1.785402196450472275e+03
1.687901832499419243e+03
1.675289466254418357e+03
1.723116125704123078e+03
1.795377889022351383e+03
1.896136045330150864e+03
2.119487372801503625e+03
2.420374778444368530e+03
2.665676058888668649e+03
2.782244496333138159e+03
2.770817330737620068e+03
2.684387494645297011e+03
2.694214761999911389e+03
2.692458831575388103e+03
2.628480648849366389e+03
2.527136313783878450e+03
2.568097343796231144e+03
2.527715924914145035e+03
2.416628916541390481e+03
2.314867010726664830e+03
2.250534758214392241e+03
2.188565276484574497e+03
2.096406578544369495e+03
1.954817524612362377e+03
1.828731464788936592e+03
1.743271195144585363e+03
1.706236353054124720e+03
1.757930325295336161e+03
1.793532263966296796e+03
1.907516650319459359e+03
2.149042091897273167e+03
2.459027059513545282e+03
2.699900685562734452e+03
2.798525924766360731e+03
2.801453782228778437e+03
2.693664887173840270e+03
2.709766317977055678e+03
2.694498523821506751e+03
2.638702010118081034e+03
2.572515996926483695e+03
2.610624516160556595e+03
2.548982955175064035e+03
2.429241867145003653e+03
2.320564222255896311e+03
2.241014897760923759e+03
2.193457283714461028e+03
2.098079211241211397e+03
1.942547145970468364e+03
1.798375453168710010e+03
1.712070702318166468e+03
1.689027500815841904e+03
1.756918230518758037e+03
1.818082021995673131e+03
1.956843637184143290e+03
2.208347944009844923e+03
2.515675744770642723e+03
2.755986890788006804e+03
2.855620365047902396e+03
2.831812046765269770e+03
2.719845046519257721e+03
2.702196238121189708e+03
2.688516034419569223e+03
2.606955127853884733e+03
2.514567114183616923e+03
2.557246232263539241e+03
2.484969822264094091e+03
2.342027613256612767e+03
2.241508421969674600e+03
2.097624986886438819e+03
2.028584145738556572e+03
1.943994915390828055e+03
1.814036907585706331e+03
1.699154463439766914e+03
1.631658415606014842e+03
1.609310296013556808e+03
1.682259630771870889e+03
1.747827830708765759e+03
1.883295641174877346e+03
2.134029206810010692e+03
2.437737306147721938e+03
2.687215400974902877e+03
2.778904438282138926e+03
2.764870543122077379e+03
2.643970455844097614e+03
2.640345765064361785e+03
2.619221058274802999e+03
2.548488797106382663e+03
2.482827587510392277e+03
2.528492500798922265e+03
2.481310341983969010e+03
2.310396264545359372e+03
2.165973529183333540e+03
2.059916020394131010e+03
1.993885385844267375e+03
1.901622952937312675e+03
1.771684578117901083e+03
1.657767516574737783e+03
1.583777657436968639e+03
1.571558693184537333e+03
1.649796231986077373e+03
1.708056664108737323e+03
1.802612507781430850e+03
1.998977840748042581e+03
2.265578362710056354e+03
2.480774309618447660e+03
2.584414528577965939e+03
2.557623935329884262e+03
2.430632567645696781e+03
2.434379568701052904e+03
2.459345946440398620e+03
2.409400313855061995e+03
2.295973694102617173e+03
2.457975767188901045e+03
2.436920336403527472e+03
2.310089132772354787e+03
2.156989968510214112e+03
2.031521857752161623e+03
1.954621112280967282e+03
1.873739237523273687e+03
1.755537987293314700e+03
1.651101024557522351e+03
1.583039143863589288e+03
1.565605909898749815e+03
1.618293522720490955e+03
1.658249449912976843e+03
1.703600141647889359e+03
1.808647185324760585e+03
1.937295396333990766e+03
2.062427046094795514e+03
2.145963342773812656e+03
2.144243570742427892e+03
2.088587750805652831e+03
2.066356373666957552e+03
2.034549088693035628e+03
1.986989524230897132e+03
1.971795453423121899e+03
2.092712864726182488e+03
2.199896290205775585e+03
2.200913300516695472e+03
2.130830607454782239e+03
2.055452828806729940e+03
1.995273541756713257e+03
1.868606375535503275e+03
1.740990511316991615e+03
1.630490632858081881e+03
1.565172331097736560e+03
1.554109481324109083e+03
1.615983489708406751e+03
1.683913862399323307e+03
1.833462404436536644e+03
2.101774025841681578e+03
2.418985863330693519e+03
2.659869591680069789e+03
2.754001438012594463e+03
2.695374363803579854e+03
2.532484270898034538e+03
2.477768092845833507e+03
2.457758218328363455e+03
2.406840751577511128e+03
2.356777669618474192e+03
2.428671380891244553e+03
2.388579903458097760e+03
2.281686373092325994e+03
2.104553472899129702e+03
1.966500557757966817e+03
1.896805165847416447e+03
1.775210696803826295e+03
1.661313324474778710e+03
1.570307188836414070e+03
1.505171281282022846e+03
1.504206859895819662e+03
1.592633182975951740e+03
1.692081842348293549e+03
1.829271976662835186e+03
2.083602034294979148e+03
2.380546673885096880e+03
2.589062736544791278e+03
2.671823050232698733e+03
2.646470932559603170e+03
2.533690952931564880e+03
2.527148583441079609e+03
2.506127601472636798e+03
2.461702535010717838e+03
2.434273572062596486e+03
2.501141432796517620e+03
2.468382760966536352e+03
2.315277996809561955e+03
2.104617480968143354e+03
2.025300282809735108e+03
1.919574512088142228e+03
1.817818522840117112e+03
1.694095589804093606e+03
1.599806090335754789e+03
1.550632044128484722e+03
1.543620871564630761e+03
1.610667997426611691e+03
1.704912470476019507e+03
1.877792673095276996e+03
2.149818012200052635e+03
2.458573303914520693e+03
2.677985638381354420e+03
2.750869456919393997e+03
2.708321336527706535e+03
2.587908683913551158e+03
2.588123855547696166e+03
2.561303078712525348e+03
2.484946446860753895e+03
2.473180423240641176e+03
2.533711344695314438e+03
2.473756394795625056e+03
2.338204748742443371e+03
2.174492729363485978e+03
2.043552836140162299e+03
1.937839336312600835e+03
1.822716905793576416e+03
1.698395619698830387e+03
1.605972279543566174e+03
1.538234935210198046e+03
1.536638912439025489e+03
1.619164305922883614e+03
1.687327270205150398e+03
1.854824657996450014e+03
2.142325958336218719e+03
2.444617415869676734e+03
2.645375426766480359e+03
2.699763651038194439e+03
2.649985016278491003e+03
2.531249849872392588e+03
2.515551360254751671e+03
2.517482266447132133e+03
2.488068549105886632e+03
2.461174838532702324e+03
2.522533996539497821e+03
2.480513792963067317e+03
2.322319289872072204e+03
2.174142367385999933e+03
2.020699049007912890e+03
1.909288888348679393e+03
1.803595872379994034e+03
1.663139313754726572e+03
1.570408581416349080e+03
1.523621963527568141e+03
1.524231348303728055e+03
1.604530644086672964e+03
1.666825057729366335e+03
1.840125988702349559e+03
2.121673403833225166e+03
2.425466932656332574e+03
2.619922237660503015e+03
2.698601765382029498e+03
2.669461400385417164e+03
2.539024311816380759e+03
2.514816226832528628e+03
2.503608497504288152e+03
2.469618195020692383e+03
2.447927889668608714e+03
2.502471838993050369e+03
2.425401302906745514e+03
2.263362014774900672e+03
2.092292923302234158e+03
1.931493287960565567e+03
1.823164532593496915e+03
1.749482041189960455e+03
1.639967024635413736e+03
1.539201458545584956e+03
1.495248639398396790e+03
1.494588602391966333e+03
1.572176650260769520e+03
1.632823658000711248e+03
1.746380100334577492e+03
1.939467326507740154e+03
2.187471930353663083e+03
2.371127443274595862e+03
2.434110054777261666e+03
2.403488506067621074e+03
2.293058420104485776e+03
2.284704895889364707e+03
2.250082662207767044e+03
2.227345559642209082e+03
2.278649648650055497e+03
2.407683120793830312e+03
2.404083506265318647e+03
2.311368513684710251e+03
2.179630681963401457e+03
2.047903376037857925e+03
1.962208037758489127e+03
1.847041057134024413e+03
1.724276968787453598e+03
1.633110705571054950e+03
1.558454152246625199e+03
1.550726749509789443e+03
1.622363194324343795e+03
1.652681463827417474e+03
1.718950627288789747e+03
1.840426430722944588e+03
1.994337253536230037e+03
2.106327630181036966e+03
2.155627694412931305e+03
2.144424715841792931e+03
2.085807969133156348e+03
2.034440860018324656e+03
2.001504794303542894e+03
1.971120324757427170e+03
1.963740219346478398e+03
2.110468969323017973e+03
2.160517429842528145e+03
2.138609138522824196e+03
2.090228664456745264e+03
2.016049457447923487e+03
1.953362634406415282e+03
1.861528677909109547e+03
1.730930120235739196e+03
1.639042842825969274e+03
1.570626403376317739e+03
1.564932006823615438e+03
1.642854805940094366e+03
1.738513220782525423e+03
1.861386682525913784e+03
2.089064425845588175e+03
2.381640603525349889e+03
2.598342912658762998e+03
2.695911419293527160e+03
2.670584214484168569e+03
2.550766335396082468e+03
2.552866607115978695e+03
2.532400645007092862e+03
2.484381932694927400e+03
2.458451313578623740e+03
2.529577015222841055e+03
2.498065722647151233e+03
2.432262763313095093e+03
2.200815169983332453e+03
2.181843680053356366e+03
2.028954668650754456e+03
1.957873927153358636e+03
1.816148546116014359e+03
1.704389269711397674e+03
1.636443273522884510e+03
1.630648884669913741e+03
1.714192646544032186e+03
1.801352346353517987e+03
1.950584893990833280e+03
2.230182867836214882e+03
2.555289749010234573e+03
2.792588282305794564e+03
2.877592244820307315e+03
2.858086037004103673e+03
2.747399929561744102e+03
2.745979331496394479e+03
2.744580992020508347e+03
2.696276579509228668e+03
2.617236353946439067e+03
2.640609787679801229e+03
2.562377369270773215e+03
2.416606200961130980e+03
2.271779967957163990e+03
2.135296950424477473e+03
2.064355197594803030e+03
1.998337086744770659e+03
1.913554600045708867e+03
1.820736523367575046e+03
1.687842141493598319e+03
1.673141117837352567e+03
1.740585614261004594e+03
1.834884653336388965e+03
1.976275319643377543e+03
2.240924828738268388e+03
2.589423310474868686e+03
2.820216962763052834e+03
2.853157274694521675e+03
2.793962996442654912e+03
2.685990229257790361e+03
2.680954711272901932e+03
2.693239311445290696e+03
2.672824695402377074e+03
2.624374788625657857e+03
2.652762335995367721e+03
2.553763870253172172e+03
2.374166527033381954e+03
2.228556817845393653e+03
2.105895619714424356e+03
2.034788288352730888e+03
1.920435663313070336e+03
1.767981981412751111e+03
1.656799856568424048e+03
1.578397669901675044e+03
1.556445870652698659e+03
1.634090434010315221e+03
1.720678612224220160e+03
1.896615279845251052e+03
2.147738196235209216e+03
2.440737612551867187e+03
2.664664783924196854e+03
2.722397839955074232e+03
2.689579534366248936e+03
2.584493387621441343e+03
2.575155963175101533e+03
2.567354147358949376e+03
2.539690219252723637e+03
2.474879586976610426e+03
2.510000198093208837e+03
2.444932223548090860e+03
2.325037625854923135e+03
2.144201393431720135e+03
2.117981519371690410e+03
1.889282858478782828e+03
1.831442077863311169e+03
1.696338425786367907e+03
1.604827143937127630e+03
1.540447129843520543e+03
1.524028645062325950e+03
1.601941640472988183e+03
1.703523444728916274e+03
1.855967405103304372e+03
2.129697668222147968e+03
2.422085114254045948e+03
2.648228538291507448e+03
2.717241743802781912e+03
2.677119550469409205e+03
2.534845812051577923e+03
2.486086192040510923e+03
2.508914715472112221e+03
2.483312919030291596e+03
2.436416413960657792e+03
2.456131808940775500e+03
2.401379622829448181e+03
2.277216072109014931e+03
2.148840824057348527e+03
2.008411950921858988e+03
1.894754912442375598e+03
1.766793324354799552e+03
1.643514367162178132e+03
1.546133885353724054e+03
1.483631737809208289e+03
1.491487810249099084e+03
1.564185611648250415e+03
1.654041981691480487e+03
1.767420061991336979e+03
1.970922258862881790e+03
2.240046471954717617e+03
2.459550528312051938e+03
2.534321838851616576e+03
2.524461038912281765e+03
2.382631971914137921e+03
2.367255310269778420e+03
2.392671688256782545e+03
2.379972422169262245e+03
2.349007459570042556e+03
2.405129620587513728e+03
2.363378504983507810e+03
2.260135262526076076e+03
2.101466591025639445e+03
1.971395737490980309e+03
1.879297419389137758e+03
1.769414052088908875e+03
1.660251185982882362e+03
1.569909685895361008e+03
1.506171792425443982e+03
1.493827080441872113e+03
1.568763734763977936e+03
1.612839927938672417e+03
1.651476360227180749e+03
1.744534258615138924e+03
1.873983881903209749e+03
1.991691745489439199e+03
2.046538017659963089e+03
2.033925801698222358e+03
1.961037935796368174e+03
1.914682320762836753e+03
1.887603941522172590e+03
1.872547394124115272e+03
1.908023208441968791e+03
2.048726612354199915e+03
2.077606162521666647e+03
2.049785008284513424e+03
1.983501591369585867e+03
1.899202963231567537e+03
1.825396567036083525e+03
1.716064545350040135e+03
1.619439725018428362e+03
1.530678092481950216e+03
1.468039872581551435e+03
1.458528873526832285e+03
1.525162576386530645e+03
1.624136682922925047e+03
1.798349490650437701e+03
2.072747863106110344e+03
2.360513084992577660e+03
2.569017251882560231e+03
2.645664563232697674e+03
2.623689672985826292e+03
2.486368042823690303e+03
2.465909632099212558e+03
2.468380057248906269e+03
2.448938689459072521e+03
2.420005588577456365e+03
2.461931272545352385e+03
2.380816211883979122e+03
2.225677787678725053e+03
2.118781943476029483e+03
1.945951609230074382e+03
1.858297286144065311e+03
1.748318342329532925e+03
1.635023146328763687e+03
1.544309460389509240e+03
1.477222388925471932e+03
1.478393651772483508e+03
1.553139920738137562e+03
1.630969361901838283e+03
1.782937820875877151e+03
2.074085859015623555e+03
2.351945208206785537e+03
2.562441005648680857e+03
2.604291204376107544e+03
2.569903807461151246e+03
2.461722382426648437e+03
2.469674211086401101e+03
2.500408035956824278e+03
2.469387971971638308e+03
2.411676130618224761e+03
2.443223242971602758e+03
2.384417770472052325e+03
2.256782024537127654e+03
2.117697685526952228e+03
1.995303668231083293e+03
1.911189606219901634e+03
1.789524070899200751e+03
1.663323184605274946e+03
1.581704922746932652e+03
1.517436210466650664e+03
1.519570821354625423e+03
1.591861534599590186e+03
1.700455529696160283e+03
1.858112933860508520e+03
2.140078346182051973e+03
2.420440785101436632e+03
2.638117687675116485e+03
2.709184194150963776e+03
2.666937689851374671e+03
2.582624255248168993e+03
2.570120545843177752e+03
2.567408476650906778e+03
2.532863743934516606e+03
2.510893796754664436e+03
2.524375918620839457e+03
2.438536465455706093e+03
2.308535956357165105e+03
2.178619433303022106e+03
2.070656283003063436e+03
1.977301837032516005e+03
1.892492061769608654e+03
1.762062513124788211e+03
1.668368305897844493e+03
1.615372590113537854e+03
1.605325952314670531e+03
1.677162617118142862e+03
1.773777012517224648e+03
1.940078589804032390e+03
2.216614601367987234e+03
2.519197574278145112e+03
2.736800308199094616e+03
2.811696526115352754e+03
2.756420773206215017e+03
2.614377458738182668e+03
2.576345184718506516e+03
2.594619824067207446e+03
2.575815719669980354e+03
2.561728479689661526e+03
2.574228629347489914e+03
2.503617491030724977e+03
2.405365228813517660e+03
2.280094261405363795e+03
2.169270197611583171e+03
2.099459155662120338e+03
1.937055403447992376e+03
1.797505055605940470e+03
1.685719110812666486e+03
1.616091076387058820e+03
1.608211879194827588e+03
1.676505821220535381e+03
1.764424167603409842e+03
1.925779652073083298e+03
2.192334863146895714e+03
2.474710108887835759e+03
2.648619813862118917e+03
2.670579217864366001e+03
2.629470899049004856e+03
2.460935305338648504e+03
2.388653391006655966e+03
2.378787589192258110e+03
2.377119242956212020e+03
2.359470944600489020e+03
2.434661344736829051e+03
2.406241342697833716e+03
2.272855900808324350e+03
2.140203294473874394e+03
2.019081440835132298e+03
1.935674596120934439e+03
1.776912484347746386e+03
1.658992025987833131e+03
1.578801415474032183e+03
1.523658099637325904e+03
1.537645310118936550e+03
1.601207875345688990e+03
1.657926714306140639e+03
1.791591789627080516e+03
1.982151775026299902e+03
2.267220454061487999e+03
2.431047640233938637e+03
2.538501783609075119e+03
2.490656876896955509e+03
2.353274148384291038e+03
2.276846528823852168e+03
2.295691391679515164e+03
2.296731427462768806e+03
2.323163774097795795e+03
2.424597529423695050e+03
2.405833349660019849e+03
2.216606928744849029e+03
2.052855039479258721e+03
1.919865943446433448e+03
1.795891164022792509e+03
1.681813276556325945e+03
1.593219098029540419e+03
1.516820242531544864e+03
1.461332713326067278e+03
1.478944072006827355e+03
1.540115274913674511e+03
1.603631645719897733e+03
1.664049586570938573e+03
1.790502455073273723e+03
1.907457300010318022e+03
1.993950470502164990e+03
2.026368702860959957e+03
2.018024159581866570e+03
1.943745356529221453e+03
1.846723312048697153e+03
1.778750911431879103e+03
1.747698507312459014e+03
1.775607535584274501e+03
1.915989082006286708e+03
1.948209201887356130e+03
1.923673557535739064e+03
1.884018752744143967e+03
1.790229896771038739e+03
1.714749629754941452e+03
1.589526669697442003e+03
1.501669573146152516e+03
1.413383340324716301e+03
1.380365715784123722e+03
1.405078124488922185e+03
1.484935302951396125e+03
1.587972666266392253e+03
1.759921322669941219e+03
2.078090350229706473e+03
2.335070989944336361e+03
2.467496275725819032e+03
2.510709474673319619e+03
2.446143089126871928e+03
2.413020694529390767e+03
2.302964730054352003e+03
2.268025482197064321e+03
2.247426970615864320e+03
2.248170264746888733e+03
2.246413946505551394e+03
2.299803804310417945e+03
2.074238105315029316e+03
1.919338676458785358e+03
1.778327771810579634e+03
1.662647682419854846e+03
1.524783090645208404e+03
1.431835675151606210e+03
1.383510512074956750e+03
1.363106103593799617e+03
1.372206564098800072e+03
1.455699428611515941e+03
1.551042817912714781e+03
1.762349449618545805e+03
2.084917211857790790e+03
2.339668889947313346e+03
2.548983657565748672e+03
2.564698075965757653e+03
2.508903864131922091e+03
2.389401747404792786e+03
2.371439221199216718e+03
2.354803908762800347e+03
2.329235673941855111e+03
2.307556429150226450e+03
2.362168347424023068e+03
2.325119236715078387e+03
2.179552863035469727e+03
2.008836710321124428e+03
1.847794487191887583e+03
1.700507257184423906e+03
1.562027227890481299e+03
1.457994323940800314e+03
1.389992055236488113e+03
1.345033258423489087e+03
1.356551392225961308e+03
1.444183955005535154e+03
1.553174099382496479e+03
1.754841775931343363e+03
2.064117023918586256e+03
2.347563484411964964e+03
2.555986703267149096e+03
2.612651418564580581e+03
2.567980634752699189e+03
2.451557042116025514e+03
2.419654415271473226e+03
2.401766357838153453e+03
2.375539607683953818e+03
2.359859803285422004e+03
2.415737058254192561e+03
2.352432113265315820e+03
2.219303838378670662e+03
2.057616319981845209e+03
1.873576630545430589e+03
1.740228868103611831e+03
1.588252895600779766e+03
1.464649777142356243e+03
1.397452505410889671e+03
1.359871327263783087e+03
1.374856370541591559e+03
1.464220728171885639e+03
1.596237432863975755e+03
1.805416365417668885e+03
2.101839312897857781e+03
2.383510531324262502e+03
2.585105757528535833e+03
2.643226243793826598e+03
2.594457568537466614e+03
2.459358338675086998e+03
2.449743914727333504e+03
2.424708567681637760e+03
2.393457490794373371e+03
2.373150034762659743e+03
2.425632282902210136e+03
2.354806696793767514e+03
2.218158932760044536e+03
2.044805548459864212e+03
1.879725211307071049e+03
1.736906639556518712e+03
1.602581587261289997e+03
1.486264396324734889e+03
1.408705085892627039e+03
1.379582239388743574e+03
1.389885151648381452e+03
1.489396115577636465e+03
1.584415911166587193e+03
1.795443026715496899e+03
2.086285993461598082e+03
2.391798811313120950e+03
2.592846307061910920e+03
2.656178721365646197e+03
2.650959792950203337e+03
2.478365137377622432e+03
2.441419947092392249e+03
2.437649837587238835e+03
2.416455855871020503e+03
2.375374403642614652e+03
2.440858865764103939e+03
2.379032716138714022e+03
2.216064212271206543e+03
2.032535803675638363e+03
1.863786518154466648e+03
1.736430016334545371e+03
1.642976963212335249e+03
1.540035804521893851e+03
1.461515243838909100e+03
1.418110443879606919e+03
1.427250083985347374e+03
1.505699032878558910e+03
1.599638101849739542e+03
1.737437150413904419e+03
1.976858368195818230e+03
2.236985983698762539e+03
2.450381268183280099e+03
2.502612168358740746e+03
2.457325068071713758e+03
2.299197845790102292e+03
2.266969511319722642e+03
2.272572165835134911e+03
2.259529441436351590e+03
2.246429869537930244e+03
2.354122535831260393e+03
2.345609746010966774e+03
2.183908712746963374e+03
2.023935041126109354e+03
1.838929366561324287e+03
1.695881513123807508e+03
1.621118055417770393e+03
1.528660459671968283e+03
1.445495817356433463e+03
1.402530106000722299e+03
1.397778115785021100e+03
1.469882855922146973e+03
1.511134415869873237e+03
1.562215377008068344e+03
1.723164705260435767e+03
1.867749991138794030e+03
1.973693521321647040e+03
2.003603040502036038e+03
1.987225445129708305e+03
1.914447105469128019e+03
1.852548792518627124e+03
1.792440178570223907e+03
1.783290085032743264e+03
1.824622860373101503e+03
1.996764023039979065e+03
2.046060615159470444e+03
1.971959363642714834e+03
1.893096553035350553e+03
1.769272892428251225e+03
1.672241405730456108e+03
1.605794804029194438e+03
1.487947079133813304e+03
1.408671832400188578e+03
1.361923377894792338e+03
1.367342324423190348e+03
1.456922600679855805e+03
1.556434560183148051e+03
1.743787535300510626e+03
1.993681076458155076e+03
2.269647836811451270e+03
2.456427902220719716e+03
2.506528886361917557e+03
2.452763785230891699e+03
2.295689793776228726e+03
2.278778231751041403e+03
2.279466993833334982e+03
2.267031811151563943e+03
2.261822566876105611e+03
2.328473580410860450e+03
2.288613437290381171e+03
2.136557004266065178e+03
1.985171100195741474e+03
1.766061711753475493e+03
1.650719664793623224e+03
1.526735920434786067e+03
1.423845080320640818e+03
1.355443881851510923e+03
1.313243863271326063e+03
1.321399966024468540e+03
1.411603582415378696e+03
1.549755299219701556e+03
1.735334517040587571e+03
2.016272225755370300e+03
2.269856995990882297e+03
2.427541213736074042e+03
2.458332217038100225e+03
2.400871518301445121e+03
2.261228575133518916e+03
2.228863137292693409e+03
2.239691228795925781e+03
2.241009616762982205e+03
2.233219724542351287e+03
2.309441184902665100e+03
2.277023917656216327e+03
2.138417885753452538e+03
1.941422063127554793e+03
1.718786509502005401e+03
1.601701382429089108e+03
1.455586620884561626e+03
1.357889552970887962e+03
1.289999726644760585e+03
1.250810793216090815e+03
1.270685957094327478e+03
1.368850001205172248e+03
1.496953405399325675e+03
1.692292132846862614e+03
1.974213421679181010e+03
2.236367134660160445e+03
2.421636421719429109e+03
2.476048794515858845e+03
2.440081248782647435e+03
2.297509869428449747e+03
2.281360954995908742e+03
2.281301091653391268e+03
2.250820908821528974e+03
2.234845126950467602e+03
2.316795425912277096e+03
2.279667279144248369e+03
2.124454354221481026e+03
1.952071277969337416e+03
1.758060140309642293e+03
1.601128201287937372e+03
1.463551931153938085e+03
1.366894956532829383e+03
1.300188166894809001e+03
1.263243617889941333e+03
1.287585311769265445e+03
1.375234125038729871e+03
1.527056863858704901e+03
1.704048902246135640e+03
1.977339303680574403e+03
2.258227269161514869e+03
2.434595157260536325e+03
2.486864817763542305e+03
2.432356116616404961e+03
2.283921145510738370e+03
2.278631842208238595e+03
2.282309180280506098e+03
2.268581261637241823e+03
2.264943842678211695e+03
2.325970209100230932e+03
2.336038208104390833e+03
2.151458130546016491e+03
1.930957659291896334e+03
1.741155233493942887e+03
1.635387048885237846e+03
1.501980561625024620e+03
1.389823411806498825e+03
1.327519482699476384e+03
1.292935582902868418e+03
1.307488788000691329e+03
1.412356126670349113e+03
1.516018757736652105e+03
1.639781644450685008e+03
1.826257237120964874e+03
2.046818493706219215e+03
2.228747290497625272e+03
2.305125657887193029e+03
2.275300876206455541e+03
2.139424240321219258e+03
2.086160213474876855e+03
2.082424972364764471e+03
2.085394953228095801e+03
2.113340859733371417e+03
2.256114095631892269e+03
2.284230882008003391e+03
2.144441001884174057e+03
2.003302633532639902e+03
1.842074322661611404e+03
1.703718113495418265e+03
1.576713232149623764e+03
1.466324362228112022e+03
1.391687090034900848e+03
1.349359686609297341e+03
1.357302202677063633e+03
1.446422057801968776e+03
1.563078072910104993e+03
1.687769621297099775e+03
1.904040244302321298e+03
2.153720062628425239e+03
2.359638433187919418e+03
2.416835352270043586e+03
2.381004680769647621e+03
2.236840771081071580e+03
2.204633041317621064e+03
2.183838320904104421e+03
2.176747951100014234e+03
2.188324282921602389e+03
2.310203545177872911e+03
2.321814833271483167e+03
2.202049292091976895e+03
2.050923865397470308e+03
1.893625026956475040e+03
1.755202638260209824e+03
1.659963924503745602e+03
1.545146546717425053e+03
1.474958430529656425e+03
1.429427101415541301e+03
1.437757090249332350e+03
1.516933812887831664e+03
1.596863398831871791e+03
1.673100945636539109e+03
1.798786530102428742e+03
1.931633513130580241e+03
2.054064179069890997e+03
2.109855693431241889e+03
2.069020820049753183e+03
1.979793585102648876e+03
1.884688016289461757e+03
1.836893616476039597e+03
1.815753325529010453e+03
1.840323697839085753e+03
1.983662469459057775e+03
2.057457102118424700e+03
2.020654287003044601e+03
1.933876233830958881e+03
1.812180706424177743e+03
1.698998626527147735e+03
1.569420665762557974e+03
1.471247149848838490e+03
1.408645311284675699e+03
1.353668971397017685e+03
1.368570922556788673e+03
1.453118351612544075e+03
1.562171791227861377e+03
1.731266212768378182e+03
1.990407736624121753e+03
2.261228496417354108e+03
2.430469443041553404e+03
2.487989037956494030e+03
2.416162970615819631e+03
2.262251029170904530e+03
2.208654649775649887e+03
2.189497174876507870e+03
2.187671935908821524e+03
2.162528463548465879e+03
2.230838992873706047e+03
2.188379027088963085e+03
2.031964805634475169e+03
1.841369718474820957e+03
1.653403660433387813e+03
1.521134395751234706e+03
1.384583278047797194e+03
1.275243176228849734e+03
1.219445394325762436e+03
1.207665445156816077e+03
1.225627670111694670e+03
1.321810911987077361e+03
1.457823272016941928e+03
1.652356319056878874e+03
1.928245486330634094e+03
2.202390215518495552e+03
2.376614449643952867e+03
2.405806272120586982e+03
2.348100325386544682e+03
2.209651672143562337e+03
2.175529505833422718e+03
2.165001978152392894e+03
2.165028869316859073e+03
2.170246361956271357e+03
2.247763766068083441e+03
2.228198028587009958e+03
2.126125809693240626e+03
1.930675942059080171e+03
1.727229285725029968e+03
1.563023348661119371e+03
1.352918552195726988e+03
1.261542733153956760e+03
1.207847459282067575e+03
1.180905389224106557e+03
1.198208212157971047e+03
1.298541016262922767e+03
1.440056913746092050e+03
1.626998259020112073e+03
1.915512706923894029e+03
2.187991864467971482e+03
2.375081244618144410e+03
2.444355558601895609e+03
2.400638989451929774e+03
2.251252314435585049e+03
2.213588230335545632e+03
2.194235940465143813e+03
2.183078242194377708e+03
2.181588388772313010e+03
2.252073493451090599e+03
2.233188775097771668e+03
2.145586323744840684e+03
1.940880540335476326e+03
1.737551464734154251e+03
1.579959293521874315e+03
1.422367403566708845e+03
1.311682081929184733e+03
1.259090775018179102e+03
1.219615304823806355e+03
1.249217002936083873e+03
1.354738112218816696e+03
1.491877362947702977e+03
1.685433362690004969e+03
1.968770957380034133e+03
2.256525944520631128e+03
2.465206773220977084e+03
2.516277636911236186e+03
2.478494748636239819e+03
2.332427405054216251e+03
2.321523737786255879e+03
2.292079098257933310e+03
2.283180396618673512e+03
2.270378055063386000e+03
2.355429770996447587e+03
2.304097583810393644e+03
2.155846800005916975e+03
1.975449297624404380e+03
1.796768673813860460e+03
1.663922250146311171e+03
1.536711602753220177e+03
1.446462449518331596e+03
1.373814293281542859e+03
1.337422904867186389e+03
1.351347643149656960e+03
1.448257541210965883e+03
1.558522173599122880e+03
1.709854645590096425e+03
1.937414056582976400e+03
2.176815467497328427e+03
2.393028824439244545e+03
2.465944971734372302e+03
2.462266491551697982e+03
2.314610675054125295e+03
2.243755171894625164e+03
2.184873690637642540e+03
2.156148278197169020e+03
2.165849046877631281e+03
2.254506295307703567e+03
2.239700886995324254e+03
2.129374186504927820e+03
2.003074162885001215e+03
1.851830811203708208e+03
1.728736930018911607e+03
1.597494894497027872e+03
1.486001609935374290e+03
1.417071991690841742e+03
1.377766071362036655e+03
1.390437586483989662e+03
1.488645972429067115e+03
1.590870535986342475e+03
1.751776295864528493e+03
1.993987138596732166e+03
2.272010537922540607e+03
2.489710981029064442e+03
2.546993048754485244e+03
2.482162506751219553e+03
2.319770201335673846e+03
2.265952334553697710e+03
2.220619127655834745e+03
2.194734363987997767e+03
2.169153702103374599e+03
2.261247969536304936e+03
2.246652761763063154e+03
2.100355743868387435e+03
1.932662008182610180e+03
1.758813473141162603e+03
1.626442194471608673e+03
1.520785471599763696e+03
1.424758414424621833e+03
1.364979194110675508e+03
1.340105017139359234e+03
1.352178696357143053e+03
1.441553898934635754e+03
1.534271717384150406e+03
1.609194590099954894e+03
1.742831851153543539e+03
1.877005844051264830e+03
2.000042191411808972e+03
2.046718231693737835e+03
2.008956554017057897e+03
1.895028206526319309e+03
1.804070294602508284e+03
1.731241850381675476e+03
1.687735472890890605e+03
1.712412450021452059e+03
1.867985906730646775e+03
1.938625789190049773e+03
1.877357135381781063e+03
1.785845985632233578e+03
1.651982593243476913e+03
1.541039387220775325e+03
1.444257976918765735e+03
1.356413400043186812e+03
1.301114530347855407e+03
1.271264027915708084e+03
1.298651452647666019e+03
1.384252933644282166e+03
1.520207553687972677e+03
1.742385656028506673e+03
2.067114048177429140e+03
2.339686358720383851e+03
2.496240045205010574e+03
2.535072205716570807e+03
2.448222424738744394e+03
2.277317410187987662e+03
2.224529774899074255e+03
2.206195651888349403e+03
2.195507022247374152e+03
2.170406895278749289e+03
2.231183641431711749e+03
2.221568260589299825e+03
2.084424435598984928e+03
1.909893654692136124e+03
1.717859718756866869e+03
1.552521575787103984e+03
1.416373877848448728e+03
1.320071810041862364e+03
1.260028677453668479e+03
1.237819202253188678e+03
1.263350798327566736e+03
1.366820814236042906e+03
1.514180069264402619e+03
1.738583582299646196e+03
2.054318888789234279e+03
2.327395019456131195e+03
2.469111529020717171e+03
2.516383104753446787e+03
2.470461303471098745e+03
2.299646088718066494e+03
2.237808271273511764e+03
2.198899000699823773e+03
2.191786253516487250e+03
2.188053453165185601e+03
2.258590551560322183e+03
2.230077962118977666e+03
2.083212669993426971e+03
1.866887860182055192e+03
1.684535564368148243e+03
1.573323933200490728e+03
1.433084462107636682e+03
1.328145311818976552e+03
1.266865240662694760e+03
1.234661490227781314e+03
1.250582046943289697e+03
1.351249334165048367e+03
1.496631182737515473e+03
1.721295754702009390e+03
2.027748976052097305e+03
2.289559482497728368e+03
2.445959826292701109e+03
2.488787091939511811e+03
2.430828141955080810e+03
2.288443181404722964e+03
2.241544912696836946e+03
2.224157001540617784e+03
2.215009950147684776e+03
2.192673453981808052e+03
2.297418582648494976e+03
2.250037750638434318e+03
2.094992872322510266e+03
1.917489667472865904e+03
1.727571206842785614e+03
1.552956543548076297e+03
1.428042899379951677e+03
1.326623813074747886e+03
1.271549618090772810e+03
1.245603267336036424e+03
1.266480044140076188e+03
1.377201313875266351e+03
1.517837204351237460e+03
1.750270096615611919e+03
2.058224768451239015e+03
2.333779777313578961e+03
2.505014918283368843e+03
2.543015747089341403e+03
2.498752995493856815e+03
2.327691181145414703e+03
2.294620587104395327e+03
2.283821822021502157e+03
2.271614017549342861e+03
2.266862713943245126e+03
2.325272295072851193e+03
2.276344240072698540e+03
2.112089471359597610e+03
1.977567889643559965e+03
1.814793511336115444e+03
1.677593241464870061e+03
1.546046431014068958e+03
1.432263392386456189e+03
1.371337677894132867e+03
1.342864324423956532e+03
1.360741410680626814e+03
1.462115665383781334e+03
1.621092271085015909e+03
1.829213322859836580e+03
2.138887029922547754e+03
2.447254735242760489e+03
2.627985653431084756e+03
2.670361327632322173e+03
2.619093856078628050e+03
2.418470214829105771e+03
2.335863212034913886e+03
2.335187133589211044e+03
2.313665841698582426e+03
2.299513861003774764e+03
2.358306167953614477e+03
2.333350288416947933e+03
2.181931648548230442e+03
2.024962087822677631e+03
1.847091955942040386e+03
1.706888390684408932e+03
1.579128123835452243e+03
1.466429034860175307e+03
1.396401899687816012e+03
1.352426844226773483e+03
1.373872506719849753e+03
1.463520021759584324e+03
1.577871169346832858e+03
1.727929473623127706e+03
1.963267998798594135e+03
2.237133611532393843e+03
2.428296122729943363e+03
2.501359071758308346e+03
2.449020733744649078e+03
2.313283167869246427e+03
2.255558441065241823e+03
2.193165448993097925e+03
2.150356368967125491e+03
2.152671314550445913e+03
2.264021972489697418e+03
2.286493083235477116e+03
2.215031439327668977e+03
2.069459615857907920e+03
1.890839702656508280e+03
1.744846564858197098e+03
1.612554869403890507e+03
1.500405823365759716e+03
1.425397870556109638e+03
1.389205458575044986e+03
1.392929234833430428e+03
1.477734350189251245e+03
1.556642678690768435e+03
1.647217829376581903e+03
1.780976135157378394e+03
1.941416261407129923e+03
2.094005346978821763e+03
2.148143293079802788e+03
2.145431294935536698e+03
2.059222462032713338e+03
1.989181535576542501e+03
1.925444766527147976e+03
1.871471031647321979e+03
1.886328872462821437e+03
2.042555459501063297e+03
2.116398135494696362e+03
2.085730738705014119e+03
2.027272466059143198e+03
1.922737594903910349e+03
1.821791340705683297e+03
1.826854273958837666e+03
1.729106797971562401e+03
1.647492826737953465e+03
1.562922720801760988e+03
1.540979620463824631e+03
1.617448978746542707e+03
1.736255098400436736e+03
1.935289792653747554e+03
2.245301099401403917e+03
2.557228032183917094e+03
2.778459679669063462e+03
2.838480102077146512e+03
2.766095725944068818e+03
2.605480057660828152e+03
2.595992080453555445e+03
2.566604708251188640e+03
2.534937123545737450e+03
2.500641682836959717e+03
2.477476635855428867e+03
2.461034336703298322e+03
2.373703926181491624e+03
2.173864178416642517e+03
2.030424651525162062e+03
1.932664261561484636e+03
1.813508655484049768e+03
1.689181536889177551e+03
1.597156148389638247e+03
1.544905502829549505e+03
1.542757447764221524e+03
1.618546301660128847e+03
1.734566852750896487e+03
1.947306874364811620e+03
2.250405639140537005e+03
2.559282500572813206e+03
2.778759336612934476e+03
2.848810339626618315e+03
2.808869578795195594e+03
2.657298978528918269e+03
2.621388102367084684e+03
2.611967156324826647e+03
2.550010973582132010e+03
2.453453380063078839e+03
2.439576012299819013e+03
2.413244593309525499e+03
2.266207424614781758e+03
2.108186371314646749e+03
1.951950719147996779e+03
1.842556024484692443e+03
1.718476470611117520e+03
1.588802750513758610e+03
1.511790883411546019e+03
1.465427337687246563e+03
1.468814062331112382e+03
1.563866203575898680e+03
1.700115501056715630e+03
1.875359640614588216e+03
2.151659319259749736e+03
2.440170609657510795e+03
2.656731028958935440e+03
2.714975485676468907e+03
2.665544343926458623e+03
2.510203247844694488e+03
2.465652553624473057e+03
2.447040024550045928e+03
2.423391567223595302e+03
2.344456239390703104e+03
2.313800583517087034e+03
2.313650912896649515e+03
2.193818781513209160e+03
2.040748187702487485e+03
1.902006454534967361e+03
1.785351119401921324e+03
1.668862384396270954e+03
1.547438281704377232e+03
1.459256980728399640e+03
1.419432594099689823e+03
1.421672288498875105e+03
1.521315246008995928e+03
1.663882797478388966e+03
1.827200649079218010e+03
2.126636317405041609e+03
2.428805347104716475e+03
2.627357287595835260e+03
2.684048169877696637e+03
2.650288587527897562e+03
2.469020683537896275e+03
2.403190170102074717e+03
2.368852888140118921e+03
2.338085640078701999e+03
2.275773500058393893e+03
2.308103056045852099e+03
2.314917461556345188e+03
2.175933759027252108e+03
2.006887312149437093e+03
1.835922951274756997e+03
1.702380383957832692e+03
1.565837658113730413e+03
1.451412607068848729e+03
1.392375832691967616e+03
1.346444505369725448e+03
1.352571361670950637e+03
1.446321202200301968e+03
1.558238369857182988e+03
1.715907180048578084e+03
1.957590768658973502e+03
2.211512789161397905e+03
2.399712689162588504e+03
2.440544395113442079e+03
2.386929574588107698e+03
2.248020769109714820e+03
2.218106150122127019e+03
2.201235581201385230e+03
2.181866119693061592e+03
2.167713271997478387e+03
2.232769598268374011e+03
2.256776703207156061e+03
2.142757607123746311e+03
1.999279328233131082e+03
1.834221221262105701e+03
1.688435590737824214e+03
1.560018621352587843e+03
1.458433572570598244e+03
1.387897024629691714e+03
1.326141905402256725e+03
1.340460850507106670e+03
1.419209791926312619e+03
1.509666923521496983e+03
1.596172590447145922e+03
1.731692090859224436e+03
1.875079464545771998e+03
1.988403898296187890e+03
2.047183639977915391e+03
2.017208558950063662e+03
1.894113510236266848e+03
1.817163573522359002e+03
1.798459136616943852e+03
1.781926048335352334e+03
1.767146050806829862e+03
1.893261761908748213e+03
1.985386215875365224e+03
1.963929142414461239e+03
1.901316189433767931e+03
1.785737980037620446e+03
1.678647322691233967e+03
1.573501738872173291e+03
1.468936867493276168e+03
1.391351744206596550e+03
1.359949917920741200e+03
1.374278750066422162e+03
1.472861458269034301e+03
1.609284666600869514e+03
1.830415747445896386e+03
2.137754020990137633e+03
2.435832124566337370e+03
2.613450152502016408e+03
2.650570927845221377e+03
2.584340238367401980e+03
2.457775926513487775e+03
2.423919828555668573e+03
2.411548649619865955e+03
2.386092774794710294e+03
2.352210487849146830e+03
2.351484371341744009e+03
2.309744572849489941e+03
2.192396569887356236e+03
2.029930387011418588e+03
1.853856299061769505e+03
1.701094756435686122e+03
1.567001546014654423e+03
1.459631946689913093e+03
1.390641236353254953e+03
1.353566742776003366e+03
1.373697279718597656e+03
1.468644823063509193e+03
1.611583509246568838e+03
1.823412346200492493e+03
2.126941007579795951e+03
2.408584492353363203e+03
2.595403632207114242e+03
2.651632892395208728e+03
2.611241897782881097e+03
2.477919256720729663e+03
2.459561526404782853e+03
2.448624678620327359e+03
2.434818551690223103e+03
2.381090599692972319e+03
2.398561496548512423e+03
2.401647516855334288e+03
2.266119565852055985e+03
2.101525248898358313e+03
1.930891272401283913e+03
1.774707445719345515e+03
1.646101722821669227e+03
1.531162840424001615e+03
1.447999640907914227e+03
1.413763385592880923e+03
1.425682350654659331e+03
1.515671424042998296e+03
1.634709475054092309e+03
1.826485574645465249e+03
2.136815781168418653e+03
2.413941961210398858e+03
2.600245026196725121e+03
2.649791227979947507e+03
2.622563427121878703e+03
2.471779230154133529e+03
2.441440549029615340e+03
2.431307382091833006e+03
2.419618736621524477e+03
2.362538499482619045e+03
2.375993545861857456e+03
2.358800212244646900e+03
2.211316840678889548e+03
2.031631472200113194e+03
1.840389270356215548e+03
1.694654981507706907e+03
1.580603655951468681e+03
1.477829865324580624e+03
1.401703110503467315e+03
1.368223875130731813e+03
1.384455654069926595e+03
1.480136814231259223e+03
1.610280303685765830e+03
1.791904197967778600e+03
2.087823831761779729e+03
2.358107505424059582e+03
2.481416521813956933e+03
2.544252449526434702e+03
2.507290601382923796e+03
2.348382108319646704e+03
2.325222479515782652e+03
2.311706470322555560e+03
2.284487704745172323e+03
2.270158041333303117e+03
2.306856627552121608e+03
2.318472293214621459e+03
2.192108847002239600e+03
2.034372909920598659e+03
1.852932192426726715e+03
1.713480326040528780e+03
1.574168680714613629e+03
1.452207153653391742e+03
1.380033713289659090e+03
1.339150300861147116e+03
1.362034905463289533e+03
1.456117082940111686e+03
1.587004225758573739e+03
1.778292179403876617e+03
2.071688382475709204e+03
2.350024093937264752e+03
2.539673328174712424e+03
2.589477052527009164e+03
2.569711555507377398e+03
2.416226925814086826e+03
2.374557616198221240e+03
2.362190314320955167e+03
2.353719327555456857e+03
2.320882749918924219e+03
2.358120197169865150e+03
2.357502306404383035e+03
2.217850102175046231e+03
2.053611863360604275e+03
1.875257904074251428e+03
1.730116085412250641e+03
1.584181008171845406e+03
1.477214918976872923e+03
1.409059624641538448e+03
1.372893362772528235e+03
1.385315931286571868e+03
1.492341320506393231e+03
1.586682421737224786e+03
1.712993695947607421e+03
1.933525958098076444e+03
2.181024511855469427e+03
2.382889955097224174e+03
2.448816307503899679e+03
2.407742007393864696e+03
2.262201016051965780e+03
2.227990734028422139e+03
2.219171373700952245e+03
2.190718590402033442e+03
2.185223965799775669e+03
2.272654189495590344e+03
2.316739457755964850e+03
2.232814882185929491e+03
2.087475745835457928e+03
1.918236197950028554e+03
1.784629727530480523e+03
1.633455729533039403e+03
1.524296298417348225e+03
1.462387021590656332e+03
1.418506430021668848e+03
1.411327213460869871e+03
1.484170393381833264e+03
1.548124040565199721e+03
1.625957077981800239e+03
1.771268107686736357e+03
1.906710951273617411e+03
2.024167264403054560e+03
2.072062788123448172e+03
2.051281038633267144e+03
1.965272276730260728e+03
1.891822390728513255e+03
1.853189371797205922e+03
1.828771982980578287e+03
1.801351287162411154e+03
1.899525985891360506e+03
2.002668778303810541e+03
1.947702677450369720e+03
1.868819585423959097e+03
1.734963750845005734e+03
1.612864692235008988e+03
1.509419141771707928e+03
1.416739141206470094e+03
1.352618095732781740e+03
1.308294733953512377e+03
1.320909345663953218e+03
1.415787124615485936e+03
1.537453220079851690e+03
1.736378250011914815e+03
2.050322668002976570e+03
2.301799029561546831e+03
2.463422840396325682e+03
2.507769110208464554e+03
2.462745297352155376e+03
2.325628762543135963e+03
2.288403931804470176e+03
2.258328741005798747e+03
2.249502048544887657e+03
2.219369010560717015e+03
2.267049284861370779e+03
2.284948441016389097e+03
2.145807637248940864e+03
1.973528182167387058e+03
1.785385163869101916e+03
1.624121532542835212e+03
1.496373293552498126e+03
1.400191276814014827e+03
1.326458645313643729e+03
1.277602826007150725e+03
1.297448735395214271e+03
1.389172553962882148e+03
1.502713876106330417e+03
1.608439510621535192e+03
1.767612962161179894e+03
1.878459974126131556e+03
1.916101879979923297e+03
1.914987732168916182e+03
1.895618525597410553e+03
1.779810270332726077e+03
1.705803596146366999e+03
1.672878281421385054e+03
1.673747659293037714e+03
1.712760018407456073e+03
1.844324451005555602e+03
1.958762493084365587e+03
1.912469048537061099e+03
1.822615275345659711e+03
1.668619148464300451e+03
1.527288089052590749e+03
1.390343127081953298e+03
1.293786868010138051e+03
1.232509605861131604e+03
1.203430150591227402e+03
1.219164777957815886e+03
1.316648580662067616e+03
1.448320216413321077e+03
1.670769741034048593e+03
1.987536140109992402e+03
2.268596274797788283e+03
2.434114958802966157e+03
2.455686134618949836e+03
2.395439747969136988e+03
2.272695954669711227e+03
2.222676303499220467e+03
2.227812603752312043e+03
2.230699965102205169e+03
2.209262707518797015e+03
2.246851694407072955e+03
2.249737288102627190e+03
2.099953135613710401e+03
1.924423155954350477e+03
1.717793989916631517e+03
1.536788155127865821e+03
1.388585703725973417e+03
1.291760031915109039e+03
1.228120658989302910e+03
1.184655003078647724e+03
1.213310536933425510e+03
1.320340193670886720e+03
1.471021924483873363e+03
1.692006151158074772e+03
2.002463466617041604e+03
2.279845774171870744e+03
2.445131765576416910e+03
2.505556646913116310e+03
2.458218938602425169e+03
2.293065758822919634e+03
2.272218604256843719e+03
2.256774540034004076e+03
2.246810716405599123e+03
2.220288405089750995e+03
2.239724261042011221e+03
2.255757479649674679e+03
2.135184455173499828e+03
1.954073950794652319e+03
1.749829589213730287e+03
1.564555826997166605e+03
1.406068401916020093e+03
1.295347347063022198e+03
1.243712719106378245e+03
1.227800966871565834e+03
1.256845617611202670e+03
1.365437871515149936e+03
1.513558280032817720e+03
1.744629830478677150e+03
2.061023616037101419e+03
2.327558743706265432e+03
2.491271682606053673e+03
2.534054073626943136e+03
2.502322579476182455e+03
2.352931365755393472e+03
2.303084598547343830e+03
2.291064694088016950e+03
2.266631058706240765e+03
2.250934104600940373e+03
2.276196270362240739e+03
2.300467158273167570e+03
2.179510158575090372e+03
2.013242630061766249e+03
1.803612203799315921e+03
1.605418964489194195e+03
1.431444226950126904e+03
1.331346792345197173e+03
1.275734626262568781e+03
1.243401176927043252e+03
1.276635620146623296e+03
1.367864652842189116e+03
1.485731918600151403e+03
1.665326899827920670e+03
1.935587555981671812e+03
2.208387861520345723e+03
2.386978077000550911e+03
2.443541044688472539e+03
2.374939953413339481e+03
2.240830652671425014e+03
2.177050205116377128e+03
2.159683123439924202e+03
2.157823453053093090e+03
2.155149264464852877e+03
2.214434978002355365e+03
2.241705253315681603e+03
2.125505335250191820e+03
1.949094383098607977e+03
1.742076298925700030e+03
