2.331599999999999895e+01
2.449533333333333474e+01
2.492000000000000171e+01
2.508866666666666490e+01
2.509199999999999875e+01
2.477866666666666262e+01
2.424066666666666592e+01
2.373799999999999955e+01
2.340266666666666850e+01
2.291533333333333289e+01
2.258266666666666822e+01
2.235199999999999676e+01
2.197066666666666634e+01
2.142599999999999838e+01
2.057733333333333547e+01
1.957666666666666444e+01
1.847000000000000242e+01
1.756999999999999673e+01
1.712733333333333263e+01
1.699133333333333340e+01
1.719799999999999685e+01
1.801733333333333320e+01
1.943866666666666632e+01
2.115333333333332888e+01
2.276533333333333076e+01
2.377999999999999758e+01
2.415866666666666518e+01
2.431866666666666532e+01
2.428133333333333610e+01
2.409933333333333394e+01
2.372333333333333627e+01
2.330866666666666731e+01
2.325066666666666748e+01
2.311333333333333329e+01
2.304066666666666663e+01
2.307533333333333303e+01
2.313200000000000145e+01
2.290066666666666606e+01
2.219400000000000261e+01
2.118599999999999994e+01
2.016333333333333400e+01
1.928200000000000003e+01
1.868400000000000105e+01
1.825799999999999912e+01
1.804199999999999804e+01
1.817466666666666697e+01
1.868200000000000216e+01
1.952466666666666839e+01
2.041199999999999903e+01
2.110533333333333061e+01
2.143799999999999528e+01
2.153399999999999892e+01
2.145733333333333448e+01
2.109800000000000253e+01
2.069800000000000040e+01
2.058333333333333215e+01
2.096066666666666478e+01
2.139600000000000080e+01
2.159666666666666757e+01
2.169466666666666654e+01
2.166066666666666407e+01
2.140866666666666518e+01
2.074666666666666615e+01
1.996666666666666501e+01
1.910866666666666802e+01
1.827933333333333366e+01
1.774866666666666859e+01
1.746133333333333226e+01
1.761066666666666691e+01
1.843200000000000216e+01
1.989066666666666450e+01
2.167066666666666563e+01
2.330933333333333124e+01
2.444000000000000128e+01
2.485666666666666913e+01
2.500466666666666526e+01
2.488733333333333420e+01
2.459666666666666757e+01
2.410333333333333172e+01
2.367333333333333556e+01
2.345400000000000063e+01
2.301533333333333431e+01
2.270266666666666922e+01
2.237933333333333152e+01
2.205533333333333346e+01
2.154000000000000270e+01
2.071666666666666146e+01
1.980666666666666842e+01
1.890333333333333243e+01
1.816666666666666785e+01
1.779733333333333434e+01
1.766800000000000281e+01
1.797333333333333627e+01
1.892999999999999972e+01
2.052133333333333454e+01
2.227800000000000225e+01
2.384933333333333394e+01
2.473866666666666703e+01
2.510399999999999920e+01
2.528866666666666418e+01
2.529733333333333078e+01
2.517333333333333556e+01
2.477666666666666728e+01
2.418599999999999994e+01
2.373733333333333206e+01
2.323933333333333096e+01
2.283466666666666711e+01
2.264600000000000080e+01
2.255999999999999872e+01
2.220333333333333314e+01
2.143533333333333246e+01
2.050466666666666526e+01
1.955199999999999960e+01
1.872533333333333161e+01
1.819999999999999929e+01
1.796266666666666723e+01
1.817266666666666808e+01
1.905533333333333346e+01
2.068666666666666742e+01
2.258933333333333238e+01
2.426733333333333320e+01
2.534333333333333016e+01
2.586266666666666580e+01
2.617266666666666453e+01
2.641466666666666541e+01
2.621666666666666146e+01
2.569266666666666410e+01
2.518733333333333135e+01
2.483133333333332970e+01
2.429733333333333078e+01
2.371466666666666612e+01
2.332533333333333303e+01
2.303666666666667240e+01
2.250266666666666282e+01
2.167599999999999838e+01
2.070200000000000173e+01
1.971266666666666723e+01
1.890333333333333243e+01
1.837999999999999901e+01
1.809133333333333482e+01
1.824800000000000111e+01
1.908533333333333104e+01
2.051400000000000290e+01
2.223799999999999955e+01
2.387999999999999901e+01
2.488133333333333397e+01
2.530000000000000071e+01
2.550799999999999912e+01
2.554599999999999582e+01
2.540466666666666740e+01
2.498200000000000287e+01
2.460066666666666535e+01
2.420400000000000063e+01
2.368066666666667075e+01
2.325799999999999912e+01
2.302466666666666839e+01
2.290866666666666518e+01
2.252666666666666373e+01
2.175333333333333030e+01
2.081799999999999784e+01
1.986666666666666714e+01
1.905000000000000071e+01
1.857266666666667021e+01
1.832200000000000273e+01
1.850866666666666660e+01
1.939333333333333087e+01
2.087466666666666626e+01
2.272400000000000020e+01
2.454933333333333323e+01
2.583466666666666711e+01
2.636333333333333329e+01
2.663599999999999923e+01
2.657600000000000051e+01
2.611933333333333351e+01
2.538400000000000034e+01
2.460933333333333195e+01
2.387400000000000233e+01
2.296533333333333360e+01
2.223133333333333539e+01
2.169666666666666544e+01
2.131400000000000361e+01
2.083333333333333215e+01
2.013266666666666893e+01
1.932933333333333437e+01
1.849400000000000333e+01
1.777933333333333366e+01
1.737800000000000011e+01
1.720800000000000196e+01
1.731933333333332925e+01
1.791533333333333289e+01
1.909533333333333260e+01
2.061066666666666336e+01
2.200799999999999912e+01
2.288466666666666427e+01
2.313266666666666893e+01
2.308733333333333348e+01
2.279933333333333323e+01
2.228533333333333033e+01
2.184066666666666734e+01
2.165599999999999881e+01
2.163933333333333309e+01
2.148599999999999710e+01
2.119800000000000040e+01
2.086933333333332996e+01
2.054333333333333300e+01
2.008666666666666600e+01
1.942466666666666697e+01
1.865066666666666606e+01
1.789399999999999835e+01
1.721666666666666501e+01
1.681666666666666643e+01
1.659599999999999653e+01
1.658200000000000074e+01
1.690800000000000125e+01
1.757066666666666777e+01
1.834333333333333016e+01
1.911599999999999966e+01
1.961866666666666603e+01
1.977266666666666595e+01
1.969466666666666299e+01
1.939999999999999858e+01
1.900266666666666637e+01
1.866199999999999903e+01
1.862733333333333618e+01
1.914266666666666694e+01
1.952400000000000091e+01
1.977466666666666839e+01
1.992200000000000060e+01
1.999533333333333118e+01
1.973466666666666924e+01
1.919266666666667120e+01
1.842466666666666697e+01
1.762400000000000233e+01
1.691666666666666785e+01
1.657333333333333414e+01
1.650600000000000023e+01
1.694400000000000261e+01
1.805666666666666842e+01
1.978600000000000136e+01
2.166466666666666896e+01
2.325666666666666771e+01
2.424399999999999622e+01
2.455266666666666708e+01
2.454533333333333900e+01
2.428200000000000003e+01
2.381866666666666532e+01
2.327466666666666839e+01
2.285399999999999920e+01
2.246733333333333249e+01
2.183200000000000074e+01
2.125133333333333496e+01
2.060333333333333528e+01
2.000799999999999912e+01
1.940666666666666984e+01
1.870133333333333070e+01
1.795866666666666589e+01
1.721999999999999531e+01
1.659866666666666646e+01
1.631400000000000006e+01
1.631533333333333147e+01
1.678533333333333388e+01
1.796799999999999997e+01
1.969999999999999929e+01
2.158399999999999963e+01
2.312666666666666870e+01
2.406333333333333613e+01
2.429733333333333434e+01
2.422400000000000020e+01
2.400733333333333519e+01
2.365666666666666984e+01
2.324933333333333252e+01
2.295533333333333204e+01
2.269466666666666654e+01
2.223000000000000043e+01
2.172400000000000020e+01
2.121933333333333493e+01
2.072133333333333383e+01
2.028599999999999781e+01
1.937866666666666760e+01
1.846533333333333360e+01
1.757866666666666688e+01
1.695866666666666589e+01
1.658600000000000207e+01
1.638333333333333286e+01
1.679599999999999937e+01
1.791933333333333067e+01
1.966333333333333400e+01
2.169799999999999685e+01
2.339933333333333465e+01
2.435200000000000031e+01
2.447866666666666546e+01
2.431599999999999895e+01
2.401533333333333076e+01
2.359199999999999875e+01
2.317200000000000060e+01
2.291066666666666762e+01
2.270800000000000196e+01
2.230999999999999872e+01
2.190133333333333354e+01
2.144133333333333269e+01
2.094399999999999906e+01
2.034533333333333260e+01
1.954466666666666796e+01
1.865666666666666984e+01
1.776933333333333564e+01
1.704066666666666663e+01
1.669600000000000151e+01
1.665800000000000125e+01
1.710733333333333306e+01
1.816266666666666652e+01
1.988133333333333397e+01
2.168066666666667075e+01
2.317066666666666563e+01
2.397599999999999909e+01
2.399599999999999866e+01
2.368066666666666364e+01
2.324533333333333118e+01
2.282666666666666444e+01
2.243333333333333357e+01
2.232266666666666666e+01
2.217799999999999727e+01
2.170599999999999952e+01
2.112733333333333618e+01
2.058600000000000207e+01
2.005600000000000094e+01
1.946399999999999864e+01
1.875400000000000134e+01
1.800933333333333408e+01
1.733399999999999963e+01
1.676199999999999690e+01
1.651799999999999713e+01
1.655666666666666487e+01
1.703666666666666885e+01
1.818133333333333468e+01
1.994733333333333292e+01
2.175999999999999801e+01
2.312533333333333374e+01
2.388133333333333397e+01
2.397133333333333383e+01
2.374599999999999866e+01
2.333533333333333104e+01
2.295333333333333314e+01
2.256066666666666976e+01
2.235400000000000276e+01
2.224866666666666859e+01
2.192266666666666453e+01
2.147466666666666768e+01
2.073200000000000287e+01
2.009799999999999898e+01
1.940666666666666273e+01
1.867066666666666563e+01
1.794400000000000261e+01
1.722133333333333383e+01
1.665933333333333266e+01
1.639000000000000057e+01
1.638133333333333397e+01
1.666999999999999815e+01
1.747000000000000242e+01
1.895199999999999818e+01
2.059933333333333394e+01
2.196199999999999974e+01
2.289199999999999946e+01
2.312866666666666760e+01
2.301600000000000179e+01
2.264999999999999858e+01
2.223533333333333317e+01
2.188533333333333175e+01
2.187799999999999656e+01
2.202599999999999980e+01
2.181066666666666976e+01
2.137733333333333618e+01
2.086933333333332996e+01
2.031533333333333502e+01
1.970400000000000063e+01
1.896133333333333582e+01
1.812866666666666760e+01
1.733000000000000185e+01
1.670599999999999952e+01
1.637666666666666870e+01
1.623933333333333096e+01
1.632600000000000051e+01
1.674933333333333252e+01
1.748466666666666569e+01
1.849733333333333363e+01
1.941399999999999793e+01
2.001400000000000290e+01
2.018599999999999994e+01
2.014000000000000057e+01
1.989933333333333465e+01
1.960266666666666779e+01
1.932866666666666688e+01
1.942266666666666453e+01
1.985800000000000054e+01
2.012199999999999989e+01
1.993933333333333024e+01
2.010066666666666535e+01
2.009866666666666646e+01
1.979799999999999827e+01
1.920600000000000307e+01
1.844533333333333402e+01
1.760733333333333306e+01
1.691933333333333422e+01
1.663133333333333042e+01
1.670400000000000063e+01
1.734333333333333727e+01
1.866133333333333510e+01
2.062200000000000344e+01
2.266933333333333067e+01
2.433866666666666490e+01
2.534533333333332905e+01
2.564399999999999835e+01
2.565266666666666850e+01
2.549799999999999756e+01
2.510600000000000165e+01
2.474533333333333474e+01
2.435800000000000054e+01
2.382066666666666421e+01
2.303266666666666751e+01
2.224533333333333474e+01
2.160000000000000142e+01
2.101999999999999602e+01
2.035466666666666669e+01
1.950866666666666660e+01
1.858399999999999963e+01
1.769866666666666788e+01
1.702666666666666373e+01
1.674066666666666237e+01
1.681800000000000139e+01
1.734866666666666646e+01
1.852733333333333121e+01
2.025799999999999912e+01
2.213533333333333175e+01
2.371400000000000219e+01
2.462799999999999656e+01
2.471066666666666833e+01
2.447266666666666524e+01
2.407199999999999918e+01
2.362599999999999767e+01
2.325333333333333385e+01
2.306666666666666643e+01
2.286533333333333218e+01
2.240733333333333377e+01
2.178800000000000381e+01
2.105466666666666598e+01
2.023333333333333428e+01
1.940533333333333132e+01
1.854400000000000048e+01
1.771266666666666723e+01
1.696133333333333226e+01
1.638533333333333530e+01
1.614266666666666694e+01
1.616933333333333422e+01
1.666733333333333533e+01
1.778066666666666507e+01
1.938266666666666893e+01
2.105866666666666731e+01
2.243333333333333357e+01
2.322333333333333627e+01
2.332400000000000162e+01
2.303666666666666529e+01
2.248133333333333539e+01
2.185066666666666535e+01
2.143799999999999883e+01
2.135933333333333195e+01
2.142599999999999838e+01
2.120733333333333448e+01
2.076333333333333186e+01
2.018133333333333468e+01
1.943133333333333468e+01
1.859266666666666623e+01
1.773333333333333428e+01
1.693200000000000216e+01
1.624933333333333252e+01
1.574533333333333296e+01
1.559666666666666579e+01
1.577733333333333299e+01
1.650799999999999912e+01
1.790800000000000125e+01
1.984733333333333150e+01
2.190199999999999747e+01
2.354933333333332968e+01
2.451133333333332942e+01
2.470066666666666677e+01
2.459266666666666623e+01
2.430666666666666842e+01
2.392999999999999972e+01
2.353266666666666751e+01
2.335866666666666802e+01
2.323733333333333562e+01
2.285533333333333772e+01
2.227933333333333721e+01
2.158733333333333348e+01
2.086466666666666825e+01
1.996666666666666501e+01
1.898599999999999710e+01
1.804333333333333300e+01
1.719133333333333269e+01
1.654666666666666686e+01
1.631666666666666643e+01
1.641933333333333422e+01
1.707400000000000162e+01
1.845933333333333337e+01
2.038600000000000279e+01
2.241933333333333067e+01
2.400000000000000000e+01
2.481400000000000361e+01
2.492399999999999949e+01
2.474066666666666592e+01
2.445333333333333314e+01
2.407733333333333192e+01
2.363800000000000168e+01
2.336399999999999721e+01
2.311466666666666825e+01
2.263866666666666916e+01
2.199666666666666970e+01
2.134466666666666868e+01
2.066933333333333067e+01
1.985733333333333306e+01
1.895600000000000307e+01
1.805733333333333590e+01
1.720133333333333070e+01
1.657733333333333192e+01
1.630333333333333101e+01
1.630666666666666842e+01
1.669933333333333536e+01
1.765866666666666518e+01
1.913200000000000145e+01
2.077933333333333366e+01
2.222000000000000242e+01
2.303133333333333255e+01
2.316066666666666407e+01
2.303333333333333499e+01
2.277533333333333232e+01
2.244800000000000040e+01
2.210666666666666913e+01
2.204533333333333545e+01
2.222066666666666634e+01
2.207333333333333414e+01
2.170466666666666455e+01
2.127400000000000091e+01
2.070400000000000063e+01
2.002466666666666839e+01
1.922000000000000242e+01
1.835933333333333550e+01
1.755333333333333101e+01
1.688133333333333397e+01
1.652733333333333476e+01
1.643333333333333357e+01
1.655533333333333346e+01
1.699266666666666481e+01
1.782199999999999918e+01
1.877466666666666839e+01
1.959800000000000253e+01
2.012066666666666848e+01
2.024533333333333474e+01
2.010666666666666913e+01
1.986599999999999966e+01
1.955666666666666487e+01
1.927133333333333454e+01
1.932866666666666688e+01
1.983333333333333215e+01
2.014866666666666717e+01
2.032933333333333437e+01
2.038133333333333397e+01
2.027599999999999980e+01
1.985466666666666669e+01
1.917599999999999838e+01
1.839600000000000080e+01
1.762599999999999767e+01
1.693000000000000327e+01
1.661733333333333107e+01
1.659866666666666291e+01
1.711266666666666580e+01
1.840466666666666740e+01
2.020599999999999952e+01
2.204666666666666686e+01
2.363733333333333420e+01
2.466333333333333400e+01
2.481333333333332902e+01
2.474733333333333718e+01
2.457400000000000162e+01
2.431133333333333368e+01
2.401533333333333431e+01
2.380399999999999849e+01
2.358733333333332993e+01
2.308533333333333104e+01
2.242866666666666831e+01
2.178133333333333610e+01
2.115733333333333377e+01
2.057066666666666777e+01
1.973333333333333428e+01
1.885999999999999943e+01
1.803666666666666885e+01
1.737733333333333618e+01
1.697600000000000264e+01
1.697000000000000242e+01
1.746333333333333471e+01
1.864733333333333576e+01
2.029400000000000048e+01
2.227733333333333476e+01
2.387200000000000344e+01
2.483599999999999852e+01
2.505000000000000071e+01
2.507133333333333169e+01
2.497333333333333627e+01
2.478800000000000026e+01
2.443866666666666987e+01
2.408333333333333215e+01
2.385533333333333772e+01
2.331466666666666754e+01
2.265533333333333132e+01
2.208533333333333104e+01
2.157466666666666555e+01
2.090866666666666518e+01
2.010200000000000031e+01
1.912933333333333152e+01
1.820933333333333337e+01
1.742666666666666586e+01
1.703933333333333522e+01
1.692933333333333223e+01
1.744000000000000128e+01
1.865333333333333243e+01
2.043733333333333491e+01
2.247666666666666657e+01
2.410333333333333528e+01
2.510533333333333772e+01
2.533933333333333593e+01
2.532466666666666555e+01
2.514800000000000324e+01
2.485333333333333528e+01
2.439666666666666828e+01
2.406333333333333258e+01
2.381066666666666620e+01
2.322266666666666879e+01
2.268333333333333357e+01
2.224066666666666592e+01
2.173399999999999821e+01
2.112200000000000344e+01
2.031733333333333391e+01
1.941933333333333422e+01
1.853466666666666640e+01
1.774666666666666615e+01
1.736066666666666691e+01
1.727866666666666617e+01
1.770866666666666589e+01
1.882400000000000162e+01
2.067200000000000415e+01
2.260866666666666802e+01
2.422400000000000020e+01
2.501866666666666461e+01
2.512333333333333130e+01
2.503200000000000003e+01
2.490333333333332888e+01
2.468466666666666498e+01
2.432666666666666799e+01
2.417933333333333223e+01
2.406933333333332925e+01
2.370400000000000063e+01
2.320333333333333314e+01
2.274200000000000088e+01
2.207733333333333547e+01
2.124266666666666481e+01
2.037733333333333263e+01
1.950000000000000000e+01
1.870266666666666566e+01
1.811666666666666714e+01
1.786133333333333084e+01
1.782600000000000051e+01
1.801400000000000290e+01
1.855066666666666464e+01
1.952333333333333343e+01
2.071600000000000108e+01
2.178399999999999892e+01
2.279933333333333323e+01
2.310333333333333528e+01
2.316199999999999903e+01
2.306866666666666532e+01
2.284266666666666978e+01
2.254533333333333545e+01
2.260733333333333306e+01
2.273000000000000398e+01
2.269666666666666544e+01
2.251066666666666549e+01
2.230333333333333456e+01
2.209533333333333260e+01
2.167733333333333334e+01
2.093866666666666632e+01
2.001333333333333186e+01
1.905666666666666842e+01
1.826200000000000045e+01
1.781933333333332925e+01
1.769933333333333536e+01
1.797333333333333272e+01
1.890800000000000125e+01
2.048000000000000043e+01
2.235333333333333528e+01
2.396866666666666745e+01
2.500400000000000134e+01
2.523799999999999955e+01
2.529533333333333545e+01
2.519133333333333269e+01
2.490133333333333354e+01
2.452733333333333121e+01
2.433399999999999963e+01
2.372200000000000131e+01
2.294533333333333402e+01
2.215733333333333377e+01
2.145933333333333337e+01
2.088999999999999702e+01
2.036599999999999966e+01
1.971866666666666390e+01
1.894733333333333647e+01
1.811666666666666714e+01
1.733399999999999963e+01
1.690666666666666984e+01
1.667866666666666831e+01
1.671333333333333471e+01
1.705533333333333346e+01
1.774200000000000088e+01
1.863466666666666427e+01
1.944600000000000151e+01
2.005199999999999960e+01
2.024599999999999866e+01
2.012866666666666760e+01
1.985266666666666779e+01
1.947133333333333738e+01
1.922733333333333050e+01
1.951799999999999713e+01
1.995466666666667166e+01
2.023933333333333451e+01
2.033999999999999986e+01
2.033133333333333681e+01
2.022466666666666768e+01
1.985999999999999943e+01
1.920999999999999730e+01
1.842599999999999838e+01
1.763266666666666893e+01
1.697066666666666634e+01
1.671999999999999886e+01
1.683466666666666711e+01
1.747466666666666768e+01
1.887266666666666382e+01
2.083800000000000097e+01
2.290266666666666495e+01
2.459533333333333260e+01
2.535199999999999676e+01
2.536533333333333573e+01
2.529866666666666575e+01
2.523666666666666814e+01
2.509266666666666623e+01
2.477933333333333010e+01
2.451600000000000179e+01
2.421599999999999753e+01
2.364999999999999858e+01
2.300066666666666748e+01
2.238933333333333309e+01
2.187400000000000233e+01
2.119600000000000151e+01
2.031266666666666865e+01
1.929266666666666552e+01
1.831400000000000361e+01
1.754000000000000270e+01
1.716733333333333178e+01
1.718066666666667075e+01
1.767066666666666919e+01
1.892866666666666831e+01
2.087000000000000099e+01
2.297666666666667012e+01
2.469400000000000261e+01
2.576733333333333320e+01
2.605066666666666464e+01
2.609333333333333727e+01
2.602466666666666839e+01
2.577266666666666950e+01
2.530999999999999872e+01
2.491466666666666896e+01
2.451666666666666572e+01
2.394466666666666654e+01
2.326799999999999713e+01
2.271799999999999997e+01
2.226600000000000179e+01
2.161933333333332996e+01
2.072466666666666768e+01
1.979933333333333323e+01
1.885199999999999676e+01
1.805466666666666598e+01
1.770866666666666589e+01
1.770266666666666922e+01
1.817266666666666808e+01
1.944000000000000128e+01
2.137333333333333485e+01
2.355266666666666353e+01
2.531599999999999895e+01
2.639799999999999969e+01
2.664199999999999946e+01
2.672200000000000131e+01
2.669866666666666433e+01
2.652200000000000202e+01
2.608800000000000097e+01
2.563666666666666316e+01
2.518799999999999883e+01
2.452333333333333343e+01
2.376000000000000156e+01
2.320266666666666922e+01
2.276666666666666572e+01
2.223333333333333428e+01
2.139199999999999946e+01
2.045533333333333559e+01
1.949466666666666725e+01
1.871266666666666723e+01
1.834199999999999875e+01
1.831333333333333258e+01
1.876333333333333186e+01
1.990533333333333132e+01
2.174133333333333340e+01
2.378399999999999892e+01
2.555266666666666708e+01
2.666533333333333289e+01
2.692200000000000415e+01
2.694466666666666654e+01
2.682133333333333169e+01
2.641199999999999548e+01
2.584799999999999898e+01
2.541199999999999903e+01
2.497200000000000131e+01
2.423866666666666703e+01
2.352733333333333121e+01
2.311199999999999832e+01
2.282133333333333169e+01
2.239466666666666228e+01
2.163466666666666427e+01
2.065466666666666740e+01
1.964399999999999835e+01
1.882333333333333414e+01
1.838933333333333664e+01
1.829466666666666796e+01
1.870133333333333070e+01
1.990466666666667095e+01
2.176933333333333564e+01
2.377066666666666706e+01
2.547733333333333405e+01
2.656466666666666754e+01
2.692266666666666453e+01
2.713666666666666671e+01
2.721333333333333115e+01
2.699733333333333363e+01
2.645866666666666589e+01
2.594933333333333536e+01
2.551399999999999935e+01
2.486599999999999966e+01
2.437533333333333374e+01
2.372933333333333294e+01
2.351399999999999935e+01
2.317266666666666808e+01
2.237933333333333152e+01
2.136933333333332996e+01
2.039933333333333465e+01
1.948666666666666814e+01
1.897266666666666879e+01
1.878733333333333277e+01
1.893599999999999639e+01
1.964066666666666805e+01
2.091533333333332934e+01
2.251533333333333431e+01
2.406333333333333258e+01
2.518599999999999639e+01
2.563933333333333309e+01
2.601533333333333076e+01
2.603400000000000247e+01
2.575000000000000000e+01
2.545533333333333204e+01
2.533600000000000207e+01
2.513533333333333175e+01
2.469133333333333269e+01
2.414999999999999858e+01
2.369933333333333536e+01
2.337000000000000099e+01
2.283733333333332993e+01
2.202266666666666950e+01
2.104666666666667041e+01
2.002599999999999980e+01
1.915466666666667095e+01
1.862200000000000344e+01
1.832999999999999829e+01
1.822066666666666634e+01
1.844800000000000040e+01
1.913333333333333286e+01
2.005399999999999849e+01
2.096533333333333360e+01
2.171466666666666967e+01
2.208733333333333348e+01
2.213800000000000168e+01
2.184333333333333016e+01
2.138199999999999790e+01
2.100466666666666171e+01
2.123666666666666814e+01
2.177733333333333121e+01
2.231400000000000361e+01
2.265933333333333266e+01
2.297866666666666546e+01
2.318333333333333357e+01
2.273333333333333428e+01
2.199933333333333252e+01
2.108866666666666490e+01
2.017866666666666475e+01
1.929666666666667041e+01
1.881266666666666865e+01
1.872066666666666990e+01
1.908133333333333681e+01
1.993333333333333357e+01
2.145866666666666589e+01
1.632266666666666666e+01
1.205866666666666553e+01
1.022333333333333272e+01
1.145599999999999952e+01
1.476600000000000001e+01
1.850133333333333141e+01
2.103666666666666885e+01
2.236533333333333573e+01
2.261599999999999966e+01
2.303066666666666507e+01
2.327933333333333366e+01
2.309066666666666734e+01
2.287266666666666382e+01
2.300199999999999889e+01
2.242933333333333223e+01
2.147333333333333627e+01
2.040666666666666984e+01
1.933600000000000207e+01
1.841933333333333067e+01
1.801200000000000045e+01
1.792399999999999949e+01
1.839733333333333576e+01
1.964533333333333331e+01
2.161133333333333084e+01
2.373000000000000398e+01
2.556666666666666643e+01
2.678133333333333610e+01
2.723933333333333451e+01
2.743533333333333246e+01
2.738466666666666427e+01
2.701400000000000290e+01
2.649733333333333363e+01
2.610600000000000165e+01
2.561666666666666359e+01
2.485800000000000054e+01
2.406533333333333147e+01
2.346799999999999997e+01
2.302933333333333366e+01
2.236933333333333351e+01
2.142066666666666563e+01
2.030866666666666731e+01
1.922333333333333627e+01
1.836933333333333351e+01
1.791333333333333400e+01
1.780133333333333212e+01
1.826600000000000179e+01
1.952666666666666373e+01
2.141600000000000037e+01
2.367800000000000082e+01
2.569200000000000017e+01
2.681799999999999784e+01
2.710066666666666890e+01
2.712733333333333618e+01
2.695733333333333093e+01
2.664333333333333087e+01
2.630000000000000071e+01
2.625066666666666748e+01
2.602133333333333454e+01
2.548933333333333451e+01
2.509266666666666623e+01
2.488066666666666649e+01
2.483466666666666711e+01
2.301733333333333320e+01
2.128266666666666751e+01
1.976799999999999713e+01
1.857533333333333303e+01
1.786266666666666580e+01
1.774933333333333252e+01
1.797066666666666279e+01
1.831799999999999784e+01
1.916800000000000281e+01
2.099599999999999866e+01
2.321199999999999974e+01
2.516666666666666785e+01
2.655000000000000071e+01
2.684733333333333505e+01
2.686866666666666603e+01
2.659733333333333505e+01
2.609600000000000009e+01
2.561933333333333351e+01
2.534333333333333016e+01
2.493533333333333246e+01
2.432799999999999940e+01
2.362333333333333485e+01
2.292866666666666475e+01
2.231133333333333368e+01
2.162266666666666737e+01
2.070999999999999730e+01
1.966866666666667030e+01
1.858200000000000074e+01
1.774866666666666859e+01
1.734866666666666646e+01
1.737200000000000344e+01
1.793333333333333357e+01
1.924533333333333474e+01
2.124000000000000199e+01
2.338000000000000256e+01
2.517466666666666697e+01
2.651799999999999713e+01
2.669466666666666299e+01
2.647866666666666546e+01
2.609466666666666868e+01
2.558999999999999986e+01
2.502866666666666262e+01
2.494866666666666788e+01
2.485266666666666779e+01
2.451133333333333297e+01
2.381266666666666154e+01
2.308266666666666467e+01
2.234800000000000253e+01
2.157466666666666555e+01
2.062599999999999767e+01
1.966199999999999903e+01
1.872200000000000131e+01
1.793266666666666609e+01
1.753733333333333277e+01
1.738333333333333286e+01
1.766466666666666896e+01
1.858333333333333215e+01
2.006533333333333502e+01
2.180133333333333212e+01
2.350400000000000134e+01
2.440066666666666606e+01
2.455799999999999983e+01
2.447800000000000153e+01
2.428800000000000026e+01
2.399000000000000199e+01
2.360399999999999920e+01
2.356400000000000006e+01
2.362666666666666515e+01
2.340266666666666495e+01
2.289733333333333576e+01
2.228866666666666774e+01
2.166266666666667007e+01
2.104933333333333323e+01
2.025533333333333275e+01
1.936733333333333107e+01
1.847533333333333161e+01
1.770800000000000196e+01
1.729066666666666663e+01
1.707933333333333437e+01
1.712000000000000099e+01
1.749266666666666481e+01
1.818733333333333491e+01
1.912466666666666626e+01
2.008133333333332970e+01
2.049000000000000199e+01
2.056133333333333368e+01
2.041999999999999815e+01
2.016199999999999903e+01
1.984466666666666868e+01
1.989866666666666717e+01
2.014399999999999835e+01
2.086399999999999721e+01
2.126266666666666794e+01
2.146399999999999864e+01
2.145666666666666700e+01
2.133466666666666711e+01
2.095666666666666700e+01
2.024266666666666481e+01
1.933200000000000074e+01
1.844800000000000040e+01
1.770400000000000063e+01
1.737533333333333374e+01
1.741533333333333289e+01
1.798000000000000398e+01
1.930600000000000094e+01
2.128933333333333167e+01
2.343866666666666632e+01
2.530333333333333456e+01
2.619666666666666544e+01
2.632533333333333303e+01
2.625866666666667015e+01
2.606466666666666754e+01
2.578399999999999892e+01
2.538866666666666916e+01
2.521066666666666478e+01
2.502999999999999758e+01
2.457533333333333303e+01
2.394999999999999929e+01
2.336933333333332996e+01
2.286866666666666603e+01
2.225733333333333519e+01
2.136666666666666714e+01
2.030199999999999960e+01
1.925533333333333275e+01
1.839466666666666939e+01
1.800199999999999889e+01
1.798399999999999821e+01
1.852866666666666617e+01
1.982866666666666688e+01
2.180600000000000094e+01
2.398266666666666680e+01
2.594333333333333158e+01
2.712533333333333374e+01
2.745800000000000196e+01
2.753466666666666640e+01
2.727933333333333721e+01
2.682800000000000651e+01
2.628733333333333633e+01
2.610199999999999676e+01
2.594933333333333536e+01
2.561266666666666225e+01
2.506933333333332925e+01
2.459400000000000119e+01
2.416733333333333178e+01
2.349133333333333340e+01
2.250866666666666660e+01
2.137999999999999901e+01
2.026200000000000401e+01
1.933800000000000097e+01
1.883599999999999852e+01
1.871266666666666723e+01
1.910200000000000031e+01
2.025066666666666748e+01
2.211133333333333439e+01
2.424800000000000111e+01
2.614000000000000057e+01
2.732400000000000162e+01
2.765933333333333266e+01
2.779933333333332968e+01
2.780999999999999872e+01
2.755333333333333456e+01
2.706599999999999895e+01
2.678733333333333277e+01
2.655600000000000094e+01
2.609199999999999875e+01
2.542133333333333312e+01
2.473066666666666791e+01
2.407866666666667044e+01
2.320933333333333337e+01
2.213533333333333530e+01
2.100133333333333496e+01
1.993066666666667075e+01
1.906799999999999784e+01
1.867733333333332979e+01
1.861399999999999721e+01
1.908933333333333238e+01
2.029733333333333434e+01
2.220800000000000196e+01
2.436866666666666603e+01
2.626266666666666794e+01
2.745266666666666566e+01
2.784533333333333616e+01
2.804666666666666686e+01
2.803200000000000003e+01
2.773399999999999821e+01
2.719666666666666544e+01
2.690399999999999636e+01
2.645933333333333337e+01
2.564466666666666939e+01
2.469666666666666899e+01
2.369000000000000128e+01
2.295466666666666455e+01
2.229399999999999693e+01
2.143266666666666609e+01
2.045800000000000196e+01
1.946333333333333115e+01
1.866400000000000148e+01
1.827733333333333476e+01
1.818400000000000105e+01
1.855733333333332880e+01
1.965599999999999881e+01
2.138200000000000145e+01
2.331199999999999761e+01
2.518266666666666609e+01
2.652533333333333232e+01
2.705533333333333701e+01
2.732666666666666444e+01
2.734199999999999875e+01
2.708733333333333348e+01
2.665666666666666984e+01
2.648466666666666569e+01
2.625466666666666882e+01
2.579866666666666930e+01
2.516400000000000148e+01
2.462933333333333152e+01
2.410133333333333283e+01
2.347599999999999909e+01
2.255599999999999739e+01
2.153533333333333033e+01
2.043599999999999994e+01
1.951466666666666683e+01
1.901933333333333564e+01
1.885800000000000054e+01
1.905533333333333346e+01
1.978466666666666995e+01
2.105400000000000560e+01
2.269866666666666788e+01
2.421533333333333360e+01
2.515066666666666606e+01
2.545466666666667166e+01
2.554466666666666796e+01
2.540266666666666850e+01
2.504333333333333300e+01
2.464600000000000080e+01
2.458399999999999963e+01
2.459533333333332905e+01
2.447466666666666768e+01
2.416666666666666785e+01
2.384266666666666623e+01
2.343533333333333601e+01
2.311399999999999721e+01
2.233266666666666822e+01
2.139199999999999946e+01
2.041133333333333155e+01
1.954466666666666441e+01
1.902599999999999980e+01
1.876733333333333320e+01
1.861266666666666580e+01
1.873399999999999821e+01
1.924466666666666725e+01
1.987599999999999767e+01
2.043266666666666254e+01
2.085733333333333306e+01
2.102933333333333366e+01
2.111599999999999966e+01
2.111599999999999966e+01
2.098399999999999821e+01
2.081533333333333502e+01
2.120933333333333337e+01
2.171866666666666390e+01
2.215866666666666518e+01
2.246866666666666390e+01
2.264533333333333331e+01
2.276333333333333186e+01
2.237599999999999767e+01
2.158066666666666933e+01
2.055266666666666708e+01
1.953600000000000136e+01
1.871133333333333582e+01
1.833333333333333215e+01
1.819666666666666544e+01
1.849866666666666859e+01
1.950199999999999889e+01
2.128133333333333610e+01
2.323800000000000310e+01
2.494599999999999440e+01
2.604266666666666552e+01
2.640666666666666984e+01
2.669266666666666410e+01
2.688200000000000145e+01
2.686999999999999744e+01
2.668533333333333601e+01
2.658200000000000074e+01
2.624800000000000111e+01
2.552333333333333343e+01
2.470533333333333204e+01
2.389866666666666717e+01
2.312266666666666382e+01
2.236200000000000188e+01
2.145199999999999818e+01
2.044533333333333402e+01
1.937999999999999901e+01
1.841799999999999926e+01
1.788400000000000034e+01
1.764266666666666694e+01
1.799000000000000199e+01
1.902266666666666950e+01
2.073000000000000043e+01
2.274533333333333474e+01
2.454866666666666930e+01
2.565600000000000236e+01
2.607600000000000406e+01
2.627400000000000091e+01
2.632266666666666666e+01
2.616466666666666541e+01
2.585000000000000142e+01
2.569066666666666521e+01
2.544600000000000151e+01
2.500866666666666660e+01
2.441600000000000037e+01
2.384733333333333505e+01
2.332466666666666555e+01
2.262000000000000099e+01
2.166666666666667140e+01
2.057066666666666777e+01
1.944400000000000261e+01
1.854866666666666930e+01
1.806599999999999895e+01
1.791199999999999903e+01
1.833200000000000074e+01
1.939600000000000080e+01
2.117999999999999972e+01
2.334933333333333394e+01
2.514333333333333442e+01
2.635399999999999920e+01
2.674400000000000333e+01
2.689733333333333221e+01
2.690133333333333354e+01
2.669800000000000040e+01
2.628733333333332922e+01
2.603266666666666751e+01
2.569000000000000128e+01
2.518666666666666742e+01
2.455866666666666731e+01
2.391999999999999815e+01
2.339666666666666117e+01
2.270399999999999707e+01
2.173866666666667058e+01
2.064533333333332976e+01
1.951466666666666683e+01
1.857266666666667021e+01
1.807066666666666777e+01
1.796933333333333493e+01
1.841666666666666785e+01
1.959800000000000253e+01
2.144200000000000017e+01
2.352333333333333343e+01
2.527266666666666950e+01
2.634333333333333727e+01
2.668533333333333601e+01
2.677800000000000225e+01
2.672733333333333405e+01
2.651266666666666794e+01
2.616600000000000037e+01
2.602799999999999869e+01
2.578399999999999892e+01
2.532933333333333437e+01
2.472933333333333294e+01
2.422266666666666879e+01
2.381533333333333502e+01
2.315600000000000236e+01
2.221266666666666723e+01
2.108800000000000097e+01
1.991733333333333178e+01
1.883800000000000097e+01
1.824399999999999622e+01
1.799333333333333229e+01
1.837133333333333240e+01
1.937599999999999767e+01
2.098399999999999821e+01
2.283800000000000097e+01
2.442000000000000171e+01
2.540533333333333488e+01
2.571600000000000108e+01
2.582133333333333169e+01
2.576799999999999713e+01
2.560599999999999810e+01
2.533733333333333348e+01
2.530666666666666842e+01
2.519933333333333536e+01
2.478533333333333388e+01
2.412133333333333596e+01
2.345266666666666922e+01
2.288600000000000279e+01
2.222400000000000020e+01
2.133933333333333593e+01
2.031599999999999895e+01
1.923733333333332851e+01
1.834399999999999764e+01
1.781333333333333258e+01
1.767200000000000415e+01
1.790733333333333377e+01
1.875400000000000134e+01
2.018866666666666632e+01
2.188666666666666316e+01
2.339533333333333331e+01
2.432466666666666555e+01
2.460133333333333638e+01
2.467533333333333445e+01
2.469866666666666788e+01
2.466799999999999926e+01
2.450466666666666526e+01
2.457600000000000051e+01
2.456866666666666532e+01
2.426333333333333186e+01
2.365199999999999747e+01
2.293799999999999883e+01
2.227999999999999758e+01
2.150466666666666526e+01
2.055133333333333212e+01
1.940066666666666606e+01
1.830333333333333101e+01
1.768799999999999883e+01
1.736399999999999721e+01
1.721933333333333493e+01
1.736066666666666691e+01
1.762999999999999901e+01
1.830999999999999872e+01
1.905533333333333346e+01
1.986133333333333439e+01
2.040066666666666606e+01
2.062466666666666626e+01
2.060266666666666779e+01
2.051200000000000045e+01
2.027199999999999847e+01
2.005133333333333212e+01
2.030666666666666842e+01
2.073466666666666569e+01
2.115066666666666606e+01
2.133866666666666845e+01
2.135733333333333306e+01
2.123799999999999955e+01
2.083666666666666600e+01
2.009199999999999875e+01
1.914800000000000324e+01
1.821666666666666501e+01
1.749333333333333229e+01
1.718599999999999639e+01
1.723866666666666703e+01
1.781200000000000117e+01
1.914600000000000080e+01
2.114466666666666228e+01
2.332733333333333192e+01
2.513866666666666561e+01
2.624066666666666592e+01
2.655533333333333701e+01
2.667866666666666831e+01
2.672866666666667257e+01
2.662533333333333374e+01
2.636733333333333107e+01
2.631133333333333368e+01
2.616533333333333289e+01
2.566266666666666652e+01
2.496533333333333360e+01
2.426133333333333297e+01
2.357066666666666777e+01
2.272466666666666768e+01
2.164666666666666472e+01
2.044866666666666788e+01
1.931866666666666532e+01
1.845400000000000063e+01
1.807400000000000162e+01
1.804933333333333323e+01
1.852133333333333454e+01
1.969800000000000040e+01
2.153600000000000136e+01
2.350533333333333275e+01
2.521799999999999997e+01
2.633399999999999963e+01
2.665133333333333354e+01
2.675866666666666660e+01
2.676799999999999713e+01
2.656666666666666643e+01
2.631733333333333746e+01
2.627533333333333232e+01
2.613333333333333641e+01
2.576866666666666461e+01
2.488066666666667004e+01
2.398333333333333428e+01
2.316266666666666652e+01
2.243133333333333113e+01
2.148799999999999955e+01
2.045200000000000173e+01
1.934866666666666646e+01
1.849466666666666725e+01
1.807266666666667021e+01
1.802133333333333454e+01
1.853599999999999781e+01
1.974266666666666481e+01
2.156400000000000361e+01
2.352799999999999869e+01
2.515800000000000125e+01
2.625333333333333385e+01
2.651333333333333186e+01
2.654000000000000270e+01
2.650666666666666771e+01
2.633933333333333593e+01
2.606466666666666754e+01
2.595533333333332848e+01
2.576199999999999690e+01
2.531000000000000227e+01
2.466066666666666407e+01
2.397466666666666768e+01
2.336333333333333684e+01
2.252333333333332988e+01
2.151799999999999713e+01
2.029000000000000270e+01
1.917266666666666808e+01
1.826133333333332942e+01
1.783733333333333348e+01
1.786999999999999744e+01
1.837133333333333240e+01
1.945800000000000196e+01
2.129000000000000270e+01
2.361133333333333439e+01
2.532333333333333414e+01
2.623399999999999821e+01
2.607266666666667021e+01
2.594733333333333292e+01
2.585133333333333283e+01
2.589199999999999946e+01
2.587200000000000344e+01
2.586933333333333351e+01
2.573999999999999844e+01
2.519200000000000017e+01
2.434199999999999875e+01
2.338666666666666316e+01
2.256133333333333368e+01
2.161066666666666336e+01
2.055066666666666464e+01
1.948866666666666703e+01
1.847599999999999909e+01
1.773066666666666436e+01
1.740800000000000125e+01
1.738466666666666427e+01
1.783800000000000097e+01
1.902533333333333232e+01
2.077666666666666373e+01
2.271199999999999974e+01
2.441600000000000037e+01
2.541533333333333289e+01
2.572666666666666657e+01
2.584066666666666734e+01
2.582466666666666555e+01
2.557799999999999940e+01
2.547866666666666546e+01
2.550066666666666748e+01
2.530600000000000094e+01
2.486533333333333573e+01
2.410800000000000054e+01
2.322866666666666546e+01
2.238333333333333286e+01
2.153266666666666751e+01
2.049599999999999866e+01
1.938400000000000034e+01
1.838933333333333664e+01
1.760533333333333772e+01
1.725799999999999912e+01
1.721600000000000108e+01
1.759133333333333482e+01
1.845866666666666589e+01
1.987800000000000011e+01
2.162200000000000344e+01
2.311333333333333684e+01
2.406200000000000117e+01
2.433933333333333593e+01
2.446733333333333249e+01
2.457333333333333414e+01
2.461266666666666580e+01
2.461200000000000543e+01
2.488999999999999702e+01
2.490199999999999747e+01
2.460199999999999676e+01
2.399933333333333252e+01
2.316999999999999815e+01
2.233999999999999986e+01
2.152533333333333232e+01
2.053133333333333610e+01
1.952066666666666706e+01
1.856266666666666509e+01
1.778733333333333277e+01
1.747533333333333161e+01
1.740399999999999991e+01
1.747933333333333294e+01
1.787133333333333240e+01
1.855866666666666731e+01
1.942133333333333312e+01
2.023533333333333317e+01
2.080333333333333456e+01
2.103333333333333499e+01
2.110933333333333195e+01
2.105533333333333701e+01
2.090800000000000125e+01
2.082199999999999918e+01
2.120733333333333093e+01
2.170466666666666455e+01
2.212666666666666515e+01
2.214999999999999858e+01
2.203133333333333610e+01
2.167799999999999727e+01
2.109866666666666646e+01
2.023066666666666436e+01
1.926533333333333431e+01
1.833933333333333238e+01
1.761799999999999855e+01
1.728800000000000026e+01
1.740600000000000236e+01
1.793000000000000327e+01
1.914466666666666939e+01
2.100133333333333496e+01
2.298799999999999955e+01
2.464199999999999946e+01
2.570400000000000063e+01
2.599599999999999866e+01
2.602133333333333454e+01
2.599066666666666237e+01
2.588933333333333664e+01
2.565800000000000125e+01
2.565599999999999881e+01
2.542733333333332979e+01
2.482666666666666444e+01
2.438466666666666427e+01
2.335066666666666535e+01
2.228066666666666862e+01
2.132000000000000028e+01
2.026399999999999935e+01
1.916266666666666296e+01
1.818933333333333024e+01
1.744399999999999906e+01
1.713466666666666427e+01
1.719866666666666433e+01
1.775666666666666771e+01
1.896466666666666967e+01
2.076200000000000045e+01
2.264466666666666939e+01
2.417066666666666208e+01
2.506666666666666288e+01
2.525466666666666526e+01
2.525133333333333496e+01
2.507400000000000162e+01
2.494600000000000151e+01
2.484866666666666646e+01
2.502333333333333343e+01
2.501600000000000179e+01
2.475866666666666660e+01
2.399666666666666615e+01
2.280599999999999739e+01
2.160266666666666424e+01
2.053466666666666640e+01
1.940466666666666740e+01
1.835599999999999810e+01
1.744599999999999440e+01
1.676466666666666328e+01
1.646800000000000352e+01
1.654933333333333323e+01
1.706666666666666643e+01
1.827266666666666595e+01
2.002466666666666839e+01
2.190066666666666606e+01
2.343999999999999773e+01
2.430200000000000315e+01
2.449333333333333229e+01
2.447800000000000153e+01
2.438466666666666782e+01
2.427199999999999847e+01
2.418533333333333246e+01
2.438999999999999702e+01
2.430933333333333124e+01
2.379333333333333300e+01
2.296466666666666612e+01
2.189933333333333465e+01
2.071933333333333493e+01
1.955733333333333590e+01
1.841733333333333178e+01
1.737599999999999767e+01
1.648800000000000310e+01
1.587200000000000166e+01
1.569733333333333469e+01
1.586866666666666781e+01
1.648733333333333206e+01
1.774266666666666481e+01
1.952400000000000091e+01
2.139666666666666472e+01
2.295800000000000196e+01
2.395333333333332959e+01
2.423733333333333206e+01
2.428666666666666885e+01
2.427133333333333809e+01
2.421999999999999531e+01
2.413066666666667004e+01
2.431266666666666509e+01
2.425666666666666771e+01
2.386266666666666936e+01
2.320933333333333337e+01
2.226066666666666549e+01
2.089999999999999858e+01
1.969800000000000040e+01
1.846866666666666390e+01
1.733866666666666490e+01
1.642933333333333223e+01
1.583666666666666778e+01
1.571933333333333493e+01
1.595066666666666677e+01
1.662533333333333374e+01
1.789266666666666694e+01
1.972466666666666768e+01
2.168866666666666632e+01
2.340399999999999991e+01
2.458066666666666578e+01
2.503266666666666751e+01
2.516199999999999903e+01
2.508466666666666711e+01
2.474466666666666725e+01
2.430333333333333456e+01
2.424866666666666504e+01
2.408866666666666490e+01
2.377133333333333454e+01
2.332999999999999829e+01
2.258399999999999963e+01
2.162199999999999989e+01
2.064533333333332976e+01
1.955333333333333456e+01
1.847800000000000153e+01
1.752866666666666617e+01
1.686733333333333107e+01
1.674533333333333474e+01
1.697933333333333294e+01
1.742066666666666919e+01
1.806733333333333391e+01
1.887200000000000344e+01
1.970200000000000173e+01
2.035933333333333550e+01
2.075466666666666882e+01
2.088666666666666671e+01
2.088933333333333664e+01
2.077866666666666617e+01
2.057333333333333414e+01
2.055599999999999739e+01
2.138466666666666427e+01
2.211733333333333107e+01
2.250400000000000489e+01
2.253800000000000026e+01
2.229533333333333545e+01
2.188600000000000279e+01
2.124400000000000333e+01
2.038733333333333064e+01
1.939266666666666694e+01
1.843133333333333468e+01
1.767866666666666831e+01
1.734266666666666623e+01
1.722599999999999909e+01
1.722266666666666524e+01
1.747666666666666657e+01
1.800866666666666660e+01
1.868800000000000239e+01
1.934199999999999875e+01
1.981200000000000117e+01
2.008200000000000074e+01
2.018933333333333380e+01
2.013533333333333175e+01
1.992866666666666831e+01
1.977599999999999980e+01
2.031066666666666976e+01
2.090666666666666984e+01
2.131933333333332925e+01
2.157666666666666444e+01
2.155799999999999983e+01
2.133266666666666822e+01
2.087200000000000344e+01
2.012333333333333485e+01
1.922866666666666546e+01
1.833800000000000097e+01
1.771000000000000085e+01
1.744399999999999906e+01
1.740066666666666606e+01
1.756933333333332925e+01
1.801466666666666683e+01
1.874800000000000111e+01
1.971133333333333226e+01
2.053533333333333033e+01
2.101266666666666438e+01
2.113733333333333420e+01
2.113066666666667004e+01
2.109266666666666623e+01
2.092333333333333556e+01
2.082333333333333414e+01
2.128466666666666640e+01
2.179466666666666796e+01
2.222533333333333161e+01
2.233399999999999963e+01
2.209466666666666868e+01
2.179599999999999937e+01
2.133466666666666711e+01
2.054600000000000293e+01
1.965866666666666518e+01
1.873666666666666814e+01
1.803800000000000026e+01
1.772800000000000153e+01
1.780133333333333212e+01
1.821933333333333493e+01
1.924133333333333340e+01
2.089533333333333331e+01
2.282600000000000051e+01
2.455799999999999983e+01
2.571400000000000219e+01
2.615399999999999636e+01
2.635666666666666913e+01
2.639933333333333465e+01
2.622333333333333627e+01
2.582666666666666799e+01
2.570200000000000173e+01
2.547466666666666768e+01
2.499800000000000111e+01
2.438533333333333175e+01
2.376266666666666794e+01
2.310133333333333283e+01
2.237599999999999767e+01
2.147066666666666634e+01
2.046333333333333471e+01
1.948600000000000065e+01
1.868866666666666632e+01
1.831933333333333636e+01
1.822466666666666768e+01
1.856266666666666865e+01
1.957466666666666555e+01
2.125866666666666660e+01
2.320133333333333070e+01
2.489666666666666828e+01
2.605733333333333590e+01
2.642266666666666808e+01
2.659133333333333482e+01
2.656933333333333636e+01
2.637666666666666515e+01
2.607133333333333525e+01
2.601133333333333297e+01
2.576800000000000423e+01
2.525533333333333275e+01
2.458133333333333681e+01
2.385466666666666669e+01
2.317000000000000171e+01
2.242533333333333445e+01
2.146866666666666390e+01
2.037266666666666737e+01
1.932933333333333437e+01
1.851933333333333564e+01
1.819533333333333402e+01
1.822199999999999775e+01
1.873066666666666791e+01
1.989466666666666939e+01
2.167333333333333556e+01
2.367266666666666808e+01
2.539800000000000324e+01
2.648866666666666703e+01
2.679066666666666663e+01
2.680866666666666731e+01
2.668466666666666853e+01
2.633999999999999631e+01
2.585733333333332951e+01
2.568733333333333491e+01
2.534066666666666734e+01
2.468533333333333601e+01
2.394666666666666899e+01
2.297799999999999798e+01
2.205333333333333456e+01
2.116799999999999926e+01
2.019266666666667120e+01
1.918200000000000216e+01
1.828800000000000026e+01
1.759066666666666734e+01
1.735266666666666779e+01
1.743799999999999883e+01
1.796533333333333360e+01
1.913533333333333530e+01
2.090666666666666984e+01
2.292666666666666586e+01
2.464133333333333198e+01
2.575799999999999912e+01
2.605066666666666464e+01
2.610666666666666558e+01
2.598333333333333428e+01
2.567666666666666586e+01
2.530000000000000071e+01
2.521799999999999997e+01
2.501133333333333297e+01
2.437133333333333596e+01
2.350266666666666282e+01
2.254400000000000048e+01
2.162599999999999767e+01
2.072533333333333161e+01
1.976000000000000156e+01
1.876600000000000179e+01
1.784666666666666757e+01
1.716533333333333289e+01
1.695733333333333093e+01
1.704266666666666552e+01
1.744533333333333402e+01
1.835800000000000054e+01
1.982000000000000028e+01
2.150600000000000378e+01
2.302533333333333232e+01
2.398333333333333428e+01
2.417000000000000526e+01
2.418599999999999639e+01
2.418133333333333468e+01
2.401799999999999713e+01
2.360733333333333306e+01
2.386066666666666691e+01
2.395266666666666922e+01
2.365866666666666518e+01
2.301600000000000179e+01
2.216199999999999903e+01
2.123266666666666680e+01
2.034666666666666757e+01
1.941600000000000037e+01
1.849000000000000199e+01
1.764999999999999858e+01
1.701266666666666794e+01
1.675199999999999889e+01
1.673799999999999955e+01
1.691133333333333155e+01
1.737666666666666870e+01
1.809466666666666868e+01
1.897199999999999775e+01
1.984733333333333505e+01
2.044533333333333402e+01
2.064866666666666717e+01
2.065933333333333266e+01
2.050933333333333408e+01
2.023533333333333317e+01
2.001066666666666549e+01
2.024666666666666615e+01
2.075866666666666660e+01
2.116733333333333178e+01
2.127666666666666728e+01
2.110066666666666535e+01
2.071333333333333471e+01
2.000533333333333630e+01
1.912133333333333240e+01
1.817466666666666697e+01
1.731666666666666643e+01
1.669666666666666544e+01
1.650199999999999889e+01
1.662800000000000011e+01
1.722800000000000153e+01
1.850533333333333630e+01
2.039800000000000324e+01
2.248733333333333206e+01
2.425866666666666660e+01
2.526999999999999957e+01
2.535199999999999676e+01
2.509266666666666623e+01
2.474733333333333718e+01
2.434466666666666868e+01
2.397400000000000020e+01
2.400266666666666282e+01
2.391399999999999793e+01
2.355066666666666819e+01
2.276733333333333320e+01
2.176999999999999957e+01
2.079666666666666686e+01
1.974866666666666859e+01
1.871133333333333226e+01
1.775533333333333275e+01
1.690466666666666740e+01
1.631533333333333502e+01
1.621266666666666723e+01
1.648933333333333451e+01
1.715200000000000102e+01
1.843133333333333468e+01
2.024933333333333252e+01
2.216666666666666785e+01
2.376866666666666461e+01
2.476600000000000179e+01
2.499933333333333252e+01
2.501400000000000290e+01
2.487999999999999901e+01
2.464933333333333465e+01
2.444666666666666544e+01
2.455466666666666598e+01
2.453466666666666640e+01
2.407999999999999829e+01
2.312400000000000233e+01
2.217200000000000415e+01
2.111866666666666603e+01
2.009133333333333127e+01
1.905666666666666842e+01
1.809466666666666512e+01
1.726999999999999602e+01
1.669333333333333158e+01
1.652866666666666617e+01
1.674933333333333252e+01
1.747666666666666657e+01
1.885133333333333283e+01
2.078666666666666885e+01
2.283200000000000074e+01
2.449000000000000199e+01
2.545866666666666589e+01
2.564000000000000057e+01
2.563133333333333042e+01
2.546133333333333226e+01
2.511599999999999966e+01
2.488666666666666671e+01
2.495200000000000173e+01
2.481866666666666887e+01
2.434466666666666868e+01
2.352400000000000091e+01
2.250533333333333630e+01
2.141933333333333067e+01
2.032466666666666555e+01
1.922333333333333627e+01
1.821066666666666833e+01
1.731466666666666754e+01
1.670333333333333314e+01
1.656333333333333613e+01
1.672066666666666634e+01
1.739066666666666805e+01
1.877333333333332988e+01
2.068733333333333491e+01
2.266133333333333510e+01
2.422133333333333738e+01
2.509199999999999875e+01
2.520066666666666677e+01
2.509666666666667112e+01
2.495733333333333448e+01
2.478266666666666751e+01
2.463333333333333286e+01
2.476600000000000179e+01
2.473266666666666680e+01
2.423933333333333451e+01
2.344266666666666410e+01
2.237666666666666515e+01
2.123800000000000310e+01
2.012933333333333152e+01
1.897466666666666768e+01
1.792200000000000060e+01
1.706999999999999673e+01
1.649599999999999866e+01
1.637800000000000011e+01
1.653933333333333522e+01
1.722466666666666768e+01
1.859066666666666734e+01
2.049933333333333252e+01
2.245133333333333425e+01
2.407199999999999918e+01
2.504733333333333434e+01
2.520066666666667032e+01
2.510533333333333061e+01
2.492733333333332979e+01
2.469666666666666899e+01
2.451799999999999713e+01
2.461599999999999611e+01
2.445599999999999952e+01
2.386466666666666825e+01
2.292200000000000415e+01
2.172800000000000153e+01
2.051333333333333186e+01
1.946133333333333582e+01
1.844600000000000151e+01
1.748133333333333539e+01
1.670466666666666455e+01
1.617000000000000171e+01
1.605399999999999849e+01
1.620333333333333314e+01
1.669999999999999929e+01
1.765733333333333377e+01
1.909466666666666868e+01
2.066600000000000037e+01
2.197133333333333383e+01
2.275466666666666526e+01
2.286866666666666603e+01
2.280866666666666731e+01
2.258666666666666245e+01
2.236333333333333329e+01
2.240399999999999991e+01
2.287733333333333263e+01
2.322066666666666634e+01
2.321866666666666390e+01
2.280733333333333590e+01
2.205066666666666819e+01
2.118666666666666387e+01
2.022733333333333050e+01
1.921533333333333360e+01
1.826466666666666683e+01
1.739399999999999835e+01
1.677800000000000225e+01
1.660399999999999920e+01
1.662133333333333240e+01
1.688066666666666649e+01
1.745800000000000196e+01
1.833000000000000185e+01
1.927466666666666839e+01
2.009733333333333150e+01
2.061533333333333573e+01
2.073866666666666703e+01
2.059666666666667112e+01
2.034800000000000253e+01
2.006666666666666643e+01
1.986333333333333329e+01
2.020266666666666922e+01
2.062333333333333485e+01
2.089466666666666939e+01
2.095533333333333559e+01
2.073866666666666703e+01
2.032000000000000028e+01
1.972400000000000020e+01
1.891066666666666762e+01
1.806666666666666643e+01
1.727199999999999847e+01
1.671066666666666833e+01
1.659400000000000119e+01
1.686200000000000188e+01
1.747733333333333050e+01
1.864600000000000080e+01
2.037599999999999767e+01
2.225866666666666660e+01
2.388666666666666671e+01
2.491533333333333289e+01
2.516199999999999903e+01
2.521133333333333226e+01
2.509666666666667112e+01
2.486533333333333573e+01
2.466933333333333422e+01
2.479599999999999937e+01
2.478999999999999915e+01
2.461666666666666714e+01
2.379866666666666930e+01
2.314333333333333442e+01
2.214999999999999858e+01
2.125333333333333385e+01
2.022066666666666634e+01
1.921466666666666967e+01
1.828466666666666640e+01
1.765133333333333354e+01
1.748533333333333317e+01
1.769666666666666544e+01
1.835666666666666913e+01
1.971133333333333582e+01
2.167466666666666697e+01
2.379199999999999804e+01
2.554933333333332968e+01
2.666933333333333067e+01
2.698266666666666680e+01
2.705733333333333590e+01
2.701866666666666461e+01
2.684599999999999653e+01
2.652733333333333476e+01
2.641733333333333178e+01
2.608933333333333238e+01
2.542666666666666586e+01
2.453266666666666396e+01
2.347799999999999798e+01
2.249000000000000199e+01
2.162133333333333240e+01
2.080666666666666842e+01
1.999666666666666615e+01
1.904533333333333545e+01
1.833066666666666933e+01
1.803733333333333277e+01
1.815466666666667095e+01
1.873000000000000043e+01
2.000666666666666771e+01
2.198733333333333206e+01
2.409800000000000253e+01
2.569066666666666521e+01
2.657466666666666555e+01
2.671999999999999531e+01
2.664933333333333465e+01
2.656333333333332902e+01
2.646799999999999997e+01
2.631066666666666620e+01
2.633066666666666578e+01
2.603266666666666751e+01
2.527533333333333232e+01
2.429199999999999804e+01
2.320066666666666677e+01
2.219066666666666521e+01
2.117399999999999594e+01
2.005600000000000094e+01
1.896066666666666478e+01
1.795866666666666589e+01
1.719333333333333158e+01
1.693400000000000105e+01
1.707400000000000162e+01
1.776399999999999935e+01
1.905733333333333590e+01
2.088666666666666671e+01
2.286200000000000543e+01
2.442266666666666808e+01
2.535400000000000276e+01
2.556333333333333258e+01
2.554933333333333323e+01
2.543533333333333246e+01
2.528133333333333255e+01
2.501933333333333564e+01
2.498600000000000065e+01
2.475799999999999912e+01
2.424466666666666725e+01
2.333600000000000207e+01
2.260800000000000054e+01
2.135399999999999920e+01
2.032933333333333437e+01
1.922066666666666634e+01
1.820333333333333314e+01
1.729533333333332834e+01
1.667133333333333312e+01
1.648200000000000287e+01
1.671199999999999974e+01
1.738533333333333175e+01
1.873466666666666569e+01
2.059800000000000253e+01
2.260666666666666913e+01
2.422533333333333161e+01
2.518200000000000216e+01
2.528733333333333277e+01
2.507799999999999585e+01
2.491133333333333510e+01
2.471866666666666390e+01
2.450066666666666748e+01
2.447199999999999775e+01
2.428800000000000026e+01
2.377533333333333232e+01
2.302799999999999869e+01
2.205799999999999983e+01
2.099933333333333252e+01
1.987533333333333729e+01
1.874399999999999622e+01
1.768200000000000216e+01
1.677466666666666839e+01
1.618866666666666632e+01
1.604133333333333411e+01
1.626133333333333297e+01
1.680799999999999983e+01
1.784266666666666623e+01
1.939600000000000080e+01
2.115866666666666518e+01
2.262866666666666760e+01
2.359866666666666291e+01
2.374266666666666481e+01
2.367200000000000060e+01
2.360933333333333550e+01
2.352533333333333232e+01
2.342133333333333312e+01
2.358266666666666467e+01
2.356333333333333613e+01
2.323666666666666458e+01
2.252266666666666950e+01
2.160000000000000142e+01
2.062266666666666737e+01
1.960933333333333195e+01
1.860399999999999920e+01
1.766799999999999926e+01
1.683999999999999986e+01
1.623933333333333451e+01
1.608133333333333326e+01
1.614533333333333331e+01
1.635066666666666535e+01
1.679999999999999716e+01
1.750200000000000244e+01
1.833466666666667066e+01
1.909133333333333482e+01
1.957533333333333303e+01
1.964400000000000190e+01
1.948333333333333428e+01
1.923133333333333539e+01
1.899333333333333229e+01
1.895666666666666345e+01
1.940199999999999747e+01
1.983466666666666711e+01
2.008933333333333593e+01
2.006599999999999895e+01
1.974399999999999622e+01
1.922266666666666524e+01
1.850733333333333519e+01
1.771666666666666501e+01
1.690399999999999991e+01
1.615933333333333621e+01
1.562800000000000189e+01
1.549733333333333540e+01
1.575000000000000000e+01
1.651066666666666904e+01
1.792666666666666941e+01
1.982999999999999829e+01
2.182066666666666777e+01
2.344799999999999685e+01
2.445800000000000196e+01
2.462199999999999989e+01
2.455133333333333212e+01
2.442733333333333334e+01
2.428200000000000003e+01
2.414333333333333087e+01
2.423599999999999710e+01
2.405466666666666953e+01
2.346066666666666833e+01
2.271133333333333226e+01
2.162599999999999767e+01
2.056799999999999784e+01
1.951266666666666794e+01
1.847199999999999775e+01
1.749399999999999622e+01
1.664199999999999946e+01
1.606066666666666976e+01
1.591533333333333111e+01
1.609533333333333260e+01
1.673266666666666680e+01
1.810466666666667024e+01
1.993400000000000105e+01
2.188000000000000256e+01
2.337666666666666515e+01
2.425733333333333519e+01
2.440600000000000236e+01
2.441333333333333755e+01
2.444066666666666876e+01
2.438533333333333530e+01
2.422133333333333383e+01
2.424333333333333229e+01
2.406133333333333013e+01
2.354399999999999693e+01
2.276533333333333076e+01
2.183066666666666578e+01
2.088333333333333286e+01
1.986466666666666825e+01
1.880733333333333590e+01
1.784800000000000253e+01
1.699533333333333474e+01
1.642266666666666453e+01
1.628399999999999892e+01
1.656666666666666643e+01
1.729000000000000270e+01
1.869933333333333536e+01
2.056400000000000361e+01
2.255133333333333212e+01
2.415600000000000236e+01
2.509266666666666623e+01
2.536333333333333684e+01
2.539066666666666805e+01
2.532533333333333303e+01
2.518133333333333468e+01
2.506066666666666620e+01
2.505333333333333456e+01
2.478866666666666418e+01
2.421399999999999864e+01
2.341133333333333510e+01
2.249400000000000333e+01
2.154599999999999582e+01
2.065200000000000102e+01
1.966600000000000037e+01
1.871933333333333493e+01
1.790600000000000236e+01
1.731933333333333636e+01
1.715800000000000125e+01
1.739199999999999946e+01
1.810999999999999943e+01
1.949466666666666725e+01
2.141733333333333178e+01
2.344666666666666544e+01
2.509933333333333394e+01
2.602666666666666373e+01
2.611133333333333084e+01
2.591666666666666785e+01
2.575000000000000000e+01
2.558066666666666578e+01
2.548599999999999710e+01
2.552133333333333454e+01
2.533600000000000207e+01
2.490200000000000102e+01
2.420933333333333337e+01
2.336399999999999721e+01
2.253800000000000381e+01
2.147933333333333294e+01
2.033999999999999986e+01
1.921733333333333249e+01
1.822466666666666768e+01
1.752066666666666706e+01
1.729466666666666796e+01
1.745800000000000196e+01
1.811800000000000210e+01
1.943266666666666609e+01
2.123999999999999844e+01
2.305266666666666353e+01
2.438733333333333064e+01
2.512733333333333263e+01
2.499533333333333474e+01
2.455733333333333590e+01
2.414933333333333465e+01
2.386799999999999855e+01
2.367266666666666808e+01
2.384733333333333505e+01
2.390466666666666740e+01
2.354733333333333434e+01
2.288200000000000145e+01
2.200666666666666416e+01
2.108399999999999963e+01
1.996066666666666478e+01
1.885733333333333306e+01
1.786133333333333439e+01
1.701266666666666438e+01
1.648666666666666458e+01
1.636800000000000210e+01
1.650066666666666748e+01
1.703933333333333167e+01
1.802133333333333454e+01
1.959066666666666734e+01
2.120133333333333070e+01
2.267466666666666697e+01
2.351399999999999935e+01
2.358733333333332993e+01
2.327533333333333232e+01
2.303666666666666529e+01
2.285133333333333283e+01
2.286666666666666714e+01
2.326199999999999690e+01
2.351199999999999690e+01
2.311266666666666580e+01
2.231599999999999895e+01
2.128200000000000003e+01
2.010999999999999943e+01
1.895600000000000307e+01
1.794399999999999906e+01
1.704333333333333300e+01
1.627533333333333232e+01
1.582333333333333236e+01
1.572466666666666768e+01
1.588399999999999856e+01
1.621600000000000108e+01
1.685399999999999920e+01
1.764733333333333221e+01
1.845733333333333448e+01
1.911466666666666470e+01
1.952400000000000091e+01
1.952466666666666839e+01
1.917399999999999949e+01
1.867599999999999838e+01
1.821133333333333582e+01
1.798133333333333539e+01
1.829599999999999937e+01
1.867066666666666208e+01
1.890800000000000125e+01
1.895800000000000196e+01
1.865933333333333266e+01
1.815066666666666606e+01
1.739000000000000057e+01
1.658666666666666600e+01
1.575533333333333452e+01
1.509533333333333438e+01
1.473266666666666680e+01
1.477133333333333276e+01
1.515733333333333377e+01
1.600200000000000244e+01
1.759600000000000009e+01
1.951799999999999713e+01
2.129133333333333411e+01
2.265599999999999881e+01
2.332999999999999829e+01
2.356266666666666509e+01
2.328800000000000026e+01
2.295266666666666566e+01
2.265266666666666495e+01
2.248333333333333428e+01
2.239399999999999835e+01
2.254799999999999827e+01
2.197599999999999909e+01
2.110599999999999810e+01
2.001533333333333431e+01
1.885199999999999676e+01
1.760133333333333283e+01
1.652266666666666595e+01
1.565199999999999925e+01
1.501400000000000112e+01
1.463266666666666715e+01
1.466733333333333356e+01
1.501200000000000045e+01
1.592733333333333334e+01
1.758133333333333681e+01
1.954866666666666930e+01
2.158866666666666845e+01
2.305199999999999960e+01
2.381799999999999784e+01
2.384466666666666868e+01
2.369533333333333402e+01
2.346933333333333138e+01
2.326133333333332942e+01
2.310199999999999676e+01
2.320800000000000196e+01
2.317599999999999838e+01
2.272733333333333050e+01
2.189000000000000057e+01
2.077266666666666950e+01
1.948466666666666569e+01
1.816266666666667007e+01
1.696266666666666723e+01
1.595999999999999908e+01
1.516333333333333222e+01
1.468399999999999928e+01
1.465799999999999947e+01
1.500933333333333231e+01
1.591066666666666762e+01
1.752200000000000202e+01
1.954133333333333411e+01
2.160866666666666802e+01
2.321866666666666390e+01
2.412933333333333863e+01
2.427333333333332988e+01
2.415399999999999991e+01
2.394000000000000128e+01
2.371933333333333138e+01
2.356799999999999784e+01
2.368666666666666387e+01
2.358999999999999631e+01
2.313400000000000034e+01
2.231466666666666754e+01
2.113933333333333664e+01
1.985933333333333195e+01
1.850533333333333630e+01
1.721666666666666501e+01
1.615266666666666495e+01
1.533866666666666667e+01
1.485400000000000098e+01
1.484000000000000163e+01
1.527733333333333299e+01
1.625999999999999801e+01
1.788933333333333309e+01
1.991533333333333289e+01
2.195933333333333337e+01
2.354733333333333434e+01
2.442999999999999972e+01
2.450266666666666637e+01
2.440200000000000102e+01
2.417866666666666831e+01
2.393933333333333024e+01
2.376399999999999935e+01
2.385666666666666558e+01
2.370933333333333337e+01
2.321066666666666478e+01
2.232600000000000051e+01
2.116399999999999793e+01
1.986466666666666470e+01
1.855733333333333590e+01
1.732533333333333303e+01
1.627266666666666595e+01
1.548733333333333384e+01
1.500800000000000090e+01
1.502200000000000024e+01
1.536466666666666825e+01
1.629000000000000270e+01
1.785266666666666779e+01
1.990600000000000236e+01
2.197000000000000242e+01
2.360600000000000165e+01
2.465466666666666384e+01
2.472800000000000153e+01
2.454066666666666308e+01
2.431533333333333502e+01
2.409199999999999875e+01
2.385933333333333195e+01
2.397466666666666768e+01
2.387200000000000344e+01
2.331466666666666754e+01
2.235933333333333550e+01
2.113733333333333420e+01
1.983399999999999963e+01
1.865199999999999747e+01
1.756533333333333502e+01
1.662199999999999989e+01
1.586933333333333529e+01
1.539533333333333331e+01
1.532933333333333437e+01
1.560999999999999766e+01
1.626666666666666572e+01
1.748533333333333317e+01
1.914600000000000080e+01
2.096933333333333138e+01
2.240600000000000236e+01
2.322733333333333050e+01
2.320266666666666566e+01
2.296266666666666723e+01
2.272333333333333627e+01
2.252533333333333587e+01
2.240733333333333377e+01
2.272466666666667123e+01
2.293000000000000327e+01
2.259599999999999653e+01
2.187133333333333240e+01
2.074466666666666725e+01
1.944066666666666876e+01
1.829666666666666686e+01
1.726733333333333320e+01
1.635000000000000142e+01
1.563066666666666471e+01
1.513933333333333309e+01
1.503266666666666751e+01
1.511866666666666781e+01
1.537133333333333240e+01
1.605466666666666953e+01
1.697133333333333738e+01
1.793333333333333357e+01
1.870533333333333204e+01
1.916933333333333422e+01
1.919400000000000261e+01
1.895600000000000307e+01
1.855866666666666731e+01
1.824333333333333229e+01
1.816533333333333289e+01
1.868266666666666609e+01
1.924266666666666481e+01
1.945999999999999730e+01
1.936799999999999855e+01
1.885933333333333195e+01
1.811666666666666714e+01
1.737333333333333485e+01
1.651533333333333431e+01
1.569999999999999929e+01
1.501600000000000001e+01
1.457266666666666666e+01
1.456333333333333258e+01
1.491399999999999970e+01
1.577999999999999936e+01
1.718666666666666387e+01
1.903999999999999915e+01
2.091666666666666785e+01
2.237866666666666760e+01
2.316999999999999815e+01
2.312599999999999767e+01
2.292066666666666563e+01
2.270466666666667166e+01
2.252999999999999758e+01
2.245600000000000307e+01
2.267533333333333445e+01
2.271133333333333226e+01
2.228333333333333499e+01
2.151266666666666794e+01
2.025533333333333275e+01
1.896666666666666501e+01
1.768333333333333357e+01
1.651933333333333209e+01
1.554666666666666508e+01
1.479666666666666508e+01
1.432199999999999918e+01
1.430400000000000027e+01
1.475133333333333141e+01
1.567199999999999882e+01
1.721400000000000219e+01
1.908999999999999631e+01
2.088799999999999812e+01
2.221466666666666967e+01
2.289000000000000057e+01
2.280666666666666842e+01
2.254066666666666663e+01
2.232799999999999940e+01
2.220066666666666677e+01
2.214999999999999858e+01
2.241266666666666652e+01
2.250600000000000378e+01
2.215400000000000347e+01
2.129333333333333655e+01
1.996266666666666723e+01
1.860399999999999920e+01
1.719800000000000040e+01
1.596666666666666679e+01
1.496266666666666723e+01
1.419933333333333358e+01
1.375533333333333452e+01
1.379066666666666841e+01
1.424266666666666659e+01
1.519666666666666544e+01
1.676000000000000156e+01
1.867333333333333556e+01
2.058266666666666822e+01
2.206533333333333502e+01
2.291799999999999926e+01
2.295400000000000063e+01
2.281799999999999784e+01
2.264999999999999858e+01
2.244866666666666788e+01
2.231333333333333258e+01
2.252933333333333366e+01
2.257133333333333169e+01
2.214466666666666939e+01
2.131933333333333991e+01
2.010000000000000142e+01
1.869999999999999929e+01
1.730000000000000071e+01
1.607066666666666777e+01
1.505799999999999983e+01
1.429400000000000226e+01
1.387866666666666760e+01
1.389666666666666650e+01
1.441000000000000014e+01
1.534866666666666823e+01
1.687666666666666515e+01
1.882000000000000028e+01
2.072200000000000131e+01
2.219000000000000128e+01
2.298333333333333428e+01
2.295733333333333448e+01
2.280200000000000315e+01
2.263599999999999923e+01
2.249333333333333229e+01
2.244600000000000151e+01
2.266133333333333510e+01
2.284466666666666512e+01
2.242066666666666563e+01
2.144799999999999685e+01
2.013199999999999790e+01
1.881400000000000006e+01
1.747400000000000020e+01
1.627066666666666706e+01
1.530533333333333168e+01
1.456533333333333502e+01
1.411799999999999855e+01
1.417133333333333312e+01
1.456533333333333324e+01
1.525466666666666704e+01
1.633066666666666578e+01
1.775866666666666660e+01
1.930000000000000071e+01
2.060600000000000165e+01
2.139399999999999835e+01
2.144466666666666654e+01
2.121199999999999974e+01
2.095533333333333204e+01
2.077533333333333232e+01
2.078599999999999781e+01
2.130200000000000315e+01
2.177866666666666262e+01
2.170933333333333337e+01
2.122199999999999775e+01
2.032000000000000028e+01
1.917666666666666586e+01
1.797533333333333161e+01
1.684266666666666623e+01
1.586200000000000010e+01
1.509133333333333304e+01
1.461600000000000144e+01
1.459800000000000075e+01
1.498466666666666747e+01
1.567733333333333512e+01
1.685466666666666669e+01
1.845066666666666677e+01
2.019399999999999906e+01
2.158333333333333215e+01
2.241066666666666762e+01
2.244466666666666299e+01
2.225199999999999889e+01
2.196800000000000352e+01
2.175200000000000244e+01
2.168733333333333491e+01
2.208333333333333215e+01
2.241666666666666785e+01
2.231400000000000361e+01
2.177600000000000335e+01
2.086266666666666936e+01
1.971866666666666390e+01
1.861599999999999966e+01
1.753266666666666751e+01
1.660933333333333195e+01
1.586600000000000144e+01
1.540599999999999881e+01
1.535666666666666558e+01
1.561066666666666691e+01
1.605666666666666842e+01
1.677466666666666839e+01
1.767733333333332979e+01
1.866599999999999682e+01
1.951799999999999713e+01
1.996733333333333249e+01
1.995266666666666566e+01
1.957999999999999829e+01
1.911133333333333439e+01
1.869999999999999929e+01
1.851866666666666461e+01
1.888266666666666893e+01
1.941533333333333289e+01
1.971933333333333138e+01
1.967666666666666586e+01
1.922533333333333161e+01
1.847599999999999909e+01
1.751466666666666683e+01
1.654800000000000182e+01
1.570199999999999996e+01
1.497666666666666657e+01
1.455333333333333456e+01
1.455933333333333302e+01
1.493666666666666565e+01
1.576000000000000156e+01
1.716799999999999926e+01
1.900000000000000000e+01
2.080933333333333124e+01
2.224466666666666725e+01
2.296400000000000219e+01
2.287599999999999767e+01
2.252866666666666617e+01
2.215533333333332777e+01
2.189466666666666939e+01
2.170133333333333070e+01
2.184666666666667112e+01
2.183533333333333104e+01
2.136266666666666225e+01
2.043599999999999994e+01
1.916933333333333067e+01
1.781333333333333613e+01
1.644933333333333536e+01
1.521266666666666723e+01
1.423266666666666680e+01
1.355866666666666553e+01
1.317999999999999972e+01
1.325733333333333164e+01
1.376533333333333076e+01
1.474600000000000044e+01
1.630199999999999960e+01
1.825000000000000000e+01
2.014866666666666717e+01
2.154533333333332834e+01
2.226999999999999957e+01
2.222400000000000020e+01
2.196866666666666745e+01
2.169400000000000261e+01
2.152066666666666706e+01
2.147466666666666768e+01
2.174533333333333474e+01
2.189133333333333198e+01
2.169800000000000040e+01
2.095399999999999707e+01
1.976600000000000179e+01
1.836133333333333084e+01
1.671666666666666501e+01
1.531466666666666576e+01
1.422266666666666524e+01
1.343933333333333380e+01
1.300666666666666593e+01
1.307800000000000118e+01
1.358666666666666778e+01
1.454733333333333434e+01
1.613400000000000034e+01
1.809533333333332905e+01
2.004199999999999804e+01
2.159533333333333260e+01
2.247733333333333050e+01
2.251066666666666549e+01
2.230133333333333212e+01
2.201800000000000423e+01
2.178733333333333277e+01
2.167866666666666831e+01
2.188799999999999812e+01
2.199466666666666725e+01
2.182266666666667021e+01
2.107066666666667132e+01
1.988266666666666893e+01
1.849866666666666859e+01
1.702733333333333476e+01
1.568666666666666742e+01
1.465399999999999991e+01
1.386866666666666603e+01
1.346066666666666833e+01
1.354866666666666575e+01
1.406866666666666710e+01
1.506000000000000050e+01
1.665466666666666740e+01
1.866399999999999793e+01
2.071066666666666833e+01
2.228266666666666751e+01
2.319800000000000040e+01
2.326200000000000045e+01
2.314866666666666717e+01
2.289999999999999858e+01
2.271266666666666723e+01
2.259466666666666512e+01
2.283733333333333348e+01
2.285866666666666802e+01
2.244666666666666544e+01
2.159466666666666512e+01
2.040466666666667095e+01
1.910066666666666535e+01
1.780799999999999983e+01
1.667666666666666586e+01
1.571733333333333427e+01
1.498333333333333250e+01
1.454666666666666863e+01
1.457533333333333303e+01
1.496666666666666679e+01
1.574399999999999800e+01
1.701133333333333297e+01
1.864000000000000057e+01
2.043799999999999883e+01
2.191066666666666407e+01
2.288599999999999923e+01
2.301666666666666572e+01
2.278133333333333255e+01
2.234133333333333482e+01
2.193066666666667075e+01
2.170666666666666700e+01
2.189533333333333331e+01
2.202133333333333454e+01
2.181066666666666976e+01
2.127400000000000091e+01
2.038666666666666316e+01
1.932799999999999585e+01
1.817999999999999972e+01
1.706533333333333502e+01
1.610666666666666558e+01
1.535399999999999743e+01
1.490199999999999747e+01
1.493133333333333113e+01
1.530666666666666842e+01
1.610133333333333283e+01
1.742733333333332979e+01
1.921933333333333138e+01
2.114199999999999946e+01
2.266266666666666652e+01
2.347666666666666657e+01
2.343266666666666609e+01
2.310333333333333528e+01
2.264266666666666694e+01
2.224733333333333363e+01
2.195200000000000173e+01
2.209866666666666646e+01
2.217933333333333223e+01
2.182133333333333525e+01
2.105799999999999983e+01
1.994600000000000506e+01
1.868866666666666987e+01
1.748133333333333539e+01
1.639133333333333198e+01
1.549866666666666859e+01
1.484533333333333438e+01
1.445866666666666589e+01
1.449466666666666548e+01
1.483799999999999919e+01
1.533733333333333348e+01
1.611133333333333439e+01
1.705533333333333346e+01
1.807066666666666777e+01
1.891000000000000369e+01
1.936000000000000298e+01
1.926533333333333431e+01
1.884933333333333394e+01
1.827066666666666706e+01
1.771600000000000108e+01
1.743200000000000216e+01
1.776600000000000179e+01
1.826933333333333564e+01
1.849200000000000088e+01
1.838199999999999790e+01
1.783666666666666245e+01
1.702199999999999847e+01
1.611933333333333351e+01
1.523599999999999888e+01
1.447866666666666724e+01
1.389799999999999791e+01
1.360866666666666625e+01
1.370266666666666389e+01
1.422399999999999842e+01
1.530733333333333412e+01
1.709666666666667112e+01
1.921133333333333582e+01
2.118866666666666987e+01
2.266666666666666785e+01
2.333933333333333593e+01
2.314400000000000190e+01
2.272933333333333294e+01
2.231933333333333636e+01
2.201666666666666572e+01
2.180266666666666708e+01
2.191466666666666896e+01
2.198000000000000043e+01
2.162199999999999989e+01
2.083533333333333104e+01
1.965933333333333266e+01
1.826466666666666683e+01
1.685733333333332951e+01
1.561733333333333285e+01
1.461933333333333351e+01
1.391200000000000081e+01
1.354466666666666619e+01
1.364666666666666650e+01
1.420466666666666811e+01
1.531866666666666710e+01
1.709666666666667112e+01
1.919933333333333536e+01
2.110933333333333195e+01
2.255999999999999872e+01
2.333733333333333348e+01
2.322066666666666634e+01
2.284133333333333482e+01
2.239533333333333331e+01
2.206400000000000361e+01
2.187733333333333263e+01
2.204399999999999693e+01
2.210066666666666535e+01
2.171399999999999864e+01
2.076799999999999713e+01
1.949733333333333363e+01
1.819733333333333647e+01
1.685666666666666913e+01
1.565600000000000058e+01
1.469333333333333513e+01
1.396199999999999974e+01
1.352866666666666795e+01
1.358000000000000007e+01
1.409800000000000075e+01
1.518600000000000172e+01
1.692200000000000060e+01
1.896333333333332760e+01
2.087399999999999878e+01
2.230999999999999872e+01
2.304333333333333300e+01
2.298733333333332851e+01
2.269599999999999440e+01
2.237800000000000011e+01
2.213800000000000168e+01
2.196066666666666833e+01
2.222466666666666768e+01
2.228199999999999648e+01
2.187000000000000099e+01
2.102866666666666617e+01
1.980933333333333124e+01
1.834666666666666757e+01
1.694666666666666544e+01
1.569999999999999929e+01
1.471400000000000041e+01
1.400333333333333385e+01
1.362133333333333240e+01
1.373066666666666613e+01
1.427399999999999913e+01
1.540199999999999747e+01
1.716733333333333178e+01
1.926999999999999602e+01
2.126800000000000423e+01
2.275466666666666526e+01
2.356533333333333502e+01
2.347266666666666524e+01
2.319266666666666410e+01
2.289533333333333331e+01
2.266399999999999793e+01
2.254866666666666930e+01
2.272266666666666524e+01
2.270600000000000307e+01
2.220466666666666455e+01
2.143133333333333468e+01
2.034533333333333260e+01
1.911866666666666603e+01
1.786933333333332996e+01
1.669199999999999662e+01
1.571399999999999864e+01
1.498533333333333495e+01
1.457066666666666599e+01
1.463600000000000101e+01
1.521066666666666478e+01
1.628733333333333277e+01
1.802599999999999980e+01
2.020999999999999730e+01
2.229599999999999937e+01
2.386133333333333084e+01
2.471733333333333604e+01
2.455799999999999983e+01
2.406266666666666509e+01
2.363666666666667027e+01
2.327866666666666617e+01
2.305533333333333701e+01
2.317200000000000060e+01
2.320133333333333070e+01
2.276666666666666572e+01
2.198000000000000043e+01
2.084133333333333482e+01
1.955799999999999983e+01
1.826600000000000179e+01
1.706200000000000117e+01
1.604933333333333323e+01
1.525266666666666815e+01
1.479800000000000004e+01
1.479400000000000048e+01
1.518333333333333357e+01
1.595266666666666566e+01
1.724000000000000199e+01
1.898666666666666814e+01
2.079466666666666441e+01
2.227800000000000225e+01
2.310533333333333772e+01
2.315800000000000125e+01
2.289266666666666694e+01
2.243466666666666853e+01
2.197733333333333405e+01
2.171199999999999619e+01
2.192866666666666831e+01
2.218466666666666853e+01
2.219466666666666299e+01
2.176733333333333320e+01
2.087599999999999767e+01
1.972400000000000020e+01
1.848266666666666680e+01
1.728866666666666418e+01
1.627066666666666706e+01
1.549933333333333429e+01
1.501266666666666616e+01
1.497533333333333339e+01
1.523066666666666613e+01
1.572199999999999953e+01
1.649333333333333229e+01
1.752199999999999847e+01
1.869200000000000017e+01
1.966999999999999815e+01
2.032400000000000162e+01
2.045666666666666700e+01
2.025733333333333519e+01
1.985466666666666669e+01
1.938933333333333664e+01
1.912333333333333485e+01
1.946000000000000085e+01
1.996800000000000352e+01
2.029066666666666663e+01
2.036266666666666580e+01
2.004666666666666686e+01
1.943066666666666364e+01
1.898200000000000287e+01
1.837666666666666870e+01
1.773733333333333206e+01
1.705999999999999872e+01
1.652666666666666728e+01
1.637800000000000011e+01
1.668466666666666853e+01
1.756533333333333502e+01
1.919200000000000017e+01
2.132600000000000051e+01
2.351799999999999713e+01
2.523000000000000043e+01
2.613266666666666893e+01
2.613066666666666649e+01
2.596066666666666478e+01
2.566666666666666430e+01
2.538266666666666893e+01
2.514666666666666828e+01
2.497133333333333383e+01
2.479800000000000182e+01
2.442333333333333556e+01
2.355733333333333590e+01
2.250133333333333141e+01
2.142799999999999727e+01
2.029733333333333078e+01
1.916266666666666652e+01
1.814533333333332976e+01
1.729466666666666796e+01
1.671066666666666833e+01
1.657333333333333414e+01
1.687933333333333152e+01
1.779066666666666663e+01
1.939533333333333331e+01
2.149666666666666615e+01
2.365733333333333377e+01
2.537333333333333485e+01
2.637266666666666737e+01
2.647133333333333383e+01
2.629600000000000293e+01
2.605799999999999983e+01
2.570533333333333559e+01
2.521799999999999997e+01
2.489066666666666805e+01
2.457600000000000051e+01
2.391533333333333289e+01
2.299666666666666615e+01
2.187333333333333130e+01
2.071666666666666501e+01
1.952266666666666595e+01
1.833666666666666245e+01
1.730999999999999872e+01
1.647799999999999798e+01
1.592999999999999972e+01
1.587933333333333330e+01
1.630799999999999983e+01
1.718599999999999639e+01
1.868400000000000105e+01
2.063466666666666427e+01
2.266466666666666896e+01
2.424933333333333252e+01
2.514600000000000080e+01
2.516933333333333067e+01
2.491799999999999926e+01
2.459799999999999898e+01
2.430866666666666731e+01
2.392200000000000060e+01
2.362199999999999633e+01
2.341333333333333755e+01
2.290399999999999636e+01
2.209399999999999764e+01
2.110466666666666669e+01
2.002400000000000091e+01
1.889466666666666939e+01
1.776999999999999602e+01
1.675133333333333496e+01
1.594266666666666765e+01
1.540933333333333266e+01
1.538066666666666471e+01
1.584466666666666690e+01
1.671599999999999753e+01
1.827933333333333366e+01
2.031733333333333391e+01
2.235533333333333061e+01
2.394333333333333513e+01
2.488866666666666916e+01
2.485533333333333772e+01
2.450066666666666748e+01
2.406266666666666509e+01
2.366133333333333155e+01
2.324333333333333229e+01
2.312933333333333152e+01
2.308666666666666600e+01
2.265133333333333354e+01
2.184266666666666623e+01
2.073266666666666680e+01
1.948799999999999955e+01
1.818066666666667075e+01
1.696000000000000085e+01
1.597133333333333205e+01
1.518066666666666720e+01
1.468399999999999928e+01
1.466600000000000037e+01
1.503333333333333321e+01
1.580733333333333412e+01
1.712133333333333596e+01
1.883133333333333681e+01
2.060266666666666779e+01
2.195666666666666700e+01
2.268333333333333357e+01
2.265133333333333354e+01
2.242000000000000171e+01
2.213200000000000145e+01
2.188400000000000034e+01
2.172199999999999775e+01
2.186733333333333107e+01
2.205466666666666598e+01
2.185800000000000054e+01
2.128866666666666418e+01
2.034866666666666646e+01
1.917999999999999972e+01
1.794533333333333402e+01
1.680333333333333101e+01
1.583000000000000007e+01
1.500733333333333164e+01
1.451666666666666750e+01
1.444999999999999929e+01
1.471733333333333427e+01
1.520733333333333270e+01
1.599266666666666836e+01
1.697333333333333627e+01
1.798866666666667058e+01
1.886399999999999721e+01
1.935666666666666913e+01
1.926400000000000290e+01
1.889199999999999946e+01
1.851200000000000045e+01
1.817800000000000082e+01
1.793733333333333491e+01
1.821600000000000108e+01
1.872400000000000020e+01
1.904533333333333545e+01
1.910066666666666535e+01
1.875866666666666660e+01
1.810999999999999943e+01
1.728533333333333033e+01
1.638799999999999812e+01
1.554000000000000092e+01
1.488333333333333286e+01
1.449933333333333429e+01
1.457399999999999984e+01
1.509200000000000053e+01
1.617999999999999972e+01
1.792066666666666563e+01
2.008133333333332970e+01
2.214800000000000324e+01
2.368933333333333380e+01
2.447733333333333050e+01
2.450199999999999889e+01
2.429133333333333411e+01
2.404599999999999937e+01
2.381599999999999895e+01
2.361200000000000543e+01
2.352133333333333809e+01
2.333800000000000097e+01
2.285800000000000054e+01
2.202666666666666728e+01
2.088666666666666671e+01
1.958666666666666600e+01
1.825933333333333763e+01
1.703133333333333610e+01
1.600733333333333519e+01
1.522600000000000087e+01
1.478400000000000070e+01
1.480666666666666842e+01
1.530000000000000071e+01
1.633333333333333215e+01
1.802133333333333454e+01
2.008666666666666600e+01
2.211066666666666336e+01
2.367466666666666697e+01
2.456266666666666509e+01
2.464266666666666694e+01
2.452533333333333232e+01
2.433999999999999986e+01
2.417866666666666475e+01
2.395466666666666455e+01
2.390866666666666518e+01
2.388600000000000279e+01
2.346600000000000108e+01
2.267733333333332979e+01
2.158600000000000207e+01
2.029399999999999693e+01
1.897866666666666546e+01
1.774599999999999866e+01
1.667533333333333445e+01
1.586733333333333285e+01
1.537999999999999901e+01
1.535533333333333239e+01
1.574600000000000044e+01
1.664799999999999969e+01
1.825933333333333408e+01
2.025733333333333519e+01
2.223866666666666703e+01
2.376266666666666794e+01
2.466666666666666785e+01
2.469933333333333536e+01
2.451466666666666683e+01
2.428133333333333610e+01
2.408999999999999986e+01
2.383200000000000074e+01
2.375866666666666660e+01
2.365600000000000236e+01
2.313933333333333309e+01
2.223133333333333539e+01
2.099133333333333340e+01
1.962799999999999656e+01
1.831266666666666509e+01
1.712466666666666626e+01
1.611733333333333107e+01
1.536200000000000010e+01
1.491733333333333356e+01
1.493266666666666609e+01
1.538133333333333397e+01
1.629199999999999804e+01
1.786599999999999966e+01
1.981200000000000117e+01
2.155600000000000094e+01
2.294933333333333536e+01
2.372800000000000153e+01
2.365533333333333132e+01
2.342933333333333223e+01
2.317466666666666697e+01
2.291333333333333044e+01
2.274133333333333340e+01
2.279866666666666930e+01
2.288133333333333397e+01
2.256866666666666532e+01
2.187466666666666271e+01
2.079866666666666575e+01
1.956333333333333258e+01
1.825000000000000000e+01
1.699599999999999866e+01
1.594266666666666588e+01
1.512733333333333263e+01
1.466600000000000037e+01
1.467799999999999905e+01
1.513333333333333286e+01
1.607733333333333192e+01
1.766933333333333067e+01
1.965199999999999747e+01
2.162733333333333263e+01
2.314466666666666228e+01
2.407200000000000273e+01
2.411933333333332996e+01
2.390933333333333266e+01
2.364933333333333465e+01
2.344600000000000506e+01
2.325199999999999889e+01
2.330200000000000315e+01
2.334666666666666757e+01
2.296199999999999974e+01
2.219200000000000017e+01
2.107799999999999940e+01
1.979866666666666930e+01
1.844133333333333269e+01
1.720666666666666345e+01
1.617933333333333579e+01
1.539866666666666717e+01
1.493333333333333357e+01
1.498200000000000109e+01
1.534200000000000053e+01
1.601800000000000423e+01
1.718866666666666632e+01
1.876799999999999713e+01
2.048466666666666569e+01
2.189000000000000057e+01
2.270866666666666589e+01
2.273200000000000287e+01
2.252599999999999980e+01
2.226866666666666461e+01
2.200266666666666637e+01
2.185399999999999920e+01
2.208066666666666578e+01
2.238933333333333309e+01
2.237400000000000233e+01
2.193333333333333357e+01
2.106866666666666532e+01
1.997933333333333294e+01
1.871933333333333138e+01
1.752933333333333366e+01
1.654933333333333323e+01
1.577666666666666728e+01
1.525733333333333341e+01
1.516600000000000037e+01
1.533066666666666578e+01
1.571333333333333293e+01
1.644666666666666544e+01
1.737533333333333374e+01
1.837400000000000233e+01
1.921333333333333115e+01
1.970866666666666589e+01
1.972733333333333050e+01
1.944933333333333536e+01
1.908000000000000185e+01
1.873133333333333539e+01
1.842666666666666586e+01
1.855866666666666731e+01
1.899933333333333252e+01
1.917466666666666697e+01
1.908200000000000074e+01
1.858200000000000074e+01
1.777933333333333366e+01
1.684733333333333150e+01
1.592333333333333556e+01
1.510466666666666669e+01
1.443799999999999883e+01
1.404599999999999937e+01
1.409600000000000009e+01
1.454266666666666552e+01
1.550800000000000090e+01
1.718466666666666498e+01
1.915266666666666495e+01
2.103733333333333277e+01
2.247266666666666524e+01
2.325400000000000489e+01
2.324666666666666615e+01
2.302533333333333232e+01
2.271600000000000108e+01
2.248200000000000287e+01
2.227733333333333121e+01
2.234333333333333016e+01
2.245933333333333337e+01
2.213533333333333530e+01
2.138466666666666427e+01
2.025066666666666748e+01
1.889866666666666717e+01
1.753800000000000026e+01
1.633466666666666711e+01
1.532066666666666599e+01
1.451799999999999891e+01
1.406066666666666620e+01
1.405600000000000271e+01
1.443666666666666565e+01
1.506666666666666643e+01
1.602133333333333454e+01
1.702066666666666706e+01
1.780999999999999872e+01
1.832266666666666666e+01
1.856866666666666532e+01
1.831400000000000006e+01
1.786666666666666714e+01
1.742733333333332979e+01
1.711933333333333351e+01
1.705000000000000071e+01
1.746600000000000108e+01
1.814933333333333465e+01
1.851999999999999957e+01
1.851133333333333297e+01
1.798066666666666791e+01
1.708533333333333104e+01
1.597866666666666724e+01
1.491666666666666607e+01
1.401333333333333719e+01
1.334466666666666690e+01
1.297399999999999842e+01
1.306133333333333191e+01
1.356399999999999828e+01
1.463733333333333420e+01
1.639466666666666583e+01
1.851400000000000290e+01
2.051600000000000179e+01
2.196133333333333582e+01
2.269466666666666654e+01
2.268933333333333380e+01
2.241733333333333178e+01
2.218866666666666632e+01
2.205866666666666731e+01
2.196266666666666723e+01
2.207266666666667021e+01
2.217399999999999949e+01
2.178933333333333522e+01
2.098000000000000398e+01
1.974599999999999866e+01
1.826933333333333564e+01
1.676133333333333297e+01
1.545199999999999996e+01
1.439466666666666761e+01
1.358799999999999919e+01
1.316600000000000037e+01
1.324000000000000199e+01
1.378866666666666774e+01
1.489066666666666805e+01
1.665066666666666606e+01
1.874933333333333252e+01
2.072599999999999909e+01
2.226466666666666328e+01
2.310599999999999810e+01
2.305466666666666953e+01
2.284133333333333127e+01
2.257600000000000051e+01
2.236799999999999855e+01
2.220266666666666922e+01
2.221666666666666501e+01
2.228000000000000469e+01
2.196733333333333249e+01
2.119866666666666788e+01
2.000933333333333408e+01
1.855333333333333456e+01
1.701666666666666572e+01
1.563399999999999856e+01
1.456333333333333258e+01
1.383000000000000007e+01
1.346733333333333249e+01
1.359866666666666823e+01
1.418199999999999861e+01
1.532933333333333259e+01
1.712999999999999901e+01
1.922733333333333405e+01
2.119933333333333536e+01
2.267799999999999727e+01
2.351999999999999602e+01
2.351600000000000179e+01
2.325466666666666526e+01
2.297133333333333383e+01
2.270466666666667166e+01
2.252199999999999847e+01
2.253999999999999915e+01
2.264466666666666939e+01
2.236066666666666336e+01
2.166266666666666652e+01
2.050066666666666748e+01
1.902333333333333343e+01
1.742000000000000171e+01
1.601866666666666816e+01
1.491600000000000037e+01
1.411666666666666536e+01
1.372666666666666480e+01
1.378533333333333388e+01
1.421999999999999886e+01
1.510466666666666669e+01
1.657600000000000051e+01
1.845066666666666677e+01
2.031533333333333147e+01
2.178066666666666507e+01
2.252599999999999980e+01
2.251266666666666794e+01
2.218533333333333246e+01
2.183133333333332970e+01
2.158266666666666467e+01
2.146266666666666723e+01
2.162733333333333618e+01
2.185333333333333883e+01
2.167133333333333667e+01
2.100266666666666637e+01
1.985999999999999943e+01
1.845866666666666589e+01
