3.855442106723785400e-01 3.562480807304382324e-01 3.475116491317749023e-01 3.289166390895843506e-01 3.484954833984375000e-01 3.796511292457580566e-01 3.476881980895996094e-01 3.235045075416564941e-01 3.445797860622406006e-01 3.457576036453247070e-01 3.517303466796875000e-01 3.238480687141418457e-01 3.565303087234497070e-01 3.821411728858947754e-01 3.424144983291625977e-01
3.751474022865295410e-01 3.484713137149810791e-01 3.412328362464904785e-01 3.205744326114654541e-01 3.401763141155242920e-01 3.716633915901184082e-01 3.385890722274780273e-01 3.148462772369384766e-01 3.350276648998260498e-01 3.358635306358337402e-01 3.436449170112609863e-01 3.167823851108551025e-01 3.492670357227325439e-01 3.729645907878875732e-01 3.332478404045104980e-01
3.695510029792785645e-01 3.427084386348724365e-01 3.362864851951599121e-01 3.153695762157440186e-01 3.353436291217803955e-01 3.664057254791259766e-01 3.326982855796813965e-01 3.092004954814910889e-01 3.281739056110382080e-01 3.297511041164398193e-01 3.396378755569458008e-01 3.120788931846618652e-01 3.444742858409881592e-01 3.676894307136535645e-01 3.287041485309600830e-01
3.678278625011444092e-01 3.389346003532409668e-01 3.327605724334716797e-01 3.137280344963073730e-01 3.341797888278961182e-01 3.633987009525299072e-01 3.298245668411254883e-01 3.063451945781707764e-01 3.242323398590087891e-01 3.275376558303833008e-01 3.392423093318939209e-01 3.101424872875213623e-01 3.416997492313385010e-01 3.657740950584411621e-01 3.282966315746307373e-01
3.694307506084442139e-01 3.379280269145965576e-01 3.303679823875427246e-01 3.147403299808502197e-01 3.360377252101898193e-01 3.629543781280517578e-01 3.305224180221557617e-01 3.068548738956451416e-01 3.235919773578643799e-01 3.290226161479949951e-01 3.412593007087707520e-01 3.112722039222717285e-01 3.410527110099792480e-01 3.673113584518432617e-01 3.307854831218719482e-01
3.718670010566711426e-01 3.380050957202911377e-01 3.288112878799438477e-01 3.169460892677307129e-01 3.387739956378936768e-01 3.636476397514343262e-01 3.326354622840881348e-01 3.087438642978668213e-01 3.244972527027130127e-01 3.319236040115356445e-01 3.439257144927978516e-01 3.132789134979248047e-01 3.411847054958343506e-01 3.697242736816406250e-01 3.339760601520538330e-01
3.743150234222412109e-01 3.386051952838897705e-01 3.281455039978027344e-01 3.200247585773468018e-01 3.410050272941589355e-01 3.647774457931518555e-01 3.351706564426422119e-01 3.107780814170837402e-01 3.260351717472076416e-01 3.352029621601104736e-01 3.471731245517730713e-01 3.153746724128723145e-01 3.415743410587310791e-01 3.721927106380462646e-01 3.373272120952606201e-01
3.782894313335418701e-01 3.407711088657379150e-01 3.278931677341461182e-01 3.236585855484008789e-01 3.444679379463195801e-01 3.662781715393066406e-01 3.392022550106048584e-01 3.142923712730407715e-01 3.289627134799957275e-01 3.396379649639129639e-01 3.508564233779907227e-01 3.191114664077758789e-01 3.434002101421356201e-01 3.764108419418334961e-01 3.421828746795654297e-01
3.813570141792297363e-01 3.423317670822143555e-01 3.283570706844329834e-01 3.266018629074096680e-01 3.467423617839813232e-01 3.678029775619506836e-01 3.423904180526733398e-01 3.174946904182434082e-01 3.315521776676177979e-01 3.431594371795654297e-01 3.534865081310272217e-01 3.213964104652404785e-01 3.446247577667236328e-01 3.790885210037231445e-01 3.457884490489959717e-01
3.839868903160095215e-01 3.442118763923645020e-01 3.285080194473266602e-01 3.287322521209716797e-01 3.495918810367584229e-01 3.688219487667083740e-01 3.452749550342559814e-01 3.207257986068725586e-01 3.339532315731048584e-01 3.455987870693206787e-01 3.543272018432617188e-01 3.240075707435607910e-01 3.465443253517150879e-01 3.812597692012786865e-01 3.480607569217681885e-01
3.867362141609191895e-01 3.456302881240844727e-01 3.295907378196716309e-01 3.299666941165924072e-01 3.509645462036132812e-01 3.700121641159057617e-01 3.477351069450378418e-01 3.241085410118103027e-01 3.362325429916381836e-01 3.474223017692565918e-01 3.551047444343566895e-01 3.258090615272521973e-01 3.477933406829833984e-01 3.829945623874664307e-01 3.505881726741790771e-01
3.904257118701934814e-01 3.476384878158569336e-01 3.310135900974273682e-01 3.315753340721130371e-01 3.531503975391387939e-01 3.719930946826934814e-01 3.508145511150360107e-01 3.280855715274810791e-01 3.391078114509582520e-01 3.496512770652770996e-01 3.564000725746154785e-01 3.286077082157135010e-01 3.498406112194061279e-01 3.856990933418273926e-01 3.534654974937438965e-01
3.899408876895904541e-01 3.465337455272674561e-01 3.316756486892700195e-01 3.310169279575347900e-01 3.532090485095977783e-01 3.718955218791961670e-01 3.502661585807800293e-01 3.287730515003204346e-01 3.392238318920135498e-01 3.487683534622192383e-01 3.547132015228271484e-01 3.282299637794494629e-01 3.492973446846008301e-01 3.842105269432067871e-01 3.526387512683868408e-01
3.887902200222015381e-01 3.457298576831817627e-01 3.314694762229919434e-01 3.295062482357025146e-01 3.520892560482025146e-01 3.712823092937469482e-01 3.488619327545166016e-01 3.281040191650390625e-01 3.383001983165740967e-01 3.471745550632476807e-01 3.528335094451904297e-01 3.269225358963012695e-01 3.487520515918731689e-01 3.826279044151306152e-01 3.509269654750823975e-01
3.878708779811859131e-01 3.455717265605926514e-01 3.310316801071166992e-01 3.279479444026947021e-01 3.511170148849487305e-01 3.707053065299987793e-01 3.476605117321014404e-01 3.273662626743316650e-01 3.374291360378265381e-01 3.458505868911743164e-01 3.512884080410003662e-01 3.256927132606506348e-01 3.485756218433380127e-01 3.816186785697937012e-01 3.493760824203491211e-01
3.851716220378875732e-01 3.438607454299926758e-01 3.304413855075836182e-01 3.257124722003936768e-01 3.491804897785186768e-01 3.692978620529174805e-01 3.451312184333801270e-01 3.253569900989532471e-01 3.355002999305725098e-01 3.435237407684326172e-01 3.487544357776641846e-01 3.233004808425903320e-01 3.469518125057220459e-01 3.788928389549255371e-01 3.465114831924438477e-01
3.780119121074676514e-01 3.392300605773925781e-01 3.291904032230377197e-01 3.215143978595733643e-01 3.441958725452423096e-01 3.654790520668029785e-01 3.397163748741149902e-01 3.207107186317443848e-01 3.311300575733184814e-01 3.378862440586090088e-01 3.433068990707397461e-01 3.187206089496612549e-01 3.423449695110321045e-01 3.720314502716064453e-01 3.402157127857208252e-01
3.744896054267883301e-01 3.367337286472320557e-01 3.282151520252227783e-01 3.186570107936859131e-01 3.404743373394012451e-01 3.632586598396301270e-01 3.365303575992584229e-01 3.173910677433013916e-01 3.281700313091278076e-01 3.338479101657867432e-01 3.407987058162689209e-01 3.166621029376983643e-01 3.401364386081695557e-01 3.690377771854400635e-01 3.368764519691467285e-01
3.744669556617736816e-01 3.358390331268310547e-01 3.282279074192047119e-01 3.181202113628387451e-01 3.400837481021881104e-01 3.629690110683441162e-01 3.356736898422241211e-01 3.164112865924835205e-01 3.272481560707092285e-01 3.324027657508850098e-01 3.409095406532287598e-01 3.168374001979827881e-01 3.399962782859802246e-01 3.689153790473937988e-01 3.366804718971252441e-01
3.762182295322418213e-01 3.363100588321685791e-01 3.289701938629150391e-01 3.192949295043945312e-01 3.414907753467559814e-01 3.643333911895751953e-01 3.366600573062896729e-01 3.171822130680084229e-01 3.280160427093505859e-01 3.331103622913360596e-01 3.428016901016235352e-01 3.183105885982513428e-01 3.409403562545776367e-01 3.705839514732360840e-01 3.380188047885894775e-01
3.798300921916961670e-01 3.383275866508483887e-01 3.301340341567993164e-01 3.219433426856994629e-01 3.444938361644744873e-01 3.669713735580444336e-01 3.396243155002593994e-01 3.196919262409210205e-01 3.304168879985809326e-01 3.359742760658264160e-01 3.462662398815155029e-01 3.213459849357604980e-01 3.429526686668395996e-01 3.743087351322174072e-01 3.412183523178100586e-01
3.830882310867309570e-01 3.404413759708404541e-01 3.309639692306518555e-01 3.245614469051361084e-01 3.475514948368072510e-01 3.691498935222625732e-01 3.424938321113586426e-01 3.222361505031585693e-01 3.326834440231323242e-01 3.392699658870697021e-01 3.493400216102600098e-01 3.239808678627014160e-01 3.446427583694458008e-01 3.777447342872619629e-01 3.444857895374298096e-01
3.830069005489349365e-01 3.404852151870727539e-01 3.310514390468597412e-01 3.252530992031097412e-01 3.485471606254577637e-01 3.692499995231628418e-01 3.424826562404632568e-01 3.222625255584716797e-01 3.328487277030944824e-01 3.399463891983032227e-01 3.495439589023590088e-01 3.239578902721405029e-01 3.446731269359588623e-01 3.777028024196624756e-01 3.446005880832672119e-01
3.805067837238311768e-01 3.395382761955261230e-01 3.299554884433746338e-01 3.235569894313812256e-01 3.472442626953125000e-01 3.675125539302825928e-01 3.403119146823883057e-01 3.202727735042572021e-01 3.311508595943450928e-01 3.383168578147888184e-01 3.473467528820037842e-01 3.218165636062622070e-01 3.435253202915191650e-01 3.754868805408477783e-01 3.422338962554931641e-01
3.769231438636779785e-01 3.379360735416412354e-01 3.283509612083435059e-01 3.204436004161834717e-01 3.443688154220581055e-01 3.650615811347961426e-01 3.373539447784423828e-01 3.175422847270965576e-01 3.286200165748596191e-01 3.354762196540832520e-01 3.440014719963073730e-01 3.187207281589508057e-01 3.415548205375671387e-01 3.723431527614593506e-01 3.387291431427001953e-01
3.701632618904113770e-01 3.340266048908233643e-01 3.259727954864501953e-01 3.154902160167694092e-01 3.392944037914276123e-01 3.608426153659820557e-01 3.320893347263336182e-01 3.127862513065338135e-01 3.241998553276062012e-01 3.298621177673339844e-01 3.382199704647064209e-01 3.138475418090820312e-01 3.376488685607910156e-01 3.662113249301910400e-01 3.321767449378967285e-01
3.635523021221160889e-01 3.298521339893341064e-01 3.234013617038726807e-01 3.102638125419616699e-01 3.339111208915710449e-01 3.565777540206909180e-01 3.266089856624603271e-01 3.076843321323394775e-01 3.194040656089782715e-01 3.232351541519165039e-01 3.323644697666168213e-01 3.092195093631744385e-01 3.341166675090789795e-01 3.600852787494659424e-01 3.252664208412170410e-01
3.589210808277130127e-01 3.262382149696350098e-01 3.212794959545135498e-01 3.062002360820770264e-01 3.297784328460693359e-01 3.534657955169677734e-01 3.223932385444641113e-01 3.036635220050811768e-01 3.153438568115234375e-01 3.178646564483642578e-01 3.282831311225891113e-01 3.057344257831573486e-01 3.315263688564300537e-01 3.557019531726837158e-01 3.202402889728546143e-01
3.561322987079620361e-01 3.233706951141357422e-01 3.197504878044128418e-01 3.038714528083801270e-01 3.271900117397308350e-01 3.515268564224243164e-01 3.193477690219879150e-01 3.005874454975128174e-01 3.121968507766723633e-01 3.148079216480255127e-01 3.266927301883697510e-01 3.031210899353027344e-01 3.295958936214447021e-01 3.530796766281127930e-01 3.176582157611846924e-01
3.579598963260650635e-01 3.234847187995910645e-01 3.190037906169891357e-01 3.044024109840393066e-01 3.282925188541412354e-01 3.521321713924407959e-01 3.203371465206146240e-01 3.012320399284362793e-01 3.122717738151550293e-01 3.160738945007324219e-01 3.284631371498107910e-01 3.042365908622741699e-01 3.300993442535400391e-01 3.549930453300476074e-01 3.196377456188201904e-01
3.630652427673339844e-01 3.258015215396881104e-01 3.195795118808746338e-01 3.074381649494171143e-01 3.324475586414337158e-01 3.541917502880096436e-01 3.244313001632690430e-01 3.056626617908477783e-01 3.151211738586425781e-01 3.202768564224243164e-01 3.318411707878112793e-01 3.086521923542022705e-01 3.320926427841186523e-01 3.595528304576873779e-01 3.249429166316986084e-01
3.691510558128356934e-01 3.291695713996887207e-01 3.211556077003479004e-01 3.113713562488555908e-01 3.369991779327392578e-01 3.568942546844482422e-01 3.294110596179962158e-01 3.116826117038726807e-01 3.190622329711914062e-01 3.255307972431182861e-01 3.359673023223876953e-01 3.136420249938964844e-01 3.346201181411743164e-01 3.646850585937500000e-01 3.311326801776885986e-01
3.758257031440734863e-01 3.334836661815643311e-01 3.234916627407073975e-01 3.163060247898101807e-01 3.419120311737060547e-01 3.592553138732910156e-01 3.349736928939819336e-01 3.185662925243377686e-01 3.238182365894317627e-01 3.310496211051940918e-01 3.404077589511871338e-01 3.197973668575286865e-01 3.375617563724517822e-01 3.701403439044952393e-01 3.380971550941467285e-01
3.851088285446166992e-01 3.406755924224853516e-01 3.269494473934173584e-01 3.224330842494964600e-01 3.485568761825561523e-01 3.627071082592010498e-01 3.426845967769622803e-01 3.282514810562133789e-01 3.309082686901092529e-01 3.379463255405426025e-01 3.458662629127502441e-01 3.284506499767303467e-01 3.426077961921691895e-01 3.778457343578338623e-01 3.470859229564666748e-01
3.950039446353912354e-01 3.478108942508697510e-01 3.317895531654357910e-01 3.289342224597930908e-01 3.551394641399383545e-01 3.676900863647460938e-01 3.508920073509216309e-01 3.386536836624145508e-01 3.387270569801330566e-01 3.451153039932250977e-01 3.517290353775024414e-01 3.366503715515136719e-01 3.477976620197296143e-01 3.855836391448974609e-01 3.559243977069854736e-01
4.054620265960693359e-01 3.557868003845214844e-01 3.370870649814605713e-01 3.358626067638397217e-01 3.622109591960906982e-01 3.737825155258178711e-01 3.596472144126892090e-01 3.491054177284240723e-01 3.470795154571533203e-01 3.526161015033721924e-01 3.581610620021820068e-01 3.449852466583251953e-01 3.537341356277465820e-01 3.942214548587799072e-01 3.648004233837127686e-01
4.149611294269561768e-01 3.631378710269927979e-01 3.426672220230102539e-01 3.423432409763336182e-01 3.686041831970214844e-01 3.798169493675231934e-01 3.675835132598876953e-01 3.584451973438262939e-01 3.549955785274505615e-01 3.594671189785003662e-01 3.642816543579101562e-01 3.523968458175659180e-01 3.592075109481811523e-01 4.020461142063140869e-01 3.728463947772979736e-01
4.211475253105163574e-01 3.679361641407012939e-01 3.474903106689453125e-01 3.469905555248260498e-01 3.728689253330230713e-01 3.845977783203125000e-01 3.726081848144531250e-01 3.644234538078308105e-01 3.605592548847198486e-01 3.640469014644622803e-01 3.684463798999786377e-01 3.568720519542694092e-01 3.629906773567199707e-01 4.068408012390136719e-01 3.777253925800323486e-01
4.227017760276794434e-01 3.692737817764282227e-01 3.507113754749298096e-01 3.488586246967315674e-01 3.744708299636840820e-01 3.870470225811004639e-01 3.736143708229064941e-01 3.657905459403991699e-01 3.628101348876953125e-01 3.647780418395996094e-01 3.691749572753906250e-01 3.579478561878204346e-01 3.645508289337158203e-01 4.074198007583618164e-01 3.779954016208648682e-01
4.212387800216674805e-01 3.687164187431335449e-01 3.522357046604156494e-01 3.480809330940246582e-01 3.735680878162384033e-01 3.874615728855133057e-01 3.721920251846313477e-01 3.642480969429016113e-01 3.625838160514831543e-01 3.626242578029632568e-01 3.672606647014617920e-01 3.569335341453552246e-01 3.645319938659667969e-01 4.057000577449798584e-01 3.753278553485870361e-01
4.140231013298034668e-01 3.651910722255706787e-01 3.509972393512725830e-01 3.430941402912139893e-01 3.683629035949707031e-01 3.845063149929046631e-01 3.668164312839508057e-01 3.587685823440551758e-01 3.583002090454101562e-01 3.567024171352386475e-01 3.610215187072753906e-01 3.516625761985778809e-01 3.608676195144653320e-01 3.995045125484466553e-01 3.674667179584503174e-01
4.045025110244750977e-01 3.607919216156005859e-01 3.475100398063659668e-01 3.354743123054504395e-01 3.608327507972717285e-01 3.794934749603271484e-01 3.593378365039825439e-01 3.510661721229553223e-01 3.514846563339233398e-01 3.485640883445739746e-01 3.527841567993164062e-01 3.442903757095336914e-01 3.560864031314849854e-01 3.916982114315032959e-01 3.572365641593933105e-01
3.942473530769348145e-01 3.555114567279815674e-01 3.429064750671386719e-01 3.268312513828277588e-01 3.524799644947052002e-01 3.734686076641082764e-01 3.509285151958465576e-01 3.424686491489410400e-01 3.433821499347686768e-01 3.400527536869049072e-01 3.442028462886810303e-01 3.356952071189880371e-01 3.503741919994354248e-01 3.832185268402099609e-01 3.467290401458740234e-01
3.853819668292999268e-01 3.504352271556854248e-01 3.381465375423431396e-01 3.192341029644012451e-01 3.452705442905426025e-01 3.675515055656433105e-01 3.431032299995422363e-01 3.345136046409606934e-01 3.356050550937652588e-01 3.329472839832305908e-01 3.374137878417968750e-01 3.279301226139068604e-01 3.450444638729095459e-01 3.759192228317260742e-01 3.383120000362396240e-01
3.780495226383209229e-01 3.451252877712249756e-01 3.337849378585815430e-01 3.132329881191253662e-01 3.399900197982788086e-01 3.626819849014282227e-01 3.360219597816467285e-01 3.272114992141723633e-01 3.287761509418487549e-01 3.272764980792999268e-01 3.324981927871704102e-01 3.211953639984130859e-01 3.404721915721893311e-01 3.696077167987823486e-01 3.315489590167999268e-01
3.736190199851989746e-01 3.409280776977539062e-01 3.304422795772552490e-01 3.097802996635437012e-01 3.376725614070892334e-01 3.594806492328643799e-01 3.311549127101898193e-01 3.219009339809417725e-01 3.241446316242218018e-01 3.237124085426330566e-01 3.300174772739410400e-01 3.172092735767364502e-01 3.376981914043426514e-01 3.656930923461914062e-01 3.276560902595520020e-01
3.709888160228729248e-01 3.377557694911956787e-01 3.281018435955047607e-01 3.081802427768707275e-01 3.368806242942810059e-01 3.570837974548339844e-01 3.281240463256835938e-01 3.186736106872558594e-01 3.211189508438110352e-01 3.219228684902191162e-01 3.289856612682342529e-01 3.151513040065765381e-01 3.356182575225830078e-01 3.633096218109130859e-01 3.259857296943664551e-01
3.629370331764221191e-01 3.312871754169464111e-01 3.239625394344329834e-01 3.034084737300872803e-01 3.321787416934967041e-01 3.512628078460693359e-01 3.218820095062255859e-01 3.127145469188690186e-01 3.152800202369689941e-01 3.161295652389526367e-01 3.227416574954986572e-01 3.101209104061126709e-01 3.296934664249420166e-01 3.561170697212219238e-01 3.189823627471923828e-01
3.579649031162261963e-01 3.274518251419067383e-01 3.200395405292510986e-01 2.989940941333770752e-01 3.277607858180999756e-01 3.464337885379791260e-01 3.174435198307037354e-01 3.087174296379089355e-01 3.104545474052429199e-01 3.109567463397979736e-01 3.176823258399963379e-01 3.065406978130340576e-01 3.259088993072509766e-01 3.514747619628906250e-01 3.141085803508758545e-01
3.554347157478332520e-01 3.246739804744720459e-01 3.174466192722320557e-01 2.964501082897186279e-01 3.253626227378845215e-01 3.429986238479614258e-01 3.145598471164703369e-01 3.065848648548126221e-01 3.071357011795043945e-01 3.079110383987426758e-01 3.150698244571685791e-01 3.043099939823150635e-01 3.233202397823333740e-01 3.484926819801330566e-01 3.121245205402374268e-01
3.533508479595184326e-01 3.213767707347869873e-01 3.156966269016265869e-01 2.950398325920104980e-01 3.236496746540069580e-01 3.408900499343872070e-01 3.119137585163116455e-01 3.045024871826171875e-01 3.044013381004333496e-01 3.062188923358917236e-01 3.142108023166656494e-01 3.021138012409210205e-01 3.206884562969207764e-01 3.458378016948699951e-01 3.109728991985321045e-01
3.555107116699218750e-01 3.216473460197448730e-01 3.151455819606781006e-01 2.968066334724426270e-01 3.253943324089050293e-01 3.414305448532104492e-01 3.131568729877471924e-01 3.056723773479461670e-01 3.050519227981567383e-01 3.081772923469543457e-01 3.170303702354431152e-01 3.040275871753692627e-01 3.210802972316741943e-01 3.478018939495086670e-01 3.139360547065734863e-01
3.599133193492889404e-01 3.240558803081512451e-01 3.160181343555450439e-01 3.006676435470581055e-01 3.294174075126647949e-01 3.434214591979980469e-01 3.169114291667938232e-01 3.096607327461242676e-01 3.080972433090209961e-01 3.123853802680969238e-01 3.212606906890869141e-01 3.083588778972625732e-01 3.230193555355072021e-01 3.518651723861694336e-01 3.191320598125457764e-01
3.625513315200805664e-01 3.255287110805511475e-01 3.170106112957000732e-01 3.037557303905487061e-01 3.321627378463745117e-01 3.443427383899688721e-01 3.192323446273803711e-01 3.126330673694610596e-01 3.102066218852996826e-01 3.156038820743560791e-01 3.240799307823181152e-01 3.110771179199218750e-01 3.239507675170898438e-01 3.539578914642333984e-01 3.228121697902679443e-01
3.645330965518951416e-01 3.265877664089202881e-01 3.180802762508392334e-01 3.060468733310699463e-01 3.338464200496673584e-01 3.447930216789245605e-01 3.208728730678558350e-01 3.148863017559051514e-01 3.118895888328552246e-01 3.176717758178710938e-01 3.258675336837768555e-01 3.131788074970245361e-01 3.246385157108306885e-01 3.552097976207733154e-01 3.255589604377746582e-01
3.663768470287322998e-01 3.275770246982574463e-01 3.193653523921966553e-01 3.078564703464508057e-01 3.350981771945953369e-01 3.453618288040161133e-01 3.223059773445129395e-01 3.168923854827880859e-01 3.134948611259460449e-01 3.191558122634887695e-01 3.271776139736175537e-01 3.149410784244537354e-01 3.253309130668640137e-01 3.562527596950531006e-01 3.277771174907684326e-01
3.672855496406555176e-01 3.284453451633453369e-01 3.202396929264068604e-01 3.089289665222167969e-01 3.355797231197357178e-01 3.455956578254699707e-01 3.231512010097503662e-01 3.182541131973266602e-01 3.144668340682983398e-01 3.202001154422760010e-01 3.279103636741638184e-01 3.157908618450164795e-01 3.255221545696258545e-01 3.567134141921997070e-01 3.290145993232727051e-01
3.691899478435516357e-01 3.307428956031799316e-01 3.208306133747100830e-01 3.104123473167419434e-01 3.365264534950256348e-01 3.466527462005615234e-01 3.247636258602142334e-01 3.199334144592285156e-01 3.158947527408599854e-01 3.223549425601959229e-01 3.299621045589447021e-01 3.168824613094329834e-01 3.267137110233306885e-01 3.586221337318420410e-01 3.310049772262573242e-01
3.746382594108581543e-01 3.357098102569580078e-01 3.224539160728454590e-01 3.142897784709930420e-01 3.402104079723358154e-01 3.504358828067779541e-01 3.298438787460327148e-01 3.244738578796386719e-01 3.203162550926208496e-01 3.274835050106048584e-01 3.349000513553619385e-01 3.211094141006469727e-01 3.303368389606475830e-01 3.643166422843933105e-01 3.359984457492828369e-01
3.805244863033294678e-01 3.405198454856872559e-01 3.246521353721618652e-01 3.190355300903320312e-01 3.449870347976684570e-01 3.553046882152557373e-01 3.356812596321105957e-01 3.294634819030761719e-01 3.256388306617736816e-01 3.334881365299224854e-01 3.404247462749481201e-01 3.257297873497009277e-01 3.343684077262878418e-01 3.704946041107177734e-01 3.414151370525360107e-01
3.860746026039123535e-01 3.450725972652435303e-01 3.269362747669219971e-01 3.237459957599639893e-01 3.497229218482971191e-01 3.603321313858032227e-01 3.414093852043151855e-01 3.339801132678985596e-01 3.310097157955169678e-01 3.393124341964721680e-01 3.457338511943817139e-01 3.301157653331756592e-01 3.385551869869232178e-01 3.764760494232177734e-01 3.465423285961151123e-01
3.874536156654357910e-01 3.464902043342590332e-01 3.284383118152618408e-01 3.262265622615814209e-01 3.520494103431701660e-01 3.629980981349945068e-01 3.434722721576690674e-01 3.348923027515411377e-01 3.335346579551696777e-01 3.418909311294555664e-01 3.477846682071685791e-01 3.312166929244995117e-01 3.405166268348693848e-01 3.782015740871429443e-01 3.479005992412567139e-01
3.880980908870697021e-01 3.471910953521728516e-01 3.296656012535095215e-01 3.274917602539062500e-01 3.526001572608947754e-01 3.640955388545989990e-01 3.444635868072509766e-01 3.347414135932922363e-01 3.348396420478820801e-01 3.430331945419311523e-01 3.489311337471008301e-01 3.317422568798065186e-01 3.417429029941558838e-01 3.791547417640686035e-01 3.491623401641845703e-01
3.864002823829650879e-01 3.463901579380035400e-01 3.298633396625518799e-01 3.265962004661560059e-01 3.512363731861114502e-01 3.632781505584716797e-01 3.434584736824035645e-01 3.331591188907623291e-01 3.342218697071075439e-01 3.421528041362762451e-01 3.475823402404785156e-01 3.304126262664794922e-01 3.413358330726623535e-01 3.778212666511535645e-01 3.481532633304595947e-01
3.831696510314941406e-01 3.453248441219329834e-01 3.289196491241455078e-01 3.238018751144409180e-01 3.483327329158782959e-01 3.612370193004608154e-01 3.410549461841583252e-01 3.306005895137786865e-01 3.321490883827209473e-01 3.400022089481353760e-01 3.446799218654632568e-01 3.273372948169708252e-01 3.399863839149475098e-01 3.751838505268096924e-01 3.453843891620635986e-01
3.806314468383789062e-01 3.442155420780181885e-01 3.280969262123107910e-01 3.211151063442230225e-01 3.456225991249084473e-01 3.593204021453857422e-01 3.388980925083160400e-01 3.284756541252136230e-01 3.302890956401824951e-01 3.378410339355468750e-01 3.421543538570404053e-01 3.247016668319702148e-01 3.386646509170532227e-01 3.728871643543243408e-01 3.431936204433441162e-01
