1.779000000000000000e+03
1.892499999999999773e+03
2.012000000000000000e+03
2.120250000000000000e+03
2.202199999999999818e+03
2.261166666666666515e+03
2.293142857142856883e+03
2.319499999999999545e+03
2.340111111111110858e+03
2.348299999999999727e+03
2.346909090909090537e+03
2.342916666666666515e+03
2.340538461538461434e+03
2.332499999999999545e+03
2.324933333333332939e+03
2.317687499999999545e+03
2.307176470588234679e+03
2.293333333333332575e+03
2.273473684210525789e+03
2.250199999999999363e+03
2.223714285714285325e+03
2.197772727272727025e+03
2.175826086956521067e+03
2.156499999999999545e+03
2.141199999999999363e+03
2.133884615384614790e+03
2.135703703703703013e+03
2.144321428571427987e+03
2.155999999999999545e+03
2.166066666666666606e+03
2.173741935483870748e+03
2.181718749999999545e+03
2.188909090909090537e+03
2.194647058823529278e+03
2.197828571428571195e+03
2.199666666666666060e+03
2.203540540540540405e+03
2.206131578947367871e+03
2.208487179487179219e+03
2.211099999999999909e+03
2.213780487804877794e+03
2.214547619047618809e+03
2.211511627906976628e+03
2.205568181818181529e+03
2.198244444444444525e+03
2.190260869565217035e+03
2.182340425531914207e+03
2.174041666666666060e+03
2.166142857142856428e+03
2.159999999999999091e+03
2.156235294117646390e+03
2.155076923076922412e+03
2.155264150943395634e+03
2.155777777777777374e+03
2.155745454545453867e+03
2.155499999999999545e+03
2.154964912280701355e+03
2.153086206896551175e+03
2.150661016949151872e+03
2.149166666666666060e+03
2.149836065573769702e+03
2.150919354838709296e+03
2.151142857142856883e+03
2.151249999999999545e+03
2.151199999999999818e+03
2.150424242424242038e+03
2.147567164179103656e+03
2.143514705882352246e+03
2.138391304347826008e+03
2.132485714285714039e+03
2.126816901408450121e+03
2.121291666666666060e+03
2.117082191780821631e+03
2.115554054054053722e+03
2.117186666666666497e+03
2.121394736842104976e+03
2.126779220779220395e+03
2.132141025641025408e+03
2.136506329113923584e+03
2.140937499999999545e+03
2.144901234567900701e+03
2.148195121951219335e+03
2.150385542168674419e+03
2.152238095238094957e+03
2.154388235294117294e+03
2.155360465116278647e+03
2.156229885057471165e+03
2.156624999999999545e+03
2.156696629213482993e+03
2.155811111111111131e+03
2.153362637362637088e+03
2.150021739130434526e+03
2.145946236559139379e+03
2.141595744680851112e+03
2.137599999999999454e+03
2.133781249999999545e+03
2.131051546391751799e+03
2.130418367346938339e+03
2.132323232323231878e+03
2.135849999999999454e+03
2.140188118811880486e+03
2.144009803921568164e+03
2.147514563106795777e+03
2.151269230769230489e+03
2.154866666666666333e+03
2.158103773584905412e+03
2.160373831775701092e+03
2.161824074074074360e+03
2.163293577981651197e+03
2.164209090909090719e+03
2.164882882882882768e+03
2.165660714285713766e+03
2.166433628318583942e+03
2.166368421052631220e+03
2.164947826086956411e+03
2.162681034482758605e+03
2.159820512820513159e+03
2.156610169491525539e+03
2.153420168067227223e+03
2.150366666666666788e+03
2.148115702479339234e+03
2.147516393442623212e+03
2.149154471544715307e+03
2.152338709677419502e+03
2.156160000000000309e+03
2.159825396825396638e+03
2.163283464566929069e+03
2.167015625000000000e+03
2.170984496124030557e+03
2.174084615384615063e+03
2.176305343511449792e+03
2.178303030303030027e+03
2.180368421052631220e+03
2.181723880597015068e+03
2.182481481481481296e+03
2.183227941176470722e+03
2.183919708029197409e+03
2.183833333333333485e+03
2.182712230215827731e+03
2.180814285714285688e+03
2.178390070921986080e+03
2.175753521126760461e+03
2.173090909090909008e+03
2.170430555555555657e+03
2.168400000000000091e+03
2.167739726027397410e+03
2.168612244897959044e+03
2.170736486486486228e+03
2.173590604026845540e+03
2.176199999999999818e+03
2.178529801324503751e+03
2.181013157894737105e+03
2.183470588235294599e+03
2.185642857142857338e+03
2.187141935483871293e+03
2.188512820512820781e+03
2.189675159235669071e+03
2.190348101265823061e+03
2.190874213836478248e+03
2.191443750000000364e+03
2.192055900621118326e+03
2.192030864197531173e+03
2.191061349693251941e+03
2.189487804878049246e+03
2.187490909090909554e+03
2.185253012048192886e+03
2.183083832335329589e+03
2.180910714285714221e+03
2.179284023668639293e+03
2.178876470588235406e+03
2.179812865497076018e+03
2.181988372093023372e+03
2.184942196531791978e+03
2.187936781609195350e+03
2.190514285714285506e+03
2.193227272727272521e+03
2.195717514124293302e+03
2.197601123595505214e+03
2.198815642458100228e+03
2.199627777777777283e+03
2.200171270718231881e+03
2.200016483516483277e+03
2.199644808743169051e+03
2.199168478260869506e+03
2.198616216216215435e+03
2.197645161290321994e+03
2.196032085561496842e+03
2.193978723404255106e+03
2.191555555555554747e+03
2.188952631578947148e+03
2.186450261780104029e+03
2.184015624999999091e+03
2.181860103626942418e+03
2.180432989690721115e+03
2.180092307692307259e+03
2.180693877551019796e+03
2.181705583756344822e+03
2.182585858585858205e+03
2.183100502512562798e+03
2.183549999999999727e+03
2.183791044776118724e+03
2.183628712871287007e+03
2.183344827586206975e+03
2.183220588235293690e+03
2.183219512195121752e+03
2.182932038834951072e+03
2.182347826086956047e+03
2.181624999999999091e+03
2.180822966507176716e+03
2.179704761904761199e+03
2.178080568720378778e+03
2.176042452830188267e+03
2.173751173708919850e+03
2.171271028037383076e+03
2.168855813953488450e+03
2.166439814814814781e+03
2.164156682027649822e+03
2.162293577981651651e+03
2.160972602739725971e+03
2.160022727272727479e+03
2.159352941176470722e+03
2.158653153153153198e+03
2.157789237668161604e+03
2.156808035714285779e+03
2.155604444444444198e+03
2.154216814159291971e+03
2.152766519823788258e+03
2.151574561403508596e+03
2.151039301310043811e+03
2.150413043478260533e+03
2.149727272727272521e+03
2.149043103448275815e+03
2.148412017167381691e+03
2.147461538461538566e+03
2.146072340425532275e+03
2.144250000000000455e+03
2.142168776371308013e+03
2.139936974789916349e+03
2.137853556485355512e+03
2.135895833333333940e+03
2.134456431535270440e+03
2.133925619834711142e+03
2.134452674897119778e+03
2.135692622950819896e+03
2.137220408163265802e+03
2.138682926829269036e+03
2.139882591093118208e+03
2.141036290322581863e+03
2.142004016064257939e+03
2.142680000000000746e+03
2.143095617529881565e+03
2.143456349206349842e+03
2.143695652173913913e+03
2.143464566929134890e+03
2.143066666666667970e+03
2.142382812500000909e+03
2.141548638132296674e+03
2.140476744186047654e+03
2.139030888030888491e+03
2.137307692307692832e+03
2.135333333333334394e+03
2.133244274809161197e+03
2.131296577946769048e+03
2.129503787878788899e+03
2.128173584905661301e+03
2.127721804511279515e+03
2.128179775280899776e+03
2.129298507462687212e+03
2.130628252788104874e+03
2.131888888888889596e+03
2.132874538745388236e+03
2.133801470588236043e+03
2.134663003663004019e+03
2.135328467153285601e+03
2.135803636363636997e+03
2.136250000000000909e+03
2.136628158844765949e+03
2.136679856115108578e+03
2.136530465949821519e+03
2.136225000000000819e+03
2.135775800711744523e+03
2.135219858156029204e+03
2.133982332155478161e+03
2.132489436619719527e+03
2.130764912280702902e+03
2.129045454545455868e+03
2.127337979094078037e+03
2.125583333333334394e+03
2.124366782006921767e+03
2.123937931034483881e+03
2.124398625429554613e+03
2.125578767123288799e+03
2.126976109215018369e+03
2.128221088435375350e+03
2.129105084745764088e+03
2.129952702702704300e+03
2.130737373737375037e+03
2.131322147651008436e+03
2.131752508361205855e+03
2.132183333333334758e+03
2.132584717607974653e+03
2.132705298013246647e+03
2.132686468646866160e+03
2.132500000000001819e+03
2.132157377049181832e+03
2.131565359477125639e+03
2.130583061889252349e+03
2.129301948051949239e+03
2.127776699029127485e+03
2.126145161290323813e+03
2.124633440514471204e+03
2.123237179487181493e+03
2.122226837060704838e+03
2.121847133757963093e+03
2.122320634920636621e+03
2.123278481012659995e+03
2.124422712933755065e+03
2.125415094339623920e+03
2.126059561128528003e+03
2.126590625000001637e+03
2.127021806853584167e+03
2.127366459627330642e+03
2.127578947368422178e+03
2.127901234567902520e+03
2.128129230769231981e+03
2.127996932515338813e+03
2.127657492354741407e+03
2.127219512195123571e+03
2.126665653495442257e+03
2.125884848484849954e+03
2.124800604229608780e+03
2.123500000000001364e+03
2.122075075075076256e+03
2.120550898203594443e+03
2.119131343283583192e+03
2.117839285714287143e+03
2.116899109792286254e+03
2.116618343195267698e+03
2.117109144542774629e+03
2.118032352941178488e+03
2.119017595307919237e+03
2.119912280701756117e+03
2.120583090379010628e+03
2.121165697674420244e+03
2.121605797101450662e+03
2.121976878612718338e+03
2.122219020172912224e+03
2.122494252873565074e+03
2.122779369627508913e+03
2.122817142857144518e+03
2.122672364672366712e+03
2.122176136363637852e+03
2.121628895184137946e+03
2.120872881355934169e+03
2.119876056338029684e+03
2.118685393258428576e+03
2.117294117647060375e+03
2.115863128491621865e+03
2.114504178272982244e+03
2.113244444444445890e+03
2.112180055401663594e+03
2.111563535911603594e+03
2.111661157024795102e+03
2.112192307692309441e+03
2.112857534246577416e+03
2.113543715846996747e+03
2.114005449591282286e+03
2.114394021739132313e+03
2.114634146341465112e+03
2.114778378378380239e+03
2.114873315363883194e+03
2.115129032258066218e+03
2.115469168900805926e+03
2.115508021390376143e+03
2.115333333333335304e+03
2.115037234042555156e+03
2.114628647214855846e+03
2.114044973544975164e+03
2.113176781002640382e+03
2.112060526315791321e+03
2.110787401574805244e+03
2.109460732984295191e+03
2.108185378590080290e+03
2.106924479166668789e+03
2.105761038961040867e+03
2.104849740932644636e+03
2.104250645994834031e+03
2.104007731958764907e+03
2.103892030848330705e+03
2.103756410256411982e+03
2.103493606138109044e+03
2.103191326530613878e+03
2.102798982188297032e+03
2.102335025380712523e+03
2.101820253164558835e+03
2.101510101010102971e+03
2.101448362720405385e+03
2.101304020100505113e+03
2.100872180451130134e+03
2.100705000000002656e+03
2.100483790523693642e+03
2.100057213930351281e+03
2.099342431761789612e+03
2.098391089108914002e+03
2.097281481481484661e+03
2.096098522167490501e+03
2.095022113022116173e+03
2.094083333333336668e+03
2.093515892420541604e+03
2.093519512195125571e+03
2.094209245742096300e+03
2.095327669902916114e+03
2.096600484261504789e+03
2.097826086956525614e+03
2.098891566265063830e+03
2.099956730769234127e+03
2.100978417266190718e+03
2.101811004784692614e+03
2.102579952267306453e+03
2.103240476190479512e+03
2.103714964370549751e+03
2.103895734597159390e+03
2.103912529550830641e+03
2.103870283018871305e+03
2.103715294117650046e+03
2.103340375586857590e+03
2.102672131147544405e+03
2.101782710280377160e+03
2.100743589743593020e+03
2.099658139534886686e+03
2.098658932714620732e+03
2.097789351851854917e+03
2.097193995381065633e+03
2.097103686635947724e+03
2.097579310344830901e+03
2.098461009174315222e+03
2.099505720823801767e+03
2.100470319634705902e+03
2.101173120728932190e+03
2.101813636363639034e+03
2.102376417233562734e+03
2.102846153846156540e+03
2.103252821670431786e+03
2.103675675675678576e+03
2.104033707865170982e+03
2.104163677130047290e+03
2.104100671140942268e+03
2.103857142857145845e+03
2.103427616926506744e+03
2.102826666666670008e+03
2.102015521064304721e+03
2.101039823008853091e+03
2.099938189845478064e+03
2.098784140969166401e+03
2.097707692307695652e+03
2.096714912280705448e+03
2.095995623632389197e+03
2.095729257641925415e+03
2.095945533769066969e+03
2.096478260869569112e+03
2.097130151843821295e+03
2.097725108225111853e+03
2.098131749460046649e+03
2.098420258620693403e+03
2.098550537634412194e+03
2.098553648068672828e+03
2.098569593147754858e+03
2.098685897435901097e+03
2.098837953091688178e+03
2.098780851063833325e+03
2.098543524416139917e+03
2.098171610169495125e+03
2.097617336152223743e+03
2.096875527426163899e+03
2.095945263157897898e+03
2.094880252100843336e+03
2.093727463312372493e+03
2.092533472803350378e+03
2.091436325678499998e+03
2.090475000000003092e+03
2.089850311850314938e+03
2.089728215767637721e+03
2.090142857142860066e+03
2.090944214876036312e+03
2.091865979381446323e+03
2.092734567901237369e+03
2.093420944558524297e+03
2.094084016393445381e+03
2.094687116564420194e+03
2.095195918367349805e+03
2.095610997963342925e+03
2.096073170731709979e+03
2.096523326572010774e+03
2.096773279352229565e+03
2.096836363636366514e+03
2.096741935483873931e+03
2.096529175050304730e+03
2.096078313253015040e+03
2.095400801603208947e+03
2.094564000000003034e+03
2.093604790419164146e+03
2.092599601593627995e+03
2.091685884691851697e+03
2.090878968253970925e+03
2.090374257425745327e+03
2.090367588932809213e+03
2.090867850098622512e+03
2.091726377952759321e+03
2.092666011787822299e+03
2.093498039215689460e+03
2.094180039138946540e+03
2.094826171875003183e+03
2.095440545808970455e+03
2.095955252918291535e+03
2.096349514563110006e+03
2.096753875968995544e+03
2.097117988394587428e+03
2.097295366795369773e+03
2.097290944123317331e+03
2.097178846153849463e+03
2.096953934740885870e+03
2.096526819923374205e+03
2.095892925430212927e+03
2.095101145038170671e+03
2.094179047619050380e+03
2.093230038022816643e+03
2.092337760910818815e+03
2.091511363636366241e+03
2.090867674858226110e+03
2.090573584905663211e+03
2.090693032015069093e+03
2.091120300751882951e+03
2.091690431519702997e+03
2.092181647940078165e+03
2.092514018691592355e+03
2.092826492537316881e+03
2.093104283054007283e+03
2.093314126394055620e+03
2.093445269016700877e+03
2.093661111111114224e+03
2.093985212569319629e+03
2.094132841328416816e+03
2.094132596685086355e+03
2.094056985294121205e+03
2.093864220183490033e+03
2.093531135531139171e+03
2.093000000000004093e+03
2.092304744525551087e+03
2.091502732240441219e+03
2.090630909090913519e+03
2.089798548094378020e+03
2.089009057971018592e+03
2.088285714285718313e+03
2.087727436823109201e+03
2.087428828828833048e+03
2.087309352517989737e+03
2.087260323159788641e+03
2.087195340501796181e+03
2.087046511627911514e+03
2.086837500000004184e+03
2.086591800356510703e+03
2.086284697508900990e+03
2.085939609236238994e+03
2.085721631205678023e+03
2.085727433628322615e+03
2.085674911660781163e+03
2.085589065255735932e+03
2.085478873239440418e+03
2.085332161687174448e+03
2.085033333333337396e+03
2.084539404553419445e+03
2.083905594405598094e+03
2.083169284467717716e+03
2.082348432055753165e+03
2.081594782608699916e+03
2.080904513888892780e+03
2.080452339688045868e+03
2.080439446366786342e+03
2.080832469775479240e+03
2.081484482758624836e+03
2.082283993115322573e+03
2.083085910652925122e+03
2.083684391080621481e+03
2.084292808219182007e+03
2.084888888888892780e+03
2.085428327645055106e+03
2.085899488926750109e+03
2.086348639455786270e+03
2.086765704584044670e+03
2.087000000000004093e+03
2.087084602368870492e+03
2.087084459459463687e+03
2.087003372681285782e+03
2.086836700336703871e+03
2.086428571428575196e+03
2.085875838926178403e+03
2.085222780569517909e+03
2.084523411371241309e+03
2.083831385642742134e+03
2.083233333333337214e+03
2.082846921797008690e+03
2.082837209302329484e+03
2.083184079601993744e+03
2.083903973509937714e+03
2.084709090909094812e+03
2.085478547854789213e+03
2.086105436573315274e+03
2.086763157894740743e+03
2.087423645320201103e+03
2.088029508196725146e+03
2.088515548281509837e+03
2.088942810457520409e+03
2.089393148450248646e+03
2.089649837133554229e+03
2.089769105691060759e+03
2.089836038961042505e+03
2.089849270664508822e+03
2.089705501618126164e+03
2.089376413570278146e+03
2.088851612903229125e+03
2.088225442834142086e+03
2.087528938906755684e+03
2.086882825040131593e+03
2.086270833333336668e+03
2.085900800000003073e+03
2.085897763578278045e+03
2.086290271132379530e+03
2.087019108280257569e+03
2.087821939586648568e+03
2.088606349206352206e+03
2.089253565768624412e+03
2.089911392405066181e+03
2.090545023696685348e+03
2.091104100946375183e+03
2.091538582677168051e+03
2.091962264150946339e+03
2.092379905808480544e+03
2.092592476489031469e+03
2.092744913928015649e+03
2.092862500000003365e+03
2.092887675507023232e+03
2.092785046728974976e+03
2.092489891135306607e+03
2.092051242236028429e+03
2.091502325581398509e+03
2.090866873065018353e+03
2.090287480680065073e+03
2.089754629629632745e+03
2.089411402157168141e+03
2.089403076923080334e+03
2.089838709677422685e+03
2.090526073619635099e+03
2.091315467075041397e+03
2.091989296636088511e+03
2.092548091603056037e+03
2.093129573170734602e+03
2.093722983257232954e+03
2.094256838905777840e+03
2.094676783004555091e+03
2.095142424242426841e+03
2.095606656580940580e+03
2.095932024169187571e+03
2.096143288084467713e+03
2.096308734939761962e+03
2.096332330827071019e+03
2.096192192192195307e+03
2.095919040479763225e+03
2.095522455089823325e+03
2.095041853512708258e+03
2.094528358208958252e+03
2.094056631892700352e+03
2.093617559523812815e+03
2.093245170876674820e+03
2.093032640949558299e+03
2.093066666666669335e+03
2.093306213017754089e+03
2.093630723781391225e+03
2.094082595870209389e+03
2.094382916053021745e+03
2.094676470588237862e+03
2.094954478707785711e+03
2.095181818181821200e+03
2.095358711566620514e+03
2.095638888888891870e+03
2.095941605839419026e+03
2.096177842565600713e+03
2.096339155749638849e+03
2.096478197674421608e+03
2.096609579100148039e+03
2.096620289855075953e+03
2.096434153400871310e+03
2.096083815028905065e+03
2.095619047619050889e+03
2.095105187319887591e+03
2.094615827338132476e+03
2.094166666666669698e+03
2.093835007173604481e+03
2.093790830945561538e+03
2.094103004291848265e+03
2.094707142857145755e+03
2.095416547788875960e+03
2.096106837606840600e+03
2.096657183499291477e+03
2.097250000000002728e+03
2.097829787234045398e+03
2.098325779036829772e+03
2.098743988684585474e+03
2.099185028248590243e+03
2.099427362482372246e+03
2.099530985915495421e+03
2.099535864978905920e+03
2.099481741573036288e+03
2.099388499298740498e+03
2.099208683473391829e+03
2.098893706293708874e+03
2.098444134078214574e+03
2.097880055788008121e+03
2.097235376044570785e+03
2.096630041724620241e+03
2.096023611111113951e+03
2.095468793342582558e+03
2.095020775623271220e+03
2.094738589211620820e+03
2.094613259668511091e+03
2.094548965517244142e+03
2.094506887052344155e+03
2.094396148555711079e+03
2.094223901098903752e+03
2.094008230452677708e+03
2.093731506849317611e+03
2.093469220246240639e+03
2.093382513661204939e+03
2.093360163710780398e+03
2.093305177111719786e+03
2.093206802721091208e+03
2.093099184782611246e+03
2.092982360922661883e+03
2.092754742547428123e+03
2.092370771312587294e+03
2.091867567567569949e+03
2.091280701754388701e+03
2.090652291105124277e+03
2.090088829071335113e+03
2.089606182795701443e+03
2.089315436241613043e+03
2.089371313672924771e+03
2.089781793842037132e+03
2.090437165775403173e+03
2.091184245660883334e+03
2.091800000000002001e+03
2.092298268974702751e+03
2.092852393617023154e+03
2.093436918990706090e+03
2.093974801061010112e+03
2.094403973509935895e+03
2.094816137566139787e+03
2.095196829590490779e+03
2.095437994722957228e+03
2.095578392621873263e+03
2.095655263157897025e+03
2.095700394218136353e+03
2.095608923884516571e+03
2.095343381389255228e+03
2.094924083769635672e+03
2.094410457516342376e+03
2.093860313315929034e+03
2.093349413298568379e+03
2.092906250000002728e+03
2.092613784135243350e+03
2.092645454545457142e+03
2.093050583657589868e+03
2.093708549222800229e+03
2.094446313065979211e+03
2.095167958656333212e+03
2.095784516129034728e+03
2.096423969072167438e+03
2.097066924066926276e+03
2.097636246786634274e+03
2.098091142490374295e+03
2.098519230769233218e+03
2.098909090909093266e+03
2.099182864450130182e+03
2.099343550447001235e+03
2.099471938775512626e+03
2.099573248407646133e+03
2.099535623409671643e+03
2.099318932655657136e+03
2.098993654822337703e+03
2.098564005069711129e+03
2.098081012658230065e+03
2.097653603034136268e+03
2.097277777777780102e+03
2.097050441361918729e+03
2.097143576826198114e+03
2.097591194968555101e+03
2.098315326633167842e+03
2.099110414052699070e+03
2.099880952380954113e+03
2.100534418022530190e+03
2.101237500000002001e+03
2.101952559300876146e+03
2.102608478802994341e+03
2.103140722291409020e+03
2.103619402985076704e+03
2.104064596273293773e+03
2.104378411910671730e+03
2.104576208178440538e+03
2.104759900990100505e+03
2.104919653893697614e+03
2.104980246913582050e+03
2.104850801479656184e+03
2.104598522167489136e+03
2.104248462484626543e+03
2.103858722358724208e+03
2.103511656441719424e+03
2.103209558823531097e+03
2.103048959608324822e+03
2.103160146699267898e+03
2.103616605616607558e+03
2.104315853658538344e+03
2.105121802679660959e+03
2.105907542579077017e+03
2.106568651275821594e+03
2.107253640776700195e+03
2.107930909090910063e+03
2.108500000000001364e+03
2.108966142684402257e+03
2.109415458937199219e+03
2.109821471652594482e+03
2.110066265060242131e+03
2.110233453670277868e+03
2.110427884615386120e+03
2.110613445378152846e+03
2.110697841726620481e+03
2.110598802395211351e+03
2.110352870813399022e+03
2.110014336917564378e+03
2.109638424821004264e+03
2.109289630512516396e+03
2.108976190476191732e+03
2.108799048751487589e+03
2.108919239904989354e+03
2.109365361803085307e+03
2.110022511848342219e+03
2.110773964497042471e+03
2.111516548463358049e+03
2.112182998819363092e+03
2.112906839622642110e+03
2.113637220259129208e+03
2.114278823529412875e+03
2.114784958871915933e+03
2.115254694835681676e+03
2.115711606096132073e+03
2.116040983606558257e+03
2.116346198830410231e+03
2.116530373831777069e+03
2.116801633605602547e+03
2.116989510489511758e+03
2.116966239813738412e+03
2.116797674418606221e+03
2.116549361207899437e+03
2.116235498839908360e+03
2.115944380069526233e+03
2.115672453703705287e+03
2.115467052023122960e+03
2.115446882217092025e+03
2.115668973471743357e+03
2.116109447004610047e+03
2.116676639815882027e+03
2.117263218390806287e+03
2.117776119402987206e+03
2.118368119266056965e+03
2.118910652920963912e+03
2.119369565217392847e+03
2.119803428571430231e+03
2.120267123287672803e+03
2.120693272519956281e+03
2.121003416856493914e+03
2.121234357224120231e+03
2.121451136363637943e+03
2.121666288308741969e+03
2.121763038548754594e+03
2.121698754246887347e+03
2.121505656108598942e+03
2.121213559322035508e+03
2.120871331828443999e+03
2.120533258173620652e+03
2.120190315315317093e+03
2.119853768278966527e+03
2.119602247191012793e+03
2.119512906846241549e+03
2.119552690582961532e+03
2.119664053751401298e+03
2.119810961968681568e+03
2.119927374301677446e+03
2.120008928571430260e+03
2.120008918617615564e+03
2.119945434298442706e+03
2.119875417130146161e+03
2.119965555555556875e+03
2.120153163152054731e+03
2.120360310421287522e+03
2.120544850498340111e+03
2.120769911504426545e+03
2.121015469613261303e+03
2.121075055187639464e+03
2.121015435501655247e+03
2.120844713656389104e+03
2.120603960396040748e+03
2.120280219780221159e+03
2.119974753018661886e+03
2.119725877192983717e+03
2.119588170865280063e+03
2.119618161925602635e+03
2.119922404371585344e+03
2.118169213973800197e+03
2.116415485278081633e+03
2.115157952069717339e+03
2.114680087051142891e+03
2.114778260869565656e+03
2.114972855591748612e+03
2.115162689804772526e+03
2.115345612134344719e+03
2.115464285714286234e+03
2.115754594594594892e+03
2.116029157667387153e+03
2.116177993527508534e+03
2.116309267241379985e+03
2.116542518837460648e+03
2.116572043010753532e+03
2.116426423200859972e+03
2.116162017167382601e+03
2.115814576634512832e+03
2.115421841541756748e+03
2.115068449197861810e+03
2.114741452991454025e+03
2.114558164354323253e+03
2.114638592750533917e+03
2.115033013844516518e+03
2.115631914893617704e+03
2.116329436769395215e+03
2.117031847133758674e+03
2.117669141039237275e+03
2.118333686440678775e+03
2.118973544973545813e+03
2.119520084566596779e+03
2.119990496304119006e+03
2.120454641350211659e+03
2.120853530031613445e+03
2.121114736842106140e+03
2.121290220820189916e+03
2.121453781512605929e+03
2.121606505771249431e+03
2.121627882599580971e+03
2.121483769633508473e+03
2.121208158995816575e+03
2.120851619644723996e+03
2.120464509394572815e+03
2.120094890510949426e+03
2.119755208333333940e+03
2.119556711758585152e+03
2.119621621621622126e+03
2.119965732087227934e+03
2.120570539419087709e+03
2.121291191709844952e+03
2.121946169772257235e+03
2.122508790072389274e+03
2.123090909090909463e+03
2.123659442724458586e+03
2.124176288659794409e+03
2.124643666323378511e+03
2.125164609053498680e+03
2.125621788283659498e+03
2.125960985626284128e+03
2.126296410256411036e+03
2.126652663934426982e+03
2.127037871033777719e+03
2.126852760736197069e+03
2.126565883554648281e+03
2.126222448979592627e+03
2.125843017329256782e+03
2.125464358452139095e+03
2.125116988809766553e+03
2.124839430894309771e+03
2.124602030456853754e+03
2.124538539553753253e+03
2.124834853090173056e+03
2.125382591093118208e+03
2.126028311425683114e+03
2.126683838383838975e+03
2.127187689202825823e+03
2.127720766129032654e+03
2.128212487411883558e+03
2.128623742454728927e+03
2.128995979899498252e+03
2.129372489959839641e+03
2.129684052156470443e+03
2.129891783567135008e+03
2.130014014014014720e+03
2.130082000000000789e+03
2.130112887112887620e+03
2.130053892215569704e+03
2.129854436689930480e+03
2.129535856573705587e+03
2.129116417910448490e+03
2.128675944333996540e+03
2.128271102284012613e+03
2.127923611111111313e+03
2.127706640237859574e+03
2.127732673267327300e+03
2.128049455984174529e+03
2.128559288537549492e+03
2.129148075024679656e+03
2.129788954635108894e+03
2.130255172413793389e+03
2.130692913385827069e+03
2.131105211406096714e+03
2.131462671905697789e+03
2.131757605495584357e+03
2.132125490196078772e+03
2.132469147894222260e+03
2.132722113502935827e+03
2.132838709677419956e+03
2.132898437500000455e+03
2.132910243902439561e+03
2.132840155945419610e+03
2.132636806231743321e+03
2.132338521400778973e+03
2.131965014577259808e+03
2.131549514563107550e+03
2.131163918525704048e+03
2.130785852713178883e+03
2.130499515972895097e+03
2.130400386847195477e+03
2.130518840579710286e+03
2.130816602316602257e+03
2.131240115718418565e+03
2.131589595375722638e+03
2.131851780558229166e+03
2.132117307692308259e+03
2.132380403458214005e+03
2.132605566218810509e+03
2.132766059443912127e+03
2.132988505747126965e+03
2.133232535885168090e+03
2.133390057361377330e+03
2.133446036294174064e+03
2.133438931297710042e+03
2.133393708293613145e+03
2.133299047619047997e+03
2.133085632730732868e+03
2.132771863117870907e+03
2.132383665716999531e+03
2.131955407969639964e+03
2.131550710900474314e+03
2.131142992424242493e+03
2.130768211920530121e+03
2.130475425330812868e+03
2.130292728989612897e+03
2.130227358490566075e+03
2.130234684260131871e+03
2.130169491525423837e+03
2.130070555032925768e+03
2.129950187969925082e+03
2.129809389671361714e+03
2.129636960600375460e+03
2.129533270852858550e+03
2.129475655430711868e+03
2.129559401309634723e+03
2.129593457943924932e+03
2.129606909430438463e+03
2.129598880597014158e+03
2.129577819198508678e+03
2.129492551210427791e+03
2.129279999999999745e+03
2.128963754646839334e+03
2.128589600742803214e+03
2.128181818181817562e+03
2.127812789620018066e+03
2.127489814814814054e+03
2.127290471785383033e+03
2.127325323475045479e+03
2.127623268698060201e+03
2.128107011070110275e+03
2.128681105990782726e+03
2.129164825046039823e+03
2.129573137074516126e+03
2.130001838235293235e+03
2.130421487603304740e+03
2.130804587155962508e+03
2.131118240146653534e+03
2.131457875457874252e+03
2.131783165599266795e+03
2.132012797074953596e+03
2.132157990867578974e+03
2.132268248175181725e+03
2.132360072926161592e+03
2.132372495446265020e+03
2.132246587807096603e+03
2.132002727272726133e+03
2.131686648501361105e+03
2.131336660617058442e+03
2.131026291931095784e+03
2.130753623188404617e+03
2.130604524886876789e+03
2.130679023508136197e+03
2.131014453477866937e+03
2.131539711191334391e+03
2.132172227231739271e+03
2.132773873873873072e+03
2.133295229522951558e+03
2.133836330935250771e+03
2.134328840970349574e+03
2.134762118491919864e+03
2.135131838565021098e+03
2.135551075268815566e+03
2.135958818263203739e+03
2.136290697674417515e+03
2.136535299374440001e+03
2.136760714285712766e+03
2.136970561998214635e+03
2.137072192513367554e+03
2.137031166518253031e+03
2.136877224199286502e+03
2.136647111111109098e+03
2.136378330372999699e+03
2.136126885536821646e+03
2.135906028368792249e+03
2.135785651018598401e+03
2.135873451327431667e+03
2.136213085764808056e+03
2.136746466431093722e+03
2.137370697263899274e+03
2.137975308641973243e+03
2.138499559471363682e+03
2.139058978873237720e+03
2.139627968337729271e+03
2.140133567662564474e+03
2.140554872695345694e+03
2.140994736842103521e+03
2.141430324276948340e+03
2.141780210157616693e+03
2.142032370953629197e+03
2.142229020979019424e+03
2.142391266375544092e+03
2.142441535776612454e+03
2.142361813426327444e+03
2.142181184668987498e+03
2.141931244560485084e+03
2.141646956521737138e+03
2.141397046046913601e+03
2.141172743055553838e+03
2.141059843885514056e+03
2.141150779896011954e+03
2.141491774891773275e+03
2.142021626297575949e+03
2.142636992221260243e+03
2.143236614853193259e+03
2.143771354616046665e+03
2.144344827586205156e+03
2.144908699397069995e+03
2.145406196213423300e+03
2.145818572656919969e+03
2.146256872852231936e+03
2.146636909871243006e+03
2.146883361921096366e+03
2.147032562125105414e+03
2.147097602739724152e+03
2.147163387510691337e+03
2.147174358974357347e+03
2.147060631938512415e+03
2.146846416382250482e+03
2.146554987212274227e+03
2.146242759795568873e+03
2.145960851063828159e+03
2.145695578231290710e+03
2.145519116397619655e+03
2.145534804753818207e+03
2.145770992366410610e+03
2.146167796610167898e+03
2.146684165961048620e+03
2.147221658206427946e+03
2.147694843617919105e+03
2.148193412162160712e+03
2.148679324894513229e+03
2.149114671163573803e+03
2.149489469250209368e+03
2.149897306397304874e+03
2.150277544154750558e+03
2.150577310924368248e+03
2.150795130142735616e+03
2.150994966442951863e+03
2.151161777032689315e+03
2.151256281407033384e+03
2.151220083682007044e+03
2.151091973244145720e+03
2.150875522138678662e+03
2.150621035058428788e+03
2.150389491242700842e+03
2.150176666666664914e+03
2.150018318068274766e+03
2.149986688851911367e+03
2.150126350789691060e+03
2.150437707641194265e+03
2.150824896265557982e+03
2.151186567164177177e+03
2.151494614747305604e+03
2.151817052980130484e+03
2.152118279569890547e+03
2.152363636363634669e+03
2.152571428571427077e+03
2.152831683168315067e+03
2.153100577081614119e+03
2.153326194398680400e+03
2.153490534979422137e+03
2.153634868421050669e+03
2.153746096959735041e+03
2.153848932676517506e+03
2.153805578342902209e+03
2.153669672131145944e+03
2.153464373464371420e+03
2.153217675941078596e+03
2.152985282093211481e+03
2.152749999999998181e+03
2.152502040816325007e+03
2.152299347471450346e+03
2.152192339038303089e+03
2.152142508143320811e+03
2.152110659072415274e+03
2.152086991869916801e+03
2.152046303818032357e+03
2.152017045454544132e+03
2.151982157339819878e+03
2.151918152350079254e+03
2.151838866396759386e+03
2.151885113268606801e+03
2.151976556184315541e+03
2.152075121163165022e+03
2.152168684422920251e+03
2.152261290322579043e+03
2.152373892022560540e+03
2.152377616747180582e+03
2.152265486725662413e+03
2.152055466237940891e+03
2.151787951807227273e+03
2.151495184590688496e+03
2.151229350441056795e+03
2.150967948717947365e+03
2.150782225780622866e+03
2.150769599999998263e+03
2.150993605115905666e+03
2.151362619808304771e+03
2.151798084596965509e+03
2.152225677830939276e+03
2.152599999999998545e+03
2.153032643312100390e+03
2.153483691328558962e+03
2.153903020667725286e+03
2.154277998411435874e+03
2.154661904761903770e+03
2.154992862807294387e+03
2.155210776545165118e+03
2.155360253365002336e+03
2.155458860759492381e+03
2.155509881422923627e+03
2.155498420221167635e+03
2.155383583267559516e+03
2.155179810725550851e+03
2.154892040977146280e+03
2.154551968503935768e+03
2.154235247836347753e+03
2.153926886792451569e+03
2.153718774548309739e+03
2.153671114599684643e+03
2.153829803921566963e+03
2.154159874608149039e+03
2.154568519968674991e+03
2.154956181533645122e+03
2.155301016419075950e+03
2.155671874999998181e+03
2.156049960967992320e+03
2.156389235569421544e+03
2.156678098207325093e+03
2.156983644859811648e+03
2.157261478599220482e+03
2.157475894245721975e+03
2.157621600621599555e+03
2.157734472049688065e+03
2.157823118696662732e+03
2.157826356589146144e+03
2.157717273431447211e+03
2.157510835913311439e+03
2.157227378190254058e+03
2.156918856259658696e+03
2.156627027027026088e+03
2.156352623456788933e+03
2.156178103315342014e+03
2.156158705701077452e+03
2.156357967667435332e+03
2.156746923076922030e+03
2.157184473481935584e+03
2.157629032258063489e+03
2.158007674597082314e+03
2.158411042944784185e+03
2.158820689655171009e+03
2.159186830015312353e+03
2.159491201224176166e+03
2.159803516819570177e+03
2.160082505729562854e+03
2.160299999999998818e+03
2.160450800915330547e+03
2.160556402439023259e+03
2.160648895658795482e+03
2.160659056316589613e+03
2.160553612167299434e+03
2.160354863221883534e+03
2.160078208048594661e+03
2.159768588770864426e+03
2.159479150871871752e+03
2.159221212121211011e+03
2.159057532172595529e+03
2.159067322239030545e+03
2.159284202569916033e+03
2.159659365558911304e+03
2.160091320754715980e+03
2.160506787330316001e+03
2.160872645064053359e+03
2.161253012048191522e+03
2.161633559066966882e+03
2.161978195488720758e+03
2.162275732531929862e+03
2.162596846846845892e+03
2.162885221305325558e+03
2.163107946026985701e+03
2.163266666666665969e+03
2.163409431137723914e+03
2.163543754674644333e+03
2.163584454409565751e+03
2.163512322628826951e+03
2.163341044776118451e+03
2.163093959731542782e+03
2.162789865871832262e+03
2.162507073715561546e+03
2.162236607142856428e+03
2.162066914498140704e+03
2.162037147102525523e+03
2.162184855233852886e+03
2.162477002967358658e+03
2.162822831727205084e+03
2.163158518518518122e+03
2.163444855662472037e+03
2.163748520710058983e+03
2.164048041389504306e+03
2.164324963072378068e+03
2.164564575645756122e+03
2.164837758112093979e+03
2.165091378039793199e+03
2.165267304860087734e+03
2.165363502575422899e+03
2.165422794117646390e+03
2.165468772961057766e+03
2.165448604992657238e+03
2.165325018341892246e+03
2.165111436950146526e+03
2.164824175824175654e+03
2.164508784773059688e+03
2.164201170446232481e+03
2.163921783625730768e+03
2.163693937180423291e+03
2.163597080291970542e+03
2.163666666666666515e+03
2.163870262390670177e+03
2.164134013109977786e+03
2.164379184861717022e+03
2.164575999999999112e+03
2.164787063953487632e+03
2.165015250544661740e+03
2.165236574746008046e+03
2.165420594633791552e+03
2.165643478260868960e+03
2.165854453294713494e+03
2.166000723589000700e+03
2.166064352856109053e+03
2.166074421965317015e+03
2.166062093862815345e+03
2.165977633477632935e+03
2.165795962509012043e+03
2.165506484149855169e+03
2.165158387329013294e+03
2.164843165467625568e+03
2.164530553558590327e+03
2.164211206896551175e+03
2.163926058865756659e+03
2.163669296987086909e+03
2.163518996415769834e+03
2.163415472779368883e+03
2.163366499642089821e+03
2.163314020028611594e+03
2.163240171551107323e+03
2.163149999999999636e+03
2.163057102069949451e+03
2.162934379457916748e+03
2.162801140413399480e+03
2.162753561253560747e+03
2.162748042704625277e+03
2.162756756756756204e+03
2.162737029140013419e+03
2.162701704545453595e+03
2.162656493967352162e+03
2.162551773049644908e+03
2.162354358610913550e+03
2.162073654390934280e+03
2.161743807501768970e+03
2.161399575671852290e+03
2.161084098939928936e+03
2.160802966101694437e+03
2.160615384615384301e+03
2.160607193229900986e+03
2.160803382663847515e+03
2.161145774647886810e+03
2.161540464461646479e+03
2.161919831223628535e+03
2.162245959241039600e+03
2.162598314606741042e+03
2.162966315789473356e+03
2.163307152875174779e+03
2.163604765241765563e+03
2.163928571428571104e+03
2.164233030090972534e+03
2.164453146853146336e+03
2.164603074772885975e+03
2.164713687150837814e+03
2.164789951151430159e+03
2.164784518828451837e+03
2.164668989547038564e+03
2.164461699164345191e+03
2.164197633959638097e+03
2.163914464534074796e+03
2.163660875608060906e+03
2.163431944444444525e+03
2.163283830673143711e+03
2.163294036061026418e+03
2.163496188496188097e+03
2.163822022160664346e+03
2.164209688581314367e+03
2.164596127247579261e+03
2.164923289564616425e+03
2.165270027624309023e+03
2.165625258799171661e+03
2.165942758620689347e+03
2.166236388697449456e+03
2.166554407713498222e+03
2.166849965588437044e+03
2.167089408528197509e+03
2.167197938144329328e+03
2.167263049450548806e+03
2.167298558682223302e+03
2.167296296296295623e+03
2.167191226867716978e+03
2.166998630136985867e+03
2.166732375085557123e+03
2.166451436388508228e+03
2.166196172248803123e+03
2.165966530054643954e+03
2.165827986348122067e+03
2.165841746248293930e+03
2.166036809815950164e+03
2.166355585831061944e+03
2.166720217835261337e+03
2.167093877551019887e+03
2.167399048266484897e+03
2.167714673913043043e+03
2.168042090970807294e+03
2.168343962008140352e+03
2.168611525423728381e+03
2.168891598915988652e+03
2.169149627623560718e+03
2.169343707713125241e+03
2.169471264367815820e+03
2.169556756756756386e+03
2.169621201890613975e+03
2.169596491228070136e+03
2.169482130815913479e+03
2.169261455525606380e+03
2.168993939393939399e+03
2.168697846567967645e+03
2.168428379287155622e+03
2.168202284946236432e+03
2.168048354600402490e+03
2.168025503355704586e+03
2.168201207243460431e+03
2.168569034852546338e+03
2.168941058271935617e+03
2.169271084337348839e+03
2.169482274247491205e+03
2.169747326203208559e+03
2.170036072144288482e+03
2.170336448598130573e+03
2.170610406937958487e+03
2.170876666666666551e+03
2.171128580946035981e+03
2.171294274300932102e+03
2.171375249500998052e+03
2.171391622340425329e+03
2.171382724252491698e+03
2.171294156706507238e+03
2.171116124751161351e+03
2.170869363395225719e+03
2.170567263088138134e+03
2.170254966887417595e+03
2.169966247518199907e+03
2.169697089947089808e+03
2.169504296100462398e+03
2.169467635402906126e+03
2.169595379537953249e+03
2.169846965699208340e+03
2.170160184574818231e+03
2.170449934123846560e+03
2.170699802501645536e+03
2.170967763157894296e+03
2.171238001314924077e+03
2.171466491458606470e+03
2.171707156927117012e+03
2.171961942257217288e+03
2.172175081967212463e+03
2.172328964613367589e+03
2.172397511460379064e+03
2.172410340314135283e+03
2.172384565075211867e+03
2.172301960784312541e+03
2.172124101894185969e+03
2.171865535248040942e+03
2.171564905414219538e+03
2.171243155149933955e+03
2.170947882736155407e+03
2.170669921874999091e+03
2.170453480806765583e+03
2.170341352405720954e+03
2.170374269005847054e+03
2.170540909090908372e+03
2.170750162232315688e+03
2.170950713359272868e+03
2.171103694102397185e+03
2.171280440414507211e+03
2.171481553398057713e+03
2.171676584734799235e+03
2.171861021331609209e+03
2.172096253229974081e+03
2.172296320206584369e+03
2.172440645161289922e+03
2.172515151515151047e+03
2.172521907216494128e+03
2.172493238892465797e+03
2.172415057915057332e+03
2.172246945337620218e+03
2.172013496143958491e+03
2.171728965960179266e+03
2.171421694480102360e+03
2.171148171905066647e+03
2.170882051282050725e+03
2.170624599615630359e+03
2.170423175416132381e+03
2.170294945617401481e+03
2.170235933503835440e+03
2.170210223642171513e+03
2.170185185185184309e+03
2.170141671984682944e+03
2.170100127551019341e+03
2.170050987890375382e+03
2.169985987261145510e+03
2.169924888605982233e+03
2.169946564885494809e+03
2.170002542911633100e+03
2.170063532401524299e+03
2.170070476190475347e+03
2.170064720812181804e+03
2.170025364616359639e+03
2.169930925221799043e+03
2.169751741608612519e+03
2.169506329113923584e+03
2.169218216318784926e+03
2.168912768647281155e+03
2.168628553379658570e+03
2.168391414141413406e+03
2.168219558359620805e+03
2.168192938209331260e+03
2.168339634530560488e+03
2.168600755667506292e+03
2.168907488986783846e+03
2.169210691823899197e+03
2.169463230672532973e+03
2.169721105527637974e+03
2.169990583804143171e+03
2.170248431618569157e+03
2.170472100313479132e+03
2.170723057644109758e+03
2.170931120851596006e+03
2.171059449311638673e+03
2.171189493433395455e+03
2.171183124999999563e+03
2.171124297314177966e+03
2.171024344569287678e+03
2.170845290081097119e+03
2.170596633416458189e+03
2.170296573208721838e+03
2.169980697384805808e+03
2.169695084007466448e+03
2.169442164179103656e+03
2.169266625233063223e+03
2.169226708074533690e+03
2.169348230912476083e+03
2.169572580645160542e+03
2.169831990080594096e+03
2.170076208178437810e+03
2.170272445820432495e+03
2.170480198019800810e+03
2.170672850958564140e+03
2.170868355995054571e+03
2.171056825200740604e+03
2.171284567901233913e+03
2.171484885872917403e+03
2.171637484586929077e+03
2.171688847812692075e+03
2.171632389162561140e+03
2.171524923076923187e+03
2.171375768757687638e+03
2.171145666871542744e+03
2.170854422604422780e+03
2.170520564763658513e+03
2.170173619631901602e+03
2.169849785407725449e+03
2.169560661764706310e+03
2.169339865278628167e+03
2.169259485924112596e+03
2.169329663608562441e+03
2.169505501222493422e+03
2.169718998167379141e+03
2.169908424908424877e+03
2.170056741915801922e+03
2.170212804878048701e+03
2.170371724558196092e+03
2.170523751522533075e+03
2.170668289713937611e+03
2.170857055961070273e+03
2.171001823708205848e+03
2.171065006075333258e+03
2.171052216150575987e+03
2.170963592233008967e+03
2.170807762280169300e+03
2.170586666666665678e+03
2.170296789824347798e+03
2.169954600484260482e+03
2.169574712643677231e+03
2.169186215235790769e+03
2.168831419939575881e+03
2.168512681159419571e+03
2.168269161134579917e+03
2.168160434258141322e+03
2.168200723327304331e+03
2.168342771084336619e+03
2.168527393136663704e+03
2.168709987966304652e+03
2.168849067949488017e+03
2.168995192307691468e+03
2.169150750750749921e+03
2.169302521008402891e+03
2.169440911817635424e+03
2.169619304556354109e+03
2.169762732174954181e+03
2.169844910179639555e+03
2.169865948533811206e+03
2.169808014354066017e+03
2.169637178720859993e+03
2.169425328554360021e+03
2.169137910447760078e+03
2.168794749403340575e+03
2.168418604651161786e+03
2.168035756853395924e+03
2.167695652173912094e+03
2.167392261904761199e+03
2.167164782867339909e+03
2.167065992865635508e+03
2.167122994652405396e+03
2.167290973871733058e+03
2.167515727002966287e+03
2.167749703440094436e+03
2.167946650859512829e+03
2.168145142180093899e+03
2.168335109532266870e+03
2.168482840236685206e+03
2.168597279716143476e+03
2.168756501182032025e+03
2.168889545186059422e+03
2.168981700118063145e+03
2.169032448377580749e+03
2.169010023584904957e+03
2.168922215674719155e+03
2.168782685512366697e+03
2.168568569746909361e+03
2.168296470588234570e+03
2.167982363315695693e+03
2.167660987074029435e+03
2.167388138578977305e+03
2.167151408450703002e+03
2.166946627565981089e+03
2.166791324736223487e+03
2.166695371997655457e+03
2.166648711943792932e+03
2.166616734932708368e+03
2.166579532163741533e+03
2.166529514903563722e+03
2.166477803738316652e+03
2.166415061295970645e+03
2.166332555425902683e+03
2.166272886297374498e+03
2.166356643356641598e+03
2.166450203843912277e+03
2.166512223515714140e+03
2.166537521815007040e+03
2.166536046511625955e+03
2.166517141196976809e+03
2.166437282229963330e+03
2.166285548461983126e+03
2.166067285382828686e+03
2.165806376811592600e+03
2.165530127462338896e+03
2.165275043427908258e+03
2.165023148148146902e+03
2.164770965876227820e+03
2.164556647398842870e+03
2.164399768919698090e+03
2.164292147806003413e+03
2.164209463358336961e+03
2.164128604382928188e+03
2.164047262247837352e+03
2.163964285714284415e+03
2.163868163500286300e+03
2.163747986191022846e+03
2.163629672225416016e+03
2.163622413793102623e+03
2.163640436530728493e+03
2.163646957520090837e+03
2.163647160068845551e+03
2.163623853211008282e+03
2.163583954154727053e+03
2.163497136311568738e+03
2.163340011448196037e+03
2.163125286041189156e+03
2.162868496283589593e+03
2.162610285714285055e+03
2.162370645345516095e+03
2.162138698630135877e+03
2.161928123217340726e+03
2.161765678449257848e+03
2.161671225071223944e+03
2.161648633257401798e+03
2.161645418326691924e+03
2.161628555176335340e+03
2.161590108015916940e+03
2.161553977272726570e+03
2.161524134014763149e+03
2.161470488081724397e+03
2.161418604651161331e+03
2.161455215419499837e+03
2.161515014164304375e+03
2.161580407701017975e+03
2.161610073571022440e+03
2.161597285067871780e+03
2.161582249858675368e+03
2.161529378531071870e+03
2.161398644833425806e+03
2.161212189616251180e+03
2.160976875352508614e+03
2.160735062006762746e+03
2.160513802816899897e+03
2.160323761261259733e+03
2.160180078784467241e+03
2.160146794150730329e+03
2.160260258572230669e+03
2.160491011235953920e+03
2.160778214486243087e+03
2.161063411896744583e+03
2.161313516545147650e+03
2.161580156950672063e+03
2.161850420168066648e+03
2.162091825307950330e+03
2.162287073307218179e+03
2.162510067114093545e+03
2.162710452766908475e+03
2.162855865921787426e+03
2.162953657174762157e+03
2.163021205357142208e+03
2.163056887897378147e+03
2.163044593088070542e+03
2.162959888579386643e+03
2.162812360801781324e+03
2.162621035058430607e+03
2.162408231368186534e+03
2.162217342968315734e+03
2.162036666666666861e+03
2.161908939478068078e+03
2.161897336293008266e+03
2.162033277870216807e+03
2.162281596452328358e+03
2.162576177285318863e+03
2.162876522702104467e+03
2.163130049806309216e+03
2.163403761061947534e+03
2.163673300165838100e+03
2.163918784530387711e+03
2.164135836554390607e+03
2.164376931567329848e+03
2.164585217870932865e+03
2.164735942668137341e+03
2.164836363636364240e+03
2.164899229074890627e+03
2.164938359933958054e+03
2.164927392739274637e+03
2.164837822979659450e+03
2.164677472527473128e+03
2.164473915431082787e+03
2.164255762897915247e+03
2.164066374108612763e+03
2.163899122807018102e+03
2.163795616438356774e+03
2.163811062431544997e+03
2.163970990695128876e+03
2.164242341356674387e+03
2.164560415527610985e+03
2.164871038251366826e+03
2.165134898962316129e+03
2.165401746724891382e+03
2.165666666666667425e+03
2.165894220283534196e+03
2.166081198910082549e+03
2.166294662309368960e+03
2.166469243331519465e+03
2.166575081610446887e+03
2.166635671560631636e+03
2.166625543478261989e+03
2.166583378598588752e+03
2.166496742671010452e+03
2.166343461747152105e+03
2.166132863340564654e+03
2.165887262872629435e+03
2.165626760563380685e+03
2.165397401191120935e+03
2.165192099567099831e+03
2.165048134126554942e+03
2.165021621621622216e+03
2.165136142625608045e+03
2.165365550755940149e+03
2.165636805180788542e+03
2.165906148867314187e+03
2.166124528301887040e+03
2.166353448275862775e+03
2.166576198169090731e+03
2.166768030139936400e+03
2.166932759548144986e+03
2.167124193548388575e+03
2.167290166577110540e+03
2.167373791621913369e+03
2.167392914653785738e+03
2.167363197424894679e+03
2.167301340482575142e+03
2.167191854233656159e+03
2.167017139796466381e+03
2.166786402569594884e+03
2.166517924023543401e+03
2.166240106951873258e+03
2.165995189738109730e+03
2.165770299145300669e+03
2.165586225306995857e+03
2.165493062966917478e+03
2.165522666666668556e+03
2.165649253731345198e+03
2.165823122003198478e+03
2.165986687965923011e+03
2.166096327833956366e+03
2.166219148936172132e+03
2.166357256778311239e+03
2.166472369819342930e+03
2.166536378120023528e+03
2.166686305732486289e+03
2.166818567639259527e+03
2.166891304347828282e+03
2.166895601483839073e+03
2.166844279661018845e+03
2.166758073054528722e+03
2.166631746031748207e+03
2.166446853516659758e+03
2.166211416490488318e+03
2.165941891178026253e+03
2.165661034846886650e+03
2.165401055408972752e+03
2.165153481012659995e+03
2.164923036373222658e+03
2.164739726027399229e+03
2.164613480779359179e+03
2.164543157894738670e+03
2.164510257759075557e+03
2.164476340694007376e+03
2.164419337887547044e+03
2.164357142857144026e+03
2.164282414698163848e+03
2.164187303252886977e+03
2.164087572102780541e+03
2.164047169811321965e+03
2.164053431115768944e+03
2.164057068062828876e+03
2.164029304029305422e+03
2.163970188284520646e+03
2.163886042864611682e+03
2.163742946708465297e+03
2.163542558746737996e+03
2.163291753653446449e+03
2.163010432968180794e+03
2.162722106360793987e+03
2.162459614382492418e+03
2.162223437500001182e+03
2.162054138469548434e+03
2.162006763787722321e+03
2.162101924076964224e+03
2.162304054054055541e+03
2.162549090909092229e+03
2.162771547248184106e+03
2.162927348209653701e+03
2.163070539419088163e+03
2.163209953343702637e+03
2.163327979274612517e+03
2.163425686172968653e+03
2.163560559006212316e+03
2.163673047077083083e+03
2.163736814891417907e+03
2.163720413436693434e+03
2.163644111570249152e+03
2.163536912751678756e+03
2.163369969040248634e+03
2.163149045899949215e+03
2.162884020618557770e+03
2.162585780525503196e+03
2.162283728115345639e+03
2.162018013381369656e+03
2.161791152263375352e+03
2.161622622107969619e+03
2.161568345323741596e+03
2.161645608628659829e+03
2.161813655030801783e+03
2.162019497178040183e+03
2.162218461538461725e+03
2.162373141978473086e+03
2.162535860655738361e+03
2.162692780337942168e+03
2.162832650972365172e+03
2.162963682864451130e+03
2.163128834355829440e+03
2.163276443536024999e+03
2.163354443309500311e+03
2.163339969372129417e+03
2.163295408163266075e+03
2.163200407955125684e+03
2.163057594291539772e+03
2.162855832908814136e+03
2.162609470468432846e+03
2.162337913486006073e+03
2.162059003051882428e+03
2.161806304016269223e+03
2.161590447154472713e+03
2.161448958862367817e+03
2.161426903553300690e+03
2.161539827498732393e+03
2.161747464503043375e+03
2.161987835783072569e+03
2.162214285714286689e+03
2.162394430379747519e+03
2.162586032388664989e+03
2.162768841679313027e+03
2.162920121334682335e+03
2.163071248105105042e+03
2.163252020202021413e+03
2.163402826855124658e+03
2.163493945509587320e+03
2.163514372163390362e+03
2.163478830645162361e+03
2.163395969773301204e+03
2.163259315206446445e+03
2.163064418721692164e+03
2.162825955734407671e+03
2.162553544494722246e+03
2.162276884422111834e+03
2.162032646911101438e+03
2.161811746987953029e+03
2.161662819869544819e+03
2.161638916750252065e+03
2.161744360902257085e+03
2.161934869739480746e+03
2.162149724586881803e+03
2.162347847847849607e+03
2.162500750375189455e+03
2.162657000000001972e+03
2.162818090954524450e+03
2.162968031968033756e+03
2.163108836744883774e+03
2.163280439121757809e+03
2.163430922693268258e+03
2.163511465603191937e+03
2.163530642750375137e+03
2.163483565737053596e+03
2.163388252862122044e+03
2.163244278606966873e+03
2.163034808552959930e+03
2.162782803180915380e+03
2.162506706408346872e+03
2.162226415094341064e+03
2.161977171215882208e+03
2.161748511904763291e+03
2.161593951412990918e+03
2.161559960356790270e+03
2.161654779593859530e+03
2.161830693069307927e+03
2.162042058386938152e+03
2.162245301681504770e+03
2.162397923875433662e+03
2.162550889328064386e+03
2.162703209876544861e+03
2.162843040473841484e+03
2.162976319684263672e+03
2.163136587771204177e+03
2.163260226712667645e+03
2.163314285714287053e+03
2.163296898079765015e+03
2.163211122047245226e+03
2.163078701426464704e+03
2.162911996066864504e+03
2.162692874692875648e+03
2.162426817288802795e+03
2.162138929798724803e+03
2.161846418056919902e+03
2.161583619421286585e+03
2.161340686274511427e+03
2.161144047035768381e+03
2.161028893241921196e+03
2.161018600097896979e+03
2.161084148727985848e+03
2.161176039119805864e+03
2.161258064516130617e+03
2.161297508549097529e+03
2.161342285156251364e+03
2.161374328940948089e+03
2.161399512195122952e+03
2.161450024378353191e+03
2.161557504873295784e+03
2.161659522649782048e+03
2.161722492697177586e+03
2.161731873479320257e+03
2.161687743190662786e+03
2.161609139523578961e+03
2.161479591836735835e+03
2.161296260320545116e+03
2.161072815533981611e+03
2.160814653081029519e+03
2.160550921435500641e+03
2.160314590402327667e+03
2.160084786821706530e+03
2.159880871670703527e+03
2.159727008712488896e+03
2.159636671504596961e+03
2.159591392649904719e+03
2.159566457225714203e+03
2.159538164251209309e+03
2.159487687107679449e+03
2.159419401544403172e+03
2.159340086830681685e+03
2.159249276759886015e+03
2.159156626506025532e+03
2.159129576107900903e+03
2.159118921521426728e+03
2.159098171318577442e+03
2.159058682058683644e+03
2.158989423076924595e+03
2.158895723209996959e+03
2.158763208453411607e+03
2.158575132021124773e+03
2.158349328214972502e+03
2.158093525179857352e+03
2.157834132310643781e+03
2.157605654048874840e+03
2.157413314176246331e+03
2.157269985639062725e+03
2.157222488038278698e+03
2.157296987087519028e+03
2.157459847036330302e+03
2.157664118490206420e+03
2.157861509073544767e+03
2.158014797136039306e+03
2.158179866412215233e+03
2.158339532665714160e+03
2.158481887511917193e+03
2.158616960457361984e+03
2.158785714285715130e+03
2.158938600666350794e+03
2.159065176022836567e+03
2.159093200190205607e+03
2.159121673003803608e+03
2.159080760095013375e+03
2.159011870845205522e+03
2.158879449454201676e+03
2.158699240986718905e+03
2.158488383119963601e+03
2.158272037914693556e+03
2.158087162482237090e+03
2.157932765151516378e+03
2.157837671557029353e+03
2.157858088930938266e+03
2.158010874704493290e+03
2.158258979206050753e+03
2.158542276806803329e+03
2.158822474032107039e+03
2.159063237376122288e+03
2.159314150943398090e+03
2.159568599717116285e+03
2.159805372290294144e+03
2.160012246820538621e+03
2.160233992467045027e+03
2.160421176470589671e+03
2.160548447789276906e+03
2.160617771509169415e+03
2.160631109022557666e+03
2.160615312353218997e+03
2.160569014084508581e+03
2.160483810417646055e+03
2.160356941838650528e+03
2.160171120487577809e+03
2.159978912839738769e+03
2.159810772833725423e+03
2.159676029962548455e+03
2.159595694899393493e+03
2.159623012160899634e+03
2.159791491351099921e+03
2.160050000000001546e+03
2.160320878094349609e+03
2.160573295985062487e+03
2.160788614092395619e+03
2.161011194029852504e+03
2.161242424242425841e+03
2.161466915191054341e+03
2.161673497904053875e+03
2.161895716945997719e+03
2.162074918566776887e+03
2.162181395348839033e+03
2.162231520223153893e+03
2.162231877323421486e+03
2.162202508128194495e+03
2.162122098421542432e+03
2.161975870069607026e+03
2.161782467532468672e+03
2.161553546592490875e+03
2.161311862835960255e+03
2.161098193608153451e+03
2.160913425925927640e+03
2.160797316057382432e+03
2.160780296022202947e+03
2.160879796578827154e+03
2.161067467652496816e+03
2.161277598152426435e+03
2.161479224376732873e+03
2.161644208583296404e+03
2.161814575645757941e+03
2.161985246657447533e+03
2.162147004608296356e+03
2.162284200829112251e+03
2.162440147329651609e+03
2.162567418315694340e+03
2.162646734130636105e+03
2.162653333333334558e+03
2.162653952205883343e+03
2.162554892053285585e+03
2.162436639118458515e+03
2.162257916475449292e+03
2.162040366972478751e+03
2.161793214121963956e+03
2.161535747021083353e+03
2.161306459001375970e+03
2.161112637362638907e+03
2.160976659038903108e+03
2.160949679780422230e+03
2.161037037037038317e+03
2.161212979890311999e+03
2.161416171767931701e+03
2.161607762557078331e+03
2.161748060246463865e+03
2.161878649635037618e+03
2.162023711810306850e+03
2.162159070191432420e+03
2.162277448747153812e+03
2.162407103825138165e+03
2.162513427401002446e+03
2.162570063694268811e+03
2.162577080491133529e+03
2.162528181818183384e+03
2.162433893684690247e+03
2.162286103542236106e+03
2.162086699954609230e+03
2.161845735027224691e+03
2.161576417233562097e+03
2.161306890299185397e+03
2.161062075215225832e+03
2.160847826086958321e+03
2.160674966047987255e+03
2.160581900452490117e+03
2.160594301221168735e+03
2.160691229656421001e+03
2.160816538635338020e+03
2.160941734417345288e+03
2.161014446952597154e+03
2.161091155234658345e+03
2.161181777176365813e+03
2.161268259693418713e+03
2.161344299233890524e+03
2.161446396396397631e+03
2.161529941467808840e+03
2.161573357335735182e+03
2.161555105713001922e+03
2.161487859712231511e+03
2.161384719101125484e+03
2.161235849056605730e+03
2.161041760215538488e+03
2.160809694793538711e+03
2.160549573799912196e+03
2.160281614349777101e+03
2.160040340654416923e+03
2.159810483870969620e+03
2.159592476489029650e+03
2.159410026857656248e+03
2.159276957494409089e+03
2.159188282647586675e+03
2.159119803308003611e+03
2.159046916890082230e+03
2.158947297900850117e+03
2.158833482142858884e+03
2.158711289602857505e+03
2.158584299732383442e+03
2.158472581364246253e+03
2.158417557932265481e+03
2.158369710467708046e+03
2.158311219946573146e+03
2.158228304405876315e+03
2.158114323843417878e+03
2.157973321476213187e+03
2.157789333333334980e+03
2.157568191914706404e+03
2.157311722912967980e+03
2.157029738126943812e+03
2.156742679680569836e+03
2.156479822616409820e+03
2.156252216312058408e+03
2.156090828533453077e+03
2.156035429583704172e+03
2.156089862771138996e+03
2.156223893805311491e+03
2.156388766032730473e+03
2.156549955791336743e+03
2.156663278833408185e+03
2.156779151943464058e+03
2.156900220750553217e+03
2.157015887025597294e+03
2.157122629025144306e+03
2.157249118165786513e+03
2.157342000881446893e+03
2.157375770925111738e+03
2.157371642448262264e+03
2.157299295774649181e+03
2.157194896612407774e+03
2.157044854881268293e+03
2.156848351648353400e+03
2.156614235500880113e+03
2.156350900307423217e+03
2.156085162423179554e+03
2.155844668714349609e+03
2.155628947368422359e+03
2.155469530907497756e+03
2.155421560035058519e+03
2.155476565922033842e+03
2.155610770577934545e+03
2.155760612691467486e+03
2.155902449693790004e+03
2.156008307826848977e+03
2.156126311188812906e+03
2.156259501965926120e+03
2.156381659388648131e+03
2.156484068092538109e+03
2.156602966841188845e+03
2.156697775839513724e+03
2.156744115082826738e+03
2.156738997821352768e+03
2.156688153310106372e+03
2.156605137135396035e+03
2.156472584856398953e+03
2.156289691170075912e+03
2.156073913043479934e+03
2.155830073880923010e+03
2.155584274543876745e+03
2.155362570560140739e+03
2.155177951388890506e+03
2.155050325379611422e+03
2.155029488291415419e+03
2.155112267013439123e+03
2.155276429809360252e+03
2.155467734950196700e+03
2.155647186147187767e+03
2.155801384681957188e+03
2.155958910034603377e+03
2.156119325551233487e+03
2.156268798617114498e+03
2.156412958963283927e+03
2.156564766839379445e+03
2.156682779456195021e+03
2.156752804141502565e+03
2.156775334195775486e+03
2.156757758620691220e+03
2.156704006893581663e+03
2.156616279069769007e+03
2.156475678002584573e+03
2.156298192771086178e+03
2.156098064516130762e+03
2.155890799656063791e+03
2.155707778255266021e+03
2.155556701030929617e+03
2.155465865178190143e+03
2.155478111587985040e+03
2.155601887601889757e+03
2.155805317324187399e+03
2.156037291041579465e+03
2.156252356469582082e+03
2.156420128479659525e+03
2.156583047945207909e+03
2.156757381258025816e+03
2.156925577416597662e+03
2.157090637024371972e+03
2.157262393162395711e+03
2.157406663818882862e+03
2.157515371477371900e+03
2.157577891591978187e+03
2.157599829351538119e+03
2.157595735607678307e+03
2.157526854219951019e+03
2.157405198125268726e+03
2.157239778534925790e+03
2.157045551298427654e+03
2.156845106382981157e+03
2.156666524883031343e+03
2.156515731292519376e+03
2.156422439439016671e+03
2.156426932880206550e+03
2.156533757961786250e+03
2.156702461799663070e+03
2.156879507848963385e+03
2.157046225614930336e+03
2.157153878762189834e+03
2.157243220338985338e+03
2.157332909783992363e+03
2.157422946655379292e+03
2.157506559458318407e+03
2.157620558375636847e+03
2.157720930232560477e+03
2.157770921386308601e+03
2.157773975496411367e+03
2.157733108108110628e+03
2.157661460531872308e+03
2.157527426160339928e+03
2.157349219738509419e+03
2.157139123102869235e+03
2.156905183312264853e+03
2.156673546756531323e+03
2.156461473684212706e+03
2.156265572390574562e+03
2.156117374842240679e+03
2.156037426408749070e+03
2.156062211013032993e+03
2.156143277310926806e+03
2.156265434691308656e+03
2.156371116708650788e+03
2.156430969366347654e+03
2.156470218120807658e+03
2.156521593291407044e+03
2.156573763621125636e+03
2.156637201508171984e+03
2.156739949748746312e+03
2.156832984512350777e+03
2.156855230125525395e+03
2.156821831869512607e+03
2.156741638795988820e+03
2.156615545340579047e+03
2.156446115288223154e+03
2.156242171189981491e+03
2.156007095158600350e+03
2.155748435544433050e+03
2.155493744787324886e+03
2.155257607336392539e+03
2.155040416666668989e+03
2.154842149104541932e+03
2.154689425478769863e+03
2.154577195172702886e+03
2.154495424292847474e+03
2.154425363825366276e+03
2.154353699085621429e+03
2.154256335687579849e+03
2.154126245847178325e+03
2.153974263179744412e+03
2.153812448132781810e+03
2.153661551223560764e+03
2.153562603648426830e+03
2.153470783257358107e+03
2.153369511184757357e+03
2.153255072463769920e+03
2.153106788079471698e+03
2.152932974762103186e+03
2.152712985938794191e+03
2.152462174452254658e+03
2.152178099173555438e+03
2.151881453944652549e+03
2.151592072667218872e+03
2.151329343788693222e+03
2.151101072607262722e+03
2.150934020618558407e+03
2.150882934872219266e+03
2.150921302018955430e+03
2.151006589785833967e+03
2.151110745162620333e+03
2.151195884773664602e+03
2.151276840806254768e+03
2.151321546052633494e+03
2.151360049321826864e+03
2.151393590797043998e+03
2.151429158110885055e+03
2.151464696223318697e+03
2.151521132540010058e+03
2.151490566037737608e+03
2.151409594095942339e+03
2.151278688524591871e+03
2.151105694387547828e+03
2.150880425880427538e+03
2.150620139173149710e+03
2.150339607201311537e+03
2.150047852760737896e+03
2.149755519215046661e+03
2.149490396403761679e+03
2.149255310457518135e+03
2.149095140873827859e+03
2.149049387755104362e+03
2.149090983272135873e+03
2.149207993474716659e+03
2.149330615572770057e+03
2.149439282803587957e+03
2.149511201629330117e+03
2.149585097719872010e+03
2.149656084656086932e+03
2.149720097640360109e+03
2.149778365189103170e+03
2.149858943089433069e+03
2.149924420967088736e+03
2.149937449228271817e+03
2.149891595615105871e+03
2.149789772727275249e+03
2.149635294117649664e+03
2.149429845904300691e+03
2.149185245237132676e+03
2.148913290113454423e+03
2.148621304171731481e+03
2.148329959514172515e+03
2.148066369890735132e+03
2.147836974110034589e+03
2.147677315002023988e+03
2.147626111560228310e+03
2.147672323232325652e+03
2.147791599353798574e+03
2.147931772305209961e+03
2.148060936238904560e+03
2.148154901169828918e+03
2.148245967741937420e+03
2.148334542523178243e+03
2.148416196615634817e+03
2.148494563028596531e+03
2.148595410628021455e+03
2.148671629778673832e+03
2.148701528559937742e+03
2.148675914756736802e+03
2.148586012861738254e+03
2.148449979911612900e+03
2.148257831325302959e+03
2.148020072260138022e+03
2.147756019261639267e+03
2.147474528680306776e+03
2.147194466720130094e+03
2.146942284569140156e+03
2.146732371794873870e+03
2.146593512214659313e+03
2.146557245796639108e+03
2.146617446978793396e+03
2.146747600000001967e+03
2.146899240303880561e+03
2.147038369304557818e+03
2.147135836995606951e+03
2.147239217252398248e+03
2.147336526946109643e+03
2.147425379090185743e+03
2.147509373753492127e+03
2.147614433811804247e+03
2.147692307692309441e+03
2.147723107569722742e+03
2.147694544006374144e+03
2.147609474522294931e+03
2.147474333465978816e+03
2.147290373906127570e+03
2.147063220675946468e+03
2.146806041335455120e+03
2.146535160905842531e+03
2.146263701350279916e+03
2.146023818975786071e+03
2.145811904761906590e+03
2.145672352241176213e+03
2.145632038065029974e+03
2.145695996829173964e+03
2.145828050713155790e+03
2.145983366336635754e+03
2.146142121931910424e+03
2.146244558765336478e+03
2.146344541139242665e+03
2.146447212336894154e+03
2.146544268774705870e+03
2.146628605294351928e+03
2.146739336492892562e+03
2.146825898144494658e+03
2.146855958958170959e+03
2.146824457593690568e+03
2.146735804416405699e+03
2.146603074497440048e+03
2.146436170212768047e+03
2.146230011815677699e+03
2.145993700787404123e+03
2.145739079102717824e+03
2.145484264358774908e+03
2.145253244199766414e+03
2.145050314465411248e+03
2.144892337917487566e+03
2.144816182246663629e+03
2.144827640361211706e+03
2.144911302982734014e+03
2.145012161632014795e+03
2.145101176470590872e+03
2.145139945119563436e+03
2.145176332288403955e+03
2.145217783000393865e+03
2.145255677368835222e+03
2.145290410958906250e+03
2.145365414710487585e+03
2.145434493547128113e+03
2.145446833463645362e+03
2.145407581086363734e+03
2.145305859375002001e+03
2.145156188988678423e+03
2.144980483996879684e+03
2.144769410846665778e+03
2.144526911076445231e+03
2.144267056530216450e+03
2.144002338269682696e+03
2.143759641604988701e+03
2.143526090342681528e+03
2.143307512650839271e+03
2.143143968871597735e+03
2.143026837806303320e+03
2.142944401244170422e+03
2.142871745044697036e+03
2.142795260295262324e+03
2.142695922330099165e+03
2.142578804347828282e+03
2.142443150950720337e+03
2.142306439100079842e+03
2.142184567661886831e+03
2.142122868217056748e+03
2.142073614877956970e+03
2.141998063516656202e+03
2.141898567557106617e+03
2.141758126934987104e+03
2.141586847195359951e+03
2.141393658159321603e+03
2.141158484731351109e+03
2.140896445131377732e+03
2.140617226728468722e+03
2.140338223938226292e+03
2.140087996912391191e+03
2.139868055555557476e+03
2.139710759737757598e+03
2.139636854279107865e+03
2.139655491329481720e+03
2.139736132511558026e+03
2.139834809395458706e+03
2.139919553502696090e+03
2.139956136975761638e+03
2.139996153846155721e+03
2.140039215686276293e+03
2.140079554189087048e+03
2.140119861698042314e+03
2.140185099846391950e+03
2.140234932821498660e+03
2.140233307751344910e+03
2.140183352512467991e+03
2.140059432515338813e+03
2.139899195093907110e+03
2.139694636015326978e+03
2.139453083109920499e+03
2.139185681470139116e+03
2.138900497512439415e+03
2.138614766641164351e+03
2.138356405353729770e+03
2.138140672782875754e+03
2.137984333205962230e+03
2.137921313980139075e+03
2.137940817105767110e+03
2.138012213740459629e+03
2.138095383441435843e+03
2.138163615560642029e+03
2.138189858940145768e+03
2.138213033536586408e+03
2.138243047619048411e+03
2.138274562071592754e+03
2.138304529881995677e+03
2.138362633181127421e+03
2.138407759604413059e+03
2.138406463878327941e+03
2.138340935005702249e+03
2.138202507598784905e+03
2.138027345233574579e+03
2.137800303720578086e+03
2.137538899430740912e+03
2.137251517450683878e+03
2.136947288585514798e+03
2.136646322971949303e+03
2.136374763167867513e+03
2.136141666666667334e+03
2.135971223021583228e+03
2.135893262679789132e+03
2.135900113507379046e+03
2.135967851739789239e+03
2.136054820415880386e+03
2.136134164777023216e+03
2.136170759350208755e+03
2.136210725075529808e+03
2.136253680634202738e+03
2.136287924528302938e+03
2.136319124858545365e+03
2.136380467571645113e+03
2.136427063701471070e+03
2.136422004521478357e+03
2.136362335216573683e+03
2.136239457831326490e+03
2.136065487391796069e+03
2.135844620015049713e+03
2.135589695374201710e+03
2.135309398496241556e+03
2.135013152950019958e+03
2.134721637866266974e+03
2.134455501314308094e+03
2.134236111111112223e+03
2.134071669793621822e+03
2.133996624156039616e+03
2.134012373453319015e+03
2.134084707646177776e+03
2.134175721243912449e+03
2.134252808988764627e+03
2.134286035192812506e+03
2.134326347305389845e+03
2.134370370370370892e+03
2.134411368735976794e+03
2.134453084112150009e+03
2.134517189835576119e+03
2.134583862532686453e+03
2.134587752053771965e+03
2.134522209779768673e+03
2.134397014925373242e+03
2.134238343901529333e+03
2.134032811334825055e+03
2.133788296682817872e+03
2.133520864381520369e+03
2.133238361266294305e+03
2.132957185405808104e+03
2.132707480461481282e+03
2.132486979166666970e+03
2.132304202305690524e+03
2.132181412639405607e+03
2.132129691564474342e+03
2.132136329866270898e+03
2.132167842554772051e+03
2.132191907943578826e+03
2.132175139146568199e+03
2.132147997032641342e+03
2.132123099740452744e+03
2.132100444773906929e+03
2.132088180807706976e+03
2.132124814814815181e+03
2.132167715660866634e+03
2.132163952627683102e+03
2.132118017018128285e+03
2.132021449704142469e+03
2.131881330868761779e+03
2.131699556541020229e+03
2.131480605836719860e+03
2.131235598227474384e+03
2.130974160206718807e+03
2.130712546125461813e+03
2.130477314644043418e+03
2.130276179941003647e+03
2.130112421673424706e+03
2.130018422991894568e+03
2.130004051565378177e+03
2.130055228276878552e+03
2.130124401913876227e+03
2.130185430463576722e+03
2.130203751379184268e+03
2.130219485294118385e+03
2.130231165012864039e+03
2.130242468772961729e+03
2.130258905618803510e+03
2.130317180616741098e+03
2.130376513761468686e+03
2.130396551724138590e+03
2.130370370370370892e+03
2.130295454545455414e+03
2.130176987907659168e+03
2.130027838827839787e+03
2.129839253020872093e+03
2.129626647144949402e+03
2.129396633735822434e+03
2.129166788588150212e+03
2.128959780621572918e+03
2.128774488304094120e+03
2.128610887833395282e+03
2.128486851716582350e+03
2.128404162102957798e+03
2.128360218978102694e+03
2.128333819773805772e+03
2.128295040116704058e+03
2.128230404666424420e+03
2.128138483965015439e+03
2.128034244080146436e+03
2.127924253459578267e+03
2.127822715689844244e+03
2.127768195050946815e+03
2.127734085121863245e+03
2.127686545454546376e+03
2.127612504543802970e+03
2.127501090116279556e+03
2.127355248819470489e+03
2.127168119099492742e+03
2.126949909255899001e+03
2.126710812772134432e+03
2.126451940515053138e+03
2.126196519216824527e+03
2.125965929684669391e+03
2.125767028985508205e+03
2.125620427381384161e+03
2.125555756698045570e+03
2.125575823380384008e+03
2.125648335745297572e+03
2.125740687160940979e+03
2.125813449023861722e+03
2.125842428623057913e+03
2.125861994219653752e+03
2.125878656554713416e+03
2.125896389891697254e+03
2.125906531937929230e+03
2.125940836940837471e+03
2.125959249909845312e+03
2.125927541456380823e+03
2.125837117117117486e+03
2.125688400576369077e+03
2.125498379546273554e+03
2.125262778977682046e+03
2.124990284274919304e+03
2.124697482014389152e+03
2.124397339086659940e+03
2.124098849748383145e+03
2.123827883578872388e+03
2.123596264367816275e+03
2.123423698384201543e+03
2.123337042354630739e+03
2.123335127377108620e+03
2.123387015781922855e+03
2.123449264969523938e+03
2.123497849462366048e+03
2.123507703332139499e+03
2.123514326647564758e+03
2.123520587182241798e+03
2.123528632784538786e+03
2.123539534883721444e+03
2.123576895565093764e+03
2.123606363961387615e+03
2.123604002859185584e+03
2.123540907466952831e+03
2.123416071428571740e+03
2.123240985362371248e+03
2.122997858672376879e+03
2.122726364609347456e+03
2.122434379457917657e+03
2.122129768270945078e+03
2.121826799714896879e+03
2.121552190951194007e+03
2.121318019943020317e+03
2.121139551441794993e+03
2.121050533807829652e+03
2.121044468160797351e+03
2.121096017069701702e+03
2.121170636331319201e+03
2.121235252309879797e+03
2.121257904085257906e+03
2.121276988636363967e+03
2.121293219737309755e+03
2.121308019872250043e+03
2.121323873714083220e+03
2.121363829787234408e+03
2.121396313364055459e+03
2.121401842664776723e+03
2.121343606092809296e+03
2.121224504249291840e+03
2.121057699115044215e+03
2.120840410474168493e+03
2.120587194906261175e+03
2.120315063649222338e+03
2.120026511134677094e+03
2.119744169611307825e+03
2.119491345814200486e+03
2.119277189265536890e+03
2.119120720084716140e+03
2.119051164431898997e+03
2.119069135802469191e+03
2.119150916784203673e+03
2.119249206908707038e+03
2.119340380549683232e+03
2.119390982740402251e+03
2.119446830985915767e+03
2.119495952129532270e+03
2.119545038705137358e+03
2.119591628561378911e+03
2.119667369901546863e+03
2.119724780316344095e+03
2.119736823612086937e+03
2.119695117667720297e+03
2.119599719101123810e+03
2.119464022464022946e+03
2.119287368421053088e+03
2.119081024202034769e+03
2.118849228611501076e+03
2.118603224675779984e+03
2.118358444288717692e+03
2.118140805604203251e+03
2.117953081232492877e+03
2.117809590479524104e+03
2.117735129461161705e+03
2.117732773697097400e+03
2.117796503496503647e+03
2.117882209017825971e+03
2.117970300489168494e+03
2.118016067062521870e+03
2.118047486033519817e+03
2.118064223385689729e+03
2.118074668527564882e+03
2.118089640739449351e+03
2.118133193863319775e+03
2.118169745555943337e+03
2.118172125435540693e+03
2.118137582723790274e+03
2.118057451253482668e+03
2.117940480334145832e+03
2.117782185107863825e+03
2.117588521739130556e+03
2.117372044506259044e+03
2.117140771637122270e+03
2.116910701876303392e+03
2.116708232025008783e+03
2.116532986111111313e+03
2.116405067684831920e+03
2.116350104094379276e+03
2.116378772112383103e+03
2.116472607489598431e+03
2.116583708838822076e+03
2.116678447678448265e+03
2.116728437824732282e+03
2.116769736842105885e+03
2.116799930771894196e+03
2.116824221453288374e+03
2.116841577308890464e+03
2.116889349930844674e+03
2.116929830625649174e+03
2.116924671734624098e+03
2.116870466321244294e+03
2.116764502762431221e+03
2.116618916120124595e+03
2.116439958592132825e+03
2.116229389444636581e+03
2.115998275862069477e+03
2.115756635642882429e+03
2.115515506547209498e+03
2.115299001033414243e+03
2.115106749311295516e+03
2.114934251290878365e+03
2.114801789401239603e+03
2.114708634330926088e+03
2.114652338376892203e+03
2.114609831557237158e+03
2.114557044673540531e+03
2.114472002748197156e+03
2.114363324175825255e+03
2.114234809474769463e+03
2.114094371997255621e+03
2.113962264150944975e+03
2.113877914951990078e+03
2.113811107302024084e+03
2.113723783413297951e+03
2.113610483042139094e+03
2.113457876712330290e+03
2.113273536460117612e+03
2.113060232717318286e+03
2.112819705781732409e+03
2.112561559507525089e+03
2.112292649572651044e+03
2.112030416951471125e+03
2.111791937137001696e+03
2.111592213114755396e+03
2.111458176852169345e+03
2.111421160409557615e+03
2.111463664278404394e+03
2.111552864938610128e+03
2.111656324582340403e+03
2.111737900477165567e+03
2.111773764906304677e+03
2.111801771117167846e+03
2.111827374872319979e+03
2.111851259360110362e+03
2.111868322558695127e+03
2.111905782312926931e+03
2.111938796327781347e+03
2.111929639700885218e+03
2.111869860686375887e+03
2.111753736413044862e+03
2.111588794567064269e+03
2.111382213170401883e+03
2.111144893111640613e+03
2.110886702849390986e+03
2.110618514750764461e+03
2.110354576271187852e+03
2.110118603863098997e+03
2.109923102981031207e+03
2.109792414493736487e+03
2.109754570074476760e+03
2.109795600676820413e+03
2.109877875507443605e+03
2.109977003719987806e+03
2.110066599053415757e+03
2.110109496451505038e+03
2.110141891891893010e+03
2.110165822357312663e+03
2.110189736664417069e+03
2.110213297333784340e+03
2.110259446693658901e+03
2.110295109612142824e+03
2.110286581254215889e+03
2.110215032018875718e+03
2.110091644204853310e+03
2.109936005389021375e+03
2.109736026936028793e+03
2.109503197576575531e+03
2.109249663526246877e+03
2.108983181971074373e+03
2.108718224613317034e+03
2.108480336134455683e+03
2.108281922043012401e+03
2.108147799798456617e+03
2.108102753525857679e+03
2.108132594830481594e+03
2.108208053691277200e+03
2.108298222073131456e+03
2.108375251509055943e+03
2.108415018437815434e+03
2.108448056300269400e+03
2.108479061976550838e+03
2.108509042196920745e+03
2.108533311014396986e+03
2.108591365461848909e+03
2.108632318501171994e+03
2.108627759197325759e+03
2.108573052490806731e+03
2.108463569518717577e+03
2.108303040427665564e+03
2.108105210420842923e+03
2.107875125208682675e+03
2.107626168224300272e+03
2.107366032699367224e+03
2.107108739159441029e+03
2.106881293764589373e+03
2.106691333333334569e+03
2.106567810729758094e+03
2.106532978014658056e+03
2.106576756576757816e+03
2.106670106524635230e+03
2.106776372712147804e+03
2.106874251497007663e+03
2.106926172264717025e+03
2.106976728723405358e+03
2.107026919242274744e+03
2.107075083056479343e+03
2.107123214878778981e+03
2.107190239043825841e+03
2.107241287753070992e+03
2.107244193762443047e+03
2.107210613598674172e+03
2.107129641909815291e+03
2.107008949287372161e+03
2.106848575215375604e+03
2.106653196422657402e+03
2.106438079470199682e+03
2.106211519364449941e+03
2.105987094639312545e+03
2.105789612967251742e+03
2.105635251322752083e+03
2.105538842975207444e+03
2.105531725049571378e+03
2.105612487611497272e+03
2.105744385733158197e+03
2.105890392868934669e+03
2.106026072607261540e+03
2.106107555262290589e+03
2.106173482849605080e+03
2.106243323442137353e+03
2.106307514831905792e+03
2.106368698517298981e+03
2.106448616600791411e+03
2.106519591702338403e+03
2.106545753785385841e+03
2.106528463310300140e+03
2.106460197368422087e+03
2.106351857941467188e+03
2.106205128205128403e+03
2.106023660860993004e+03
2.105819645203680011e+03
2.105599671592775394e+03
2.105383125410374760e+03
2.105189366590089321e+03
2.105024934383202890e+03
2.104901279107904884e+03
2.104844590163935209e+03
2.104865617830220344e+03
2.104940039318480558e+03
2.105036030134294833e+03
2.105119515389653770e+03
2.105168248772504739e+03
2.105206806282722937e+03
2.105229964017010843e+03
2.105242969260955761e+03
2.105258254331481567e+03
2.105307189542484139e+03
2.105360013067625459e+03
2.105391574134553139e+03
2.105381978452498061e+03
2.105322454308094621e+03
2.105222512234910937e+03
2.105084148727984939e+03
2.104912292142159004e+03
2.104717079530639239e+03
2.104508960573477452e+03
2.104299022801303636e+03
2.104111038749593263e+03
2.103941731770833940e+03
2.103795964855190959e+03
2.103687378009108670e+03
2.103623739837398716e+03
2.103603055916775247e+03
2.103597010074748596e+03
2.103591942820013173e+03
2.103564144202663556e+03
2.103520129870129949e+03
2.103460240181759218e+03
2.103386437378325809e+03
2.103318520921181062e+03
2.103296692607004388e+03
2.103292706645057024e+03
2.103278677900194907e+03
2.103249433106576362e+03
2.103191386010362748e+03
2.103106183230819170e+03
2.103024595469255928e+03
2.102912326108055822e+03
2.102777166882277470e+03
2.102617200129324829e+03
2.102450872656755564e+03
2.102305654281098668e+03
2.102191860465116406e+03
2.102133354859541669e+03
2.102162362814719472e+03
2.102278154243304471e+03
2.102455806451613171e+03
2.102651402773299196e+03
2.102830431979368313e+03
2.102969384466644897e+03
2.103114046391752254e+03
2.103252495974234989e+03
2.103384095299420551e+03
2.103507563566141016e+03
2.103625804375804819e+03
2.103740109359922826e+03
2.103828938906752683e+03
2.103860495017679114e+03
2.103853791773778994e+03
2.103819466752328935e+03
2.103749197174052370e+03
2.103641733547351578e+03
2.103506418485237646e+03
2.103353865896695879e+03
2.103197883258499132e+03
2.103060596344982514e+03
2.102952564102564338e+03
2.102902595322012530e+03
2.102936258808456842e+03
2.103054755043227942e+03
2.103233674775928648e+03
2.103432960000000094e+03
2.103624760076775601e+03
2.103778381835625169e+03
2.103929667519181294e+03
2.104081495685521986e+03
2.104216932907348109e+03
2.104326732673266633e+03
2.104435504469986427e+03
2.104536546441110659e+03
2.104594447989788932e+03
2.104608931419457349e+03
2.104579719387755176e+03
2.104519604717883340e+03
2.104422243467176486e+03
2.104286078368907511e+03
2.104126433121019545e+03
2.103950652658389117e+03
2.103772756206238228e+03
2.103618835507476888e+03
2.103499363867684679e+03
2.103426073131955491e+03
2.103429116338207677e+03
2.103510962821735120e+03
2.103652160101651589e+03
2.103809780882820178e+03
2.103957142857142571e+03
2.104065376071088394e+03
2.104168464467004469e+03
2.104269267364414191e+03
2.104364933417881730e+03
2.104438985736925133e+03
2.104506653992394604e+03
2.104574912891985605e+03
2.104607663077896632e+03
2.104598290598290077e+03
2.104550949367087924e+03
2.104470737108509184e+03
2.104356419987349000e+03
2.104206133417640103e+03
2.104029393173197150e+03
2.103839178515007006e+03
2.103646557169929565e+03
2.103479317966528924e+03
2.103348169191918714e+03
2.103259387819500716e+03
2.103253627760251675e+03
2.103329549038157893e+03
2.103459016393442198e+03
2.103605105578316397e+03
2.103745746691870863e+03
2.103839685039369670e+03
2.103923173803526424e+03
2.104000314762354265e+03
2.104070484581498022e+03
2.104123938345391707e+03
2.104188679245283311e+03
2.104254322540082285e+03
2.104279384035198291e+03
2.104258875274898401e+03
2.104191896984925279e+03
2.104088226059655426e+03
2.103945072190835617e+03
2.103768434264198731e+03
2.103573400250941631e+03
2.103362182502352880e+03
2.103149843260188845e+03
2.102960827326857725e+03
2.102798872180451781e+03
2.102678045725024276e+03
2.102622730118973323e+03
2.102635680751174277e+03
2.102699311639549705e+03
2.102774163278073956e+03
2.102837398373984342e+03
2.102866208190059751e+03
2.102893125000000509e+03
2.102917525773196303e+03
2.102937851342911017e+03
2.102955354355292002e+03
2.102992509363295994e+03
2.103035257410296254e+03
2.103045227698065901e+03
2.103017461802307480e+03
2.102945448877805575e+03
2.102834216266750445e+03
2.102687227414330664e+03
2.102511055745873819e+03
2.102313511830634980e+03
2.102096171802053959e+03
2.101880833851897933e+03
2.101684292379470662e+03
2.101509017412935009e+03
2.101354678271682133e+03
2.101236482287135004e+03
2.101156259707983736e+03
2.101106211180124319e+03
2.101072337783296916e+03
2.101031036623215186e+03
2.100957803288860759e+03
2.100867555831264781e+03
2.100774573643410349e+03
2.100677309361437892e+03
2.100576076851564267e+03
2.100511152416356254e+03
2.100469185506347912e+03
2.100419504643961773e+03
2.100353760445681473e+03
2.100257425742573560e+03
2.100133622022888176e+03
2.099981756338898322e+03
2.099801236476042504e+03
2.099599196538936667e+03
2.099387704664812190e+03
2.099178505250153648e+03
2.098994751466501384e+03
2.098845679012345045e+03
2.098755630978092995e+03
2.098748303516347278e+03
2.098820536540240028e+03
2.098940197287298815e+03
2.099071802773496984e+03
2.099189772027109939e+03
2.099278718817369281e+03
2.099365147783250904e+03
2.099451215758694616e+03
2.099531999999999243e+03
2.099605044601660211e+03
2.099679581795817285e+03
2.099742699047032602e+03
2.099773816840810468e+03
2.099761597542241816e+03
2.099702395577395237e+03
2.099602087810868397e+03
2.099464395334560322e+03
2.099295796256519679e+03
2.099106134969324557e+03
2.098903403863844687e+03
2.098703249540159050e+03
2.098525896414341787e+03
2.098383884803921319e+03
2.098296784073506387e+03
2.098290263319044698e+03
2.098357514539331987e+03
2.098474296205629798e+03
2.098607525237075151e+03
2.098733639143730215e+03
2.098828187098746184e+03
2.098924816625916264e+03
2.099021081576534471e+03
2.099115455100793497e+03
2.099196335877862111e+03
2.099284493284492783e+03
2.099373512358864446e+03
2.099424649176326511e+03
2.099433058859407993e+03
2.099396646341463111e+03
2.099318500457176924e+03
2.099205057891529123e+03
2.099058787694182229e+03
2.098887941534713718e+03
2.098705327245053468e+03
2.098522824102252343e+03
2.098361728019471229e+03
2.098229014598540289e+03
2.098145636971724343e+03
2.098144376899696454e+03
2.098214524460650409e+03
2.098333535844471498e+03
2.098466747646522435e+03
2.098596539162112549e+03
2.098689529590287748e+03
2.098781553398057895e+03
2.098873521383075513e+03
2.098963917525773013e+03
2.099039709002728159e+03
2.099121515151515268e+03
2.099198424719781997e+03
2.099234706238643412e+03
2.099224341507720510e+03
2.099163740920097098e+03
2.099064750378215194e+03
2.098934059286146748e+03
2.098773510734805313e+03
2.098590084643289174e+03
2.098394983378664165e+03
2.098201208459214740e+03
2.098030202355784240e+03
2.097890398550724967e+03
2.097796559009961129e+03
2.097780627640314378e+03
2.097834087481146526e+03
2.097918576598311574e+03
2.098022309315646908e+03
2.098119047619048160e+03
2.098176860500150724e+03
2.098235542168674783e+03
2.098292682926829457e+03
2.098343768813967472e+03
2.098392416491122731e+03
2.098452166064982066e+03
2.098514586466165383e+03
2.098542092603728179e+03
2.098529305680793186e+03
2.098469350961538112e+03
2.098373385401021096e+03
2.098239339339339040e+03
2.098071450015010214e+03
2.097882653061224573e+03
2.097680168016801417e+03
2.097481103779243767e+03
2.097304047976012043e+03
2.097158273381294748e+03
2.097060833083608031e+03
2.097039844218094913e+03
2.097090146750524127e+03
2.097189520958083449e+03
2.097302903322358361e+03
2.097415020945541073e+03
2.097489979060723272e+03
2.097561004784688521e+03
2.097631689088190797e+03
2.097701733413030070e+03
2.097763967732297260e+03
2.097838112305853883e+03
2.097911615407584122e+03
2.097947164179104220e+03
2.097941211578633101e+03
2.097889319809069093e+03
2.097799880703847066e+03
2.097670840787119687e+03
2.097512369597615361e+03
2.097333730631704384e+03
2.097142686922847133e+03
2.096952054794520336e+03
2.096787139029472655e+03
2.096642857142856428e+03
2.096529604284438392e+03
2.096473527662105425e+03
2.096480820695807324e+03
2.096539833531509885e+03
2.096615750371470767e+03
2.096683303624480232e+03
2.096716067716068210e+03
2.096746140142518016e+03
2.096776194716533155e+03
2.096799703264094660e+03
2.096823197864134727e+03
2.096871293001185677e+03
2.096929736139934448e+03
2.096965026674569799e+03
2.096963555555555104e+03
2.096919431279620312e+03
2.096841871483565228e+03
2.096724097098875063e+03
2.096577389760283495e+03
2.096413017751479401e+03
2.096234545992309450e+03
2.096051744529863299e+03
2.095885900088678682e+03
2.095733156028368285e+03
2.095598522895124916e+03
2.095500886001180334e+03
2.095436669619130953e+03
2.095402302243210215e+03
2.095380053113011854e+03
2.095353392330382576e+03
2.095306104393983333e+03
2.095242629716980446e+03
2.095171234895371981e+03
2.095094284030641575e+03
2.095010309278349723e+03
2.094953474676089172e+03
2.094921989991168175e+03
2.094873454973513617e+03
2.094805825242718129e+03
2.094704117647058411e+03
2.094572184651572570e+03
2.094413874191651757e+03
2.094230972671172367e+03
2.094030552291421373e+03
2.093817033773861567e+03
2.093605402231356038e+03
2.093416788963897034e+03
2.093257042253520922e+03
2.093147550601348939e+03
2.093118768328444730e+03
2.093152447962473616e+03
2.093227725674090834e+03
2.093316144154701760e+03
2.093396602226126561e+03
2.093445680819911104e+03
2.093491510538640796e+03
2.093532045654081685e+03
2.093572264482152605e+03
2.093605440187188378e+03
2.093652923976607326e+03
2.093704472376497506e+03
2.093718585622442333e+03
2.093690037978381042e+03
2.093614193925232939e+03
2.093497518248174856e+03
2.093347343841213842e+03
2.093170703238983606e+03
2.092972578763126421e+03
2.092759113444152263e+03
2.092548396501457319e+03
2.092358496065286545e+03
2.092194347319346434e+03
2.092054471307892982e+03
2.091954571927780307e+03
2.091881222707422694e+03
2.091816938300348284e+03
2.091753564154785181e+03
2.091687027341477005e+03
2.091591451003198017e+03
2.091479941860464805e+03
2.091361522813135252e+03
2.091243753631609252e+03
2.091135927969793556e+03
2.091062137049941157e+03
2.091015965166907790e+03
2.090955600696459442e+03
2.090873803307223170e+03
2.090753770301623717e+03
2.090599594085241733e+03
2.090411014492752656e+03
2.090197913648217309e+03
2.089968134414831638e+03
2.089729220967274159e+03
2.089492472495656784e+03
2.089279015918957612e+03
2.089096643518517794e+03
2.088969916112235296e+03
2.088923076923076223e+03
2.088945938132407264e+03
2.089010404624276362e+03
2.089082057208897822e+03
2.089142692085498766e+03
2.089176725382615587e+03
2.089203810623555910e+03
2.089235497835497426e+03
2.089269186381995951e+03
2.089298240553792311e+03
2.089338811995385640e+03
2.089379936581146922e+03
2.089381844380402981e+03
2.089341112071448606e+03
2.089248847926266990e+03
2.089111431039446870e+03
2.088935808865860054e+03
2.088734100719423623e+03
2.088513521288837183e+03
2.088278688524589597e+03
2.088048591144335660e+03
2.087842770911181105e+03
2.087671839080458994e+03
2.087554725653547393e+03
2.087514933946007659e+03
2.087543209876543187e+03
2.087612514351319987e+03
2.087698995695839130e+03
2.087776821572001609e+03
2.087816747920848684e+03
2.087858658256880062e+03
2.087898824878187952e+03
2.087938108882520737e+03
2.087971641363505569e+03
2.088011741122565581e+03
2.088056112224448498e+03
2.088068689181453465e+03
2.088036623748211241e+03
2.087954233409610424e+03
2.087825850729195736e+03
2.087656946826757576e+03
2.087458702486424045e+03
2.087245142857142127e+03
2.087024278777491418e+03
2.086807538549399396e+03
2.086615472452182985e+03
2.086457477168949026e+03
2.086355777460769332e+03
2.086332287507129877e+03
2.086373538637010370e+03
2.086455530216646821e+03
2.086550014249072774e+03
2.086640455840454706e+03
2.086696952435202547e+03
2.086747437357630133e+03
2.086797893538285280e+03
2.086843483210016075e+03
2.086886486486485865e+03
2.086937144482365056e+03
2.086994029001989020e+03
2.087019044911880428e+03
2.087003694231314512e+03
2.086936647727271520e+03
2.086820789548421999e+03
2.086660988074956094e+03
2.086475163213169708e+03
2.086272701475594658e+03
2.086058723404254579e+03
2.085850255246737561e+03
2.085661468670256909e+03
2.085498866213150450e+03
2.085379144233492752e+03
2.085325779036826134e+03
2.085338714245255233e+03
2.085394960362399615e+03
2.085466176054343123e+03
2.085522920203733520e+03
2.085550495049503752e+03
2.085567590497736546e+03
2.085583262651964105e+03
2.085599773883548551e+03
2.085616275784118443e+03
2.085648870056495980e+03
2.085687658853429639e+03
2.085696216826650016e+03
2.085662150719727379e+03
2.085577878103836156e+03
2.085451622002819477e+03
