4.461041390895843506e-01 4.565033316612243652e-01 4.357957541942596436e-01 4.037156999111175537e-01 4.206357002258300781e-01 3.737398386001586914e-01 3.734146058559417725e-01 3.605447411537170410e-01 3.748625218868255615e-01 3.670516014099121094e-01 3.751874566078186035e-01 3.701613843441009521e-01 3.878206908702850342e-01 3.740190565586090088e-01 3.493808507919311523e-01
4.424616694450378418e-01 4.500583112239837646e-01 4.288817644119262695e-01 3.956540822982788086e-01 4.160900712013244629e-01 3.696431219577789307e-01 3.674571216106414795e-01 3.519143760204315186e-01 3.683063387870788574e-01 3.606869578361511230e-01 3.685851991176605225e-01 3.605288863182067871e-01 3.798148632049560547e-01 3.665082454681396484e-01 3.442866206169128418e-01
4.405749738216400146e-01 4.451166391372680664e-01 4.239148795604705811e-01 3.903108835220336914e-01 4.121931791305541992e-01 3.685166835784912109e-01 3.672172129154205322e-01 3.529117107391357422e-01 3.686882555484771729e-01 3.630262911319732666e-01 3.679723441600799561e-01 3.585250675678253174e-01 3.776021301746368408e-01 3.657208085060119629e-01 3.461533188819885254e-01
4.397050738334655762e-01 4.410681724548339844e-01 4.198031425476074219e-01 3.873454332351684570e-01 4.076425731182098389e-01 3.673826754093170166e-01 3.684320747852325439e-01 3.586694598197937012e-01 3.729343116283416748e-01 3.694975078105926514e-01 3.702072799205780029e-01 3.613752424716949463e-01 3.789323270320892334e-01 3.679814040660858154e-01 3.494921624660491943e-01
4.408501386642456055e-01 4.397559463977813721e-01 4.186568260192871094e-01 3.882550001144409180e-01 4.057675898075103760e-01 3.682458698749542236e-01 3.725338280200958252e-01 3.671509921550750732e-01 3.793529272079467773e-01 3.781858384609222412e-01 3.747149109840393066e-01 3.670776188373565674e-01 3.839255571365356445e-01 3.741525113582611084e-01 3.553495705127716064e-01
4.430350363254547119e-01 4.414785504341125488e-01 4.211733341217041016e-01 3.920459449291229248e-01 4.065394103527069092e-01 3.694224357604980469e-01 3.775000572204589844e-01 3.746490478515625000e-01 3.849883675575256348e-01 3.847812414169311523e-01 3.784330785274505615e-01 3.730524480342864990e-01 3.898078501224517822e-01 3.806991577148437500e-01 3.601106405258178711e-01
4.432636797428131104e-01 4.421286284923553467e-01 4.241366386413574219e-01 3.949820697307586670e-01 4.066425859928131104e-01 3.674876093864440918e-01 3.801933526992797852e-01 3.777218759059906006e-01 3.871758282184600830e-01 3.872407078742980957e-01 3.785595595836639404e-01 3.770702779293060303e-01 3.926520645618438721e-01 3.828024566173553467e-01 3.603380918502807617e-01
4.439112842082977295e-01 4.404196739196777344e-01 4.229406118392944336e-01 3.967703878879547119e-01 4.071260094642639160e-01 3.717623651027679443e-01 3.847143352031707764e-01 3.839963674545288086e-01 3.917263448238372803e-01 3.948014676570892334e-01 3.844445645809173584e-01 3.811579346656799316e-01 3.967790007591247559e-01 3.894428908824920654e-01 3.688144087791442871e-01
4.446145892143249512e-01 4.409125149250030518e-01 4.242249727249145508e-01 4.002961218357086182e-01 4.081851541996002197e-01 3.730792105197906494e-01 3.873293101787567139e-01 3.871637880802154541e-01 3.939236402511596680e-01 3.970711827278137207e-01 3.871360123157501221e-01 3.844720423221588135e-01 3.997420072555541992e-01 3.928304612636566162e-01 3.711580336093902588e-01
4.469569325447082520e-01 4.423034191131591797e-01 4.248726367950439453e-01 4.045100510120391846e-01 4.126982688903808594e-01 3.799298405647277832e-01 3.922684788703918457e-01 3.921835720539093018e-01 3.970123529434204102e-01 4.016101062297821045e-01 3.937673568725585938e-01 3.877241015434265137e-01 4.043602645397186279e-01 3.996587693691253662e-01 3.789114654064178467e-01
4.494183361530303955e-01 4.436310529708862305e-01 4.257707595825195312e-01 4.090952277183532715e-01 4.167388677597045898e-01 3.840425908565521240e-01 3.948954641819000244e-01 3.954670429229736328e-01 3.991343379020690918e-01 4.031354188919067383e-01 3.984926342964172363e-01 3.911060988903045654e-01 4.075765907764434814e-01 4.026769697666168213e-01 3.812800347805023193e-01
4.528090953826904297e-01 4.459291994571685791e-01 4.280057251453399658e-01 4.140608906745910645e-01 4.220684766769409180e-01 3.893070518970489502e-01 3.991817235946655273e-01 3.994680941104888916e-01 4.022324681282043457e-01 4.058309495449066162e-01 4.035951197147369385e-01 3.946300148963928223e-01 4.114749133586883545e-01 4.067542850971221924e-01 3.853748142719268799e-01
4.552745521068572998e-01 4.498658776283264160e-01 4.313891530036926270e-01 4.180073738098144531e-01 4.261622428894042969e-01 3.903624713420867920e-01 3.985871374607086182e-01 3.978336751461029053e-01 4.013158380985260010e-01 4.015375971794128418e-01 4.033664464950561523e-01 3.949283659458160400e-01 4.118320941925048828e-01 4.052511751651763916e-01 3.817129135131835938e-01
4.551257789134979248e-01 4.512456059455871582e-01 4.322524070739746094e-01 4.173122048377990723e-01 4.270340800285339355e-01 3.907606005668640137e-01 3.969036936759948730e-01 3.954342007637023926e-01 3.998436927795410156e-01 3.983056545257568359e-01 4.021908938884735107e-01 3.930277228355407715e-01 4.096517562866210938e-01 4.025644958019256592e-01 3.798683583736419678e-01
4.541694223880767822e-01 4.510228335857391357e-01 4.317716658115386963e-01 4.152362048625946045e-01 4.266661405563354492e-01 3.916262984275817871e-01 3.964590728282928467e-01 3.946923017501831055e-01 3.993375301361083984e-01 3.974812924861907959e-01 4.018634259700775146e-01 3.914244174957275391e-01 4.077712595462799072e-01 4.011623859405517578e-01 3.806485235691070557e-01
4.523956775665283203e-01 4.500917196273803711e-01 4.303863644599914551e-01 4.127774834632873535e-01 4.247396886348724365e-01 3.891660273075103760e-01 3.928364813327789307e-01 3.909568786621093750e-01 3.962724208831787109e-01 3.934259414672851562e-01 3.991090357303619385e-01 3.887658715248107910e-01 4.045368731021881104e-01 3.966859579086303711e-01 3.762752413749694824e-01
4.509888589382171631e-01 4.528779983520507812e-01 4.315365254878997803e-01 4.109214246273040771e-01 4.229035973548889160e-01 3.811697661876678467e-01 3.832524716854095459e-01 3.784906864166259766e-01 3.879916667938232422e-01 3.802140057086944580e-01 3.889822661876678467e-01 3.809069693088531494e-01 3.979784548282623291e-01 3.867358565330505371e-01 3.613722920417785645e-01
4.485003352165222168e-01 4.502630233764648438e-01 4.287616908550262451e-01 4.059249162673950195e-01 4.203707575798034668e-01 3.777619302272796631e-01 3.786723017692565918e-01 3.717661798000335693e-01 3.832117319107055664e-01 3.761692345142364502e-01 3.843102753162384033e-01 3.752889931201934814e-01 3.928603231906890869e-01 3.813952803611755371e-01 3.571527004241943359e-01
4.483907520771026611e-01 4.481729567050933838e-01 4.271220564842224121e-01 4.038878977298736572e-01 4.202014505863189697e-01 3.787130713462829590e-01 3.803447484970092773e-01 3.725990653038024902e-01 3.836927711963653564e-01 3.794431686401367188e-01 3.851786851882934570e-01 3.748101592063903809e-01 3.929133713245391846e-01 3.827102780342102051e-01 3.604860007762908936e-01
4.506058096885681152e-01 4.502582252025604248e-01 4.294023215770721436e-01 4.055098295211791992e-01 4.217612445354461670e-01 3.801140785217285156e-01 3.840528726577758789e-01 3.771367371082305908e-01 3.870298862457275391e-01 3.843367695808410645e-01 3.873812556266784668e-01 3.782311677932739258e-01 3.965400755405426025e-01 3.867830336093902588e-01 3.639872670173645020e-01
4.535125792026519775e-01 4.523784816265106201e-01 4.319853484630584717e-01 4.080399572849273682e-01 4.236687719821929932e-01 3.825465142726898193e-01 3.887479007244110107e-01 3.836000263690948486e-01 3.920413553714752197e-01 3.911418020725250244e-01 3.912275433540344238e-01 3.832311928272247314e-01 4.015185832977294922e-01 3.922201097011566162e-01 3.691265285015106201e-01
4.548656642436981201e-01 4.514824748039245605e-01 4.316826462745666504e-01 4.092018306255340576e-01 4.239509403705596924e-01 3.848438858985900879e-01 3.918510377407073975e-01 3.890163302421569824e-01 3.960424661636352539e-01 3.972502052783966064e-01 3.954544365406036377e-01 3.872932493686676025e-01 4.049316346645355225e-01 3.960542976856231689e-01 3.739720284938812256e-01
4.547745287418365479e-01 4.508571326732635498e-01 4.311782419681549072e-01 4.099059998989105225e-01 4.238094091415405273e-01 3.850080370903015137e-01 3.914530277252197266e-01 3.890992701053619385e-01 3.956213295459747314e-01 3.969622552394866943e-01 3.962337374687194824e-01 3.878134191036224365e-01 4.053289294242858887e-01 3.959314525127410889e-01 3.736655712127685547e-01
4.528580009937286377e-01 4.489798545837402344e-01 4.292567968368530273e-01 4.083130657672882080e-01 4.226340651512145996e-01 3.846099376678466797e-01 3.892884850502014160e-01 3.859034478664398193e-01 3.926879465579986572e-01 3.931701183319091797e-01 3.946722745895385742e-01 3.848092854022979736e-01 4.024584889411926270e-01 3.930773735046386719e-01 3.719665110111236572e-01
4.504250288009643555e-01 4.467898011207580566e-01 4.268922805786132812e-01 4.058491885662078857e-01 4.209224283695220947e-01 3.832692801952362061e-01 3.862296938896179199e-01 3.816201984882354736e-01 3.890141844749450684e-01 3.879667222499847412e-01 3.917530477046966553e-01 3.808042705059051514e-01 3.983761370182037354e-01 3.888235986232757568e-01 3.687801957130432129e-01
4.485391974449157715e-01 4.468866586685180664e-01 4.265927970409393311e-01 4.035739302635192871e-01 4.202212989330291748e-01 3.798901736736297607e-01 3.812005817890167236e-01 3.737078309059143066e-01 3.827403187751770020e-01 3.783306479454040527e-01 3.852924406528472900e-01 3.744710683822631836e-01 3.929321467876434326e-01 3.819246888160705566e-01 3.610661327838897705e-01
4.478192925453186035e-01 4.484753012657165527e-01 4.281434118747711182e-01 4.011732041835784912e-01 4.208331704139709473e-01 3.772858381271362305e-01 3.776805698871612549e-01 3.668588995933532715e-01 3.775688111782073975e-01 3.701435029506683350e-01 3.787981271743774414e-01 3.683851659297943115e-01 3.882484138011932373e-01 3.761176168918609619e-01 3.549676537513732910e-01
4.475087523460388184e-01 4.484595358371734619e-01 4.284788370132446289e-01 3.979825377464294434e-01 4.207736551761627197e-01 3.760493993759155273e-01 3.761390447616577148e-01 3.637924194335937500e-01 3.754028975963592529e-01 3.672088384628295898e-01 3.753435909748077393e-01 3.647326827049255371e-01 3.852491378784179688e-01 3.726569712162017822e-01 3.528836369514465332e-01
4.459972977638244629e-01 4.467247724533081055e-01 4.266042709350585938e-01 3.939132690429687500e-01 4.172886013984680176e-01 3.732127249240875244e-01 3.738029897212982178e-01 3.635445237159729004e-01 3.752226233482360840e-01 3.675806522369384766e-01 3.733433783054351807e-01 3.639828264713287354e-01 3.829595446586608887e-01 3.698847591876983643e-01 3.510641157627105713e-01
4.456970393657684326e-01 4.427776038646697998e-01 4.230711758136749268e-01 3.916850984096527100e-01 4.145755767822265625e-01 3.740496337413787842e-01 3.760950863361358643e-01 3.687710165977478027e-01 3.793190121650695801e-01 3.752177655696868896e-01 3.768985867500305176e-01 3.667924404144287109e-01 3.847884237766265869e-01 3.730788826942443848e-01 3.566347062587738037e-01
4.472022056579589844e-01 4.352663755416870117e-01 4.168245494365692139e-01 3.926496803760528564e-01 4.143462777137756348e-01 3.797432184219360352e-01 3.821689188480377197e-01 3.775434195995330811e-01 3.856811821460723877e-01 3.867140412330627441e-01 3.866633474826812744e-01 3.721505701541900635e-01 3.895370662212371826e-01 3.798622786998748779e-01 3.672624528408050537e-01
4.501338601112365723e-01 4.311647713184356689e-01 4.130699932575225830e-01 3.972148299217224121e-01 4.161572158336639404e-01 3.858570456504821777e-01 3.884292244911193848e-01 3.866221904754638672e-01 3.923876583576202393e-01 3.960920274257659912e-01 3.968112170696258545e-01 3.790313005447387695e-01 3.957135379314422607e-01 3.871088922023773193e-01 3.757194280624389648e-01
4.526519775390625000e-01 4.260722994804382324e-01 4.082562625408172607e-01 4.009894430637359619e-01 4.170100986957550049e-01 3.920982182025909424e-01 3.929699957370758057e-01 3.944292962551116943e-01 3.985674381256103516e-01 4.035340547561645508e-01 4.069260656833648682e-01 3.848051428794860840e-01 4.002667963504791260e-01 3.922307193279266357e-01 3.829007446765899658e-01
4.578956365585327148e-01 4.242119491100311279e-01 4.067121446132659912e-01 4.079804718494415283e-01 4.223456382751464844e-01 4.024420678615570068e-01 4.015399813652038574e-01 4.045349061489105225e-01 4.070271253585815430e-01 4.124741554260253906e-01 4.189487099647521973e-01 3.921275436878204346e-01 4.073850512504577637e-01 4.006223082542419434e-01 3.938878476619720459e-01
4.648656249046325684e-01 4.286397993564605713e-01 4.101626873016357422e-01 4.183902740478515625e-01 4.294876754283905029e-01 4.105826318264007568e-01 4.094122946262359619e-01 4.143634736537933350e-01 4.157059788703918457e-01 4.184323549270629883e-01 4.290297627449035645e-01 4.011056721210479736e-01 4.156564772129058838e-01 4.090211391448974609e-01 4.001213610172271729e-01
4.725300967693328857e-01 4.368539452552795410e-01 4.172300398349761963e-01 4.299556016921997070e-01 4.395368993282318115e-01 4.198341667652130127e-01 4.187540411949157715e-01 4.239385426044464111e-01 4.245369434356689453e-01 4.245610833168029785e-01 4.383485317230224609e-01 4.100904166698455811e-01 4.249187707901000977e-01 4.189893305301666260e-01 4.077180624008178711e-01
4.789840281009674072e-01 4.448095262050628662e-01 4.241420328617095947e-01 4.393891990184783936e-01 4.478943645954132080e-01 4.266830980777740479e-01 4.250115752220153809e-01 4.309889078140258789e-01 4.315606057643890381e-01 4.287270307540893555e-01 4.454933702945709229e-01 4.176284372806549072e-01 4.321629405021667480e-01 4.257622659206390381e-01 4.121965467929840088e-01
4.829618036746978760e-01 4.530006945133209229e-01 4.309384822845458984e-01 4.457063078880310059e-01 4.533733427524566650e-01 4.287438094615936279e-01 4.260561466217041016e-01 4.323965013027191162e-01 4.340944290161132812e-01 4.280919730663299561e-01 4.477178454399108887e-01 4.215976595878601074e-01 4.358969330787658691e-01 4.277296960353851318e-01 4.108407795429229736e-01
4.844397306442260742e-01 4.609951674938201904e-01 4.376239478588104248e-01 4.489111006259918213e-01 4.569078385829925537e-01 4.266864359378814697e-01 4.226936995983123779e-01 4.268135428428649902e-01 4.310415685176849365e-01 4.215509295463562012e-01 4.441023468971252441e-01 4.202361106872558594e-01 4.354284405708312988e-01 4.250197410583496094e-01 4.042718708515167236e-01
4.833476245403289795e-01 4.642197489738464355e-01 4.405403137207031250e-01 4.473777413368225098e-01 4.581723809242248535e-01 4.239392578601837158e-01 4.177980124950408936e-01 4.176129996776580811e-01 4.248593449592590332e-01 4.137602448463439941e-01 4.383962750434875488e-01 4.142042994499206543e-01 4.311814308166503906e-01 4.195642471313476562e-01 3.982260823249816895e-01
4.789229333400726318e-01 4.623599052429199219e-01 4.384319186210632324e-01 4.407082796096801758e-01 4.554066359996795654e-01 4.184627532958984375e-01 4.088315069675445557e-01 4.037470221519470215e-01 4.145472049713134766e-01 4.018500447273254395e-01 4.290902614593505859e-01 4.033377468585968018e-01 4.216361939907073975e-01 4.085418283939361572e-01 3.885580599308013916e-01
4.726873636245727539e-01 4.569294452667236328e-01 4.329249858856201172e-01 4.307004809379577637e-01 4.507975578308105469e-01 4.135538935661315918e-01 4.004308283329010010e-01 3.903897106647491455e-01 4.039603769779205322e-01 3.910019993782043457e-01 4.195414185523986816e-01 3.906586766242980957e-01 4.105260074138641357e-01 3.972353637218475342e-01 3.813107609748840332e-01
4.652626812458038330e-01 4.485550522804260254e-01 4.243247807025909424e-01 4.189064502716064453e-01 4.434988498687744141e-01 4.077954590320587158e-01 3.917621076107025146e-01 3.790427744388580322e-01 3.943872749805450439e-01 3.820076584815979004e-01 4.108506441116333008e-01 3.788684010505676270e-01 3.993381857872009277e-01 3.857950866222381592e-01 3.744331002235412598e-01
4.578364193439483643e-01 4.388857483863830566e-01 4.142997264862060547e-01 4.078402817249298096e-01 4.348251521587371826e-01 4.023452401161193848e-01 3.848210275173187256e-01 3.720867335796356201e-01 3.878840208053588867e-01 3.770226836204528809e-01 4.047617912292480469e-01 3.703742921352386475e-01 3.904227018356323242e-01 3.771958649158477783e-01 3.699203729629516602e-01
4.531409740447998047e-01 4.360894262790679932e-01 4.106806814670562744e-01 4.019202888011932373e-01 4.284763038158416748e-01 3.962757289409637451e-01 3.804860115051269531e-01 3.689493536949157715e-01 3.843971490859985352e-01 3.731828033924102783e-01 3.986696302890777588e-01 3.663275539875030518e-01 3.860295414924621582e-01 3.728403151035308838e-01 3.648924529552459717e-01
4.515936076641082764e-01 4.370801746845245361e-01 4.116224646568298340e-01 4.002135694026947021e-01 4.260024130344390869e-01 3.926993012428283691e-01 3.803979456424713135e-01 3.697131574153900146e-01 3.841470479965209961e-01 3.729861378669738770e-01 3.951469361782073975e-01 3.659870624542236328e-01 3.860619366168975830e-01 3.733266890048980713e-01 3.634434044361114502e-01
4.504318237304687500e-01 4.344018697738647461e-01 4.098596870899200439e-01 3.983806073665618896e-01 4.239192008972167969e-01 3.912416398525238037e-01 3.810246586799621582e-01 3.714837431907653809e-01 3.846753835678100586e-01 3.756989240646362305e-01 3.952175378799438477e-01 3.664789199829101562e-01 3.867910504341125488e-01 3.744060397148132324e-01 3.647221028804779053e-01
4.477196931838989258e-01 4.288544356822967529e-01 4.048288762569427490e-01 3.937854170799255371e-01 4.200083911418914795e-01 3.868323266506195068e-01 3.751823604106903076e-01 3.641667664051055908e-01 3.782262802124023438e-01 3.687891364097595215e-01 3.913628160953521729e-01 3.597656190395355225e-01 3.813059329986572266e-01 3.674188256263732910e-01 3.578280806541442871e-01
4.454819262027740479e-01 4.220727086067199707e-01 3.986089229583740234e-01 3.892384767532348633e-01 4.176656603813171387e-01 3.864580988883972168e-01 3.731597661972045898e-01 3.605960607528686523e-01 3.751142323017120361e-01 3.665833175182342529e-01 3.907853960990905762e-01 3.545136451721191406e-01 3.772188127040863037e-01 3.639331758022308350e-01 3.574908077716827393e-01
4.449025392532348633e-01 4.174063205718994141e-01 3.940428495407104492e-01 3.874576687812805176e-01 4.163678884506225586e-01 3.875754475593566895e-01 3.736196458339691162e-01 3.617591261863708496e-01 3.760417103767395020e-01 3.679009974002838135e-01 3.927629888057708740e-01 3.536360263824462891e-01 3.763720989227294922e-01 3.636917471885681152e-01 3.592376112937927246e-01
4.448046386241912842e-01 4.196270108222961426e-01 3.948810100555419922e-01 3.884320855140686035e-01 4.147248864173889160e-01 3.838258981704711914e-01 3.713249564170837402e-01 3.624241948127746582e-01 3.767784535884857178e-01 3.662562966346740723e-01 3.905484974384307861e-01 3.554260432720184326e-01 3.767516911029815674e-01 3.626271188259124756e-01 3.541966080665588379e-01
4.457387030124664307e-01 4.218504130840301514e-01 3.966595530509948730e-01 3.905740678310394287e-01 4.147732257843017578e-01 3.843719661235809326e-01 3.743629157543182373e-01 3.682395219802856445e-01 3.815999627113342285e-01 3.718509376049041748e-01 3.925971388816833496e-01 3.604805171489715576e-01 3.805771470069885254e-01 3.675683140754699707e-01 3.576536774635314941e-01
4.479533433914184570e-01 4.215959608554840088e-01 3.971014022827148438e-01 3.941307663917541504e-01 4.166909158229827881e-01 3.889531195163726807e-01 3.806434571743011475e-01 3.766458034515380859e-01 3.880869746208190918e-01 3.809758722782135010e-01 3.992220461368560791e-01 3.670206665992736816e-01 3.863897025585174561e-01 3.752270042896270752e-01 3.660621345043182373e-01
4.483173787593841553e-01 4.189712703227996826e-01 3.947669863700866699e-01 3.958866298198699951e-01 4.160554409027099609e-01 3.912117481231689453e-01 3.824502527713775635e-01 3.809503316879272461e-01 3.912274241447448730e-01 3.851191997528076172e-01 4.041699171066284180e-01 3.706636726856231689e-01 3.888245224952697754e-01 3.781072199344635010e-01 3.694646656513214111e-01
4.480032324790954590e-01 4.168287515640258789e-01 3.923466503620147705e-01 3.971848487854003906e-01 4.147745966911315918e-01 3.917025923728942871e-01 3.818753063678741455e-01 3.818904459476470947e-01 3.919932842254638672e-01 3.851925432682037354e-01 4.067342579364776611e-01 3.718147277832031250e-01 3.892476260662078857e-01 3.785426616668701172e-01 3.692964315414428711e-01
4.481466412544250488e-01 4.167728424072265625e-01 3.918284773826599121e-01 3.990506827831268311e-01 4.149137437343597412e-01 3.920986652374267578e-01 3.815622627735137939e-01 3.815712332725524902e-01 3.920622467994689941e-01 3.837720155715942383e-01 4.078845381736755371e-01 3.719367086887359619e-01 3.895691037178039551e-01 3.790135979652404785e-01 3.684641718864440918e-01
4.472412168979644775e-01 4.163041412830352783e-01 3.907896578311920166e-01 3.993887007236480713e-01 4.144238531589508057e-01 3.921656608581542969e-01 3.806373476982116699e-01 3.805357813835144043e-01 3.916091620922088623e-01 3.820514678955078125e-01 4.081023633480072021e-01 3.712070286273956299e-01 3.887394368648529053e-01 3.785424530506134033e-01 3.676229119300842285e-01
4.453864395618438721e-01 4.170111417770385742e-01 3.905090689659118652e-01 3.990588784217834473e-01 4.127821028232574463e-01 3.922373354434967041e-01 3.809240758419036865e-01 3.823919594287872314e-01 3.933424055576324463e-01 3.832568824291229248e-01 4.084456861019134521e-01 3.727920949459075928e-01 3.888388872146606445e-01 3.797776699066162109e-01 3.689754903316497803e-01
4.467771947383880615e-01 4.221704006195068359e-01 3.951437473297119141e-01 4.024646580219268799e-01 4.140105545520782471e-01 3.940148949623107910e-01 3.857172131538391113e-01 3.890799283981323242e-01 3.992457091808319092e-01 3.890393376350402832e-01 4.107478559017181396e-01 3.787834346294403076e-01 3.939081728458404541e-01 3.861033916473388672e-01 3.738145828247070312e-01
4.506893157958984375e-01 4.319687783718109131e-01 4.047621786594390869e-01 4.093016386032104492e-01 4.186598658561706543e-01 3.962755501270294189e-01 3.921504020690917969e-01 3.965103626251220703e-01 4.055217504501342773e-01 3.946509659290313721e-01 4.128862917423248291e-01 3.863899111747741699e-01 4.016395211219787598e-01 3.944230675697326660e-01 3.783482015132904053e-01
4.547227025032043457e-01 4.420873224735260010e-01 4.152358174324035645e-01 4.159092903137207031e-01 4.239042103290557861e-01 3.983819782733917236e-01 3.978666365146636963e-01 4.027310907840728760e-01 4.106732606887817383e-01 3.992581665515899658e-01 4.143847823143005371e-01 3.932512104511260986e-01 4.086915850639343262e-01 4.017283320426940918e-01 3.822277188301086426e-01
4.557971358299255371e-01 4.487765133380889893e-01 4.225491881370544434e-01 4.190900921821594238e-01 4.266245365142822266e-01 3.971450924873352051e-01 3.980518877506256104e-01 4.022766649723052979e-01 4.099427759647369385e-01 3.977610468864440918e-01 4.121421575546264648e-01 3.953441381454467773e-01 4.105881750583648682e-01 4.026297330856323242e-01 3.803374767303466797e-01
4.527736306190490723e-01 4.450426399707794189e-01 4.200595915317535400e-01 4.159420430660247803e-01 4.240225553512573242e-01 3.950530886650085449e-01 3.946194350719451904e-01 3.986300528049468994e-01 4.063848555088043213e-01 3.962708413600921631e-01 4.104585647583007812e-01 3.932312130928039551e-01 4.073784351348876953e-01 3.992254436016082764e-01 3.787793815135955811e-01
4.485968053340911865e-01 4.375059604644775391e-01 4.134718775749206543e-01 4.110114574432373047e-01 4.202018976211547852e-01 3.933782577514648438e-01 3.903841078281402588e-01 3.928256630897521973e-01 4.008510410785675049e-01 3.930732011795043945e-01 4.088776707649230957e-01 3.879406452178955078e-01 4.021725952625274658e-01 3.944963514804840088e-01 3.771862387657165527e-01
4.444333612918853760e-01 4.308449625968933105e-01 4.071187973022460938e-01 4.064419567584991455e-01 4.172210097312927246e-01 3.926814198493957520e-01 3.872951865196228027e-01 3.874253332614898682e-01 3.955548107624053955e-01 3.891646862030029297e-01 4.071209430694580078e-01 3.822073042392730713e-01 3.970441222190856934e-01 3.902942836284637451e-01 3.761523067951202393e-01
4.419658482074737549e-01 4.266129434108734131e-01 4.028684198856353760e-01 4.039488732814788818e-01 4.153926968574523926e-01 3.921655416488647461e-01 3.855811357498168945e-01 3.843837380409240723e-01 3.924538791179656982e-01 3.861523866653442383e-01 4.059471786022186279e-01 3.787125945091247559e-01 3.938435018062591553e-01 3.874877095222473145e-01 3.748000562191009521e-01
