1.766738875814786979e+03
1.702233919582110502e+03
1.672490162990498447e+03
1.672355205842064152e+03
1.696678622341996970e+03
1.740030128627692875e+03
1.796737272807065438e+03
1.861091434128395804e+03
1.927624064619814362e+03
1.991388685977987507e+03
2.048206715662801798e+03
2.094851408567111775e+03
2.129156528810390228e+03
2.150046045559649883e+03
2.157488753426708627e+03
2.152387500816264946e+03
2.136416781497810916e+03
2.111824889130150041e+03
2.081217760437962625e+03
2.047341197550666493e+03
2.012876572440104837e+03
1.980262627782485652e+03
1.951552877311473821e+03
1.928314661826728525e+03
1.911572411475363197e+03
1.901794350884028518e+03
1.898918970764961841e+03
1.902415236987200160e+03
1.911368819255287917e+03
1.924585643047409803e+03
1.940703792896268396e+03
1.958305167263838030e+03
1.976019211107180126e+03
1.992612409433764469e+03
2.007058874544000446e+03
2.018589156644422246e+03
2.026716212573356188e+03
2.031239155180005355e+03
2.032226872433328708e+03
2.029984772851677690e+03
2.025008733417236272e+03
2.017930778013872896e+03
2.009461106290951420e+03
2.000330856411801051e+03
1.991239471388105358e+03
1.982809812360987962e+03
1.975553295817624530e+03
1.969846399871668382e+03
1.965918958569773167e+03
1.963853805984372229e+03
1.963596595443118076e+03
1.964974041650260006e+03
1.967718437727275614e+03
1.971496093414140205e+03
1.975937318951391262e+03
1.980665723556727244e+03
1.985324880409134721e+03
1.989600797497271742e+03
1.993239087822451665e+03
1.996056214905434445e+03
1.997944664065830921e+03
1.998872324637900874e+03
1.998876737386859759e+03
1.998055146371919818e+03
1.996551484600721324e+03
1.994541514950072951e+03
1.992217345987546196e+03
1.989772456573107547e+03
1.987388208229835072e+03
1.985222618234157153e+03
1.983401928802171369e+03
1.982015258355227161e+03
1.981112378082701753e+03
1.980704436924308084e+03
1.980767273451452638e+03
1.981246812924804544e+03
1.982065957016559651e+03
1.983132333351008810e+03
1.984346279586723995e+03
1.985608486654395847e+03
1.986826810064000938e+03
1.987921867454365838e+03
1.988831164605360755e+03
1.989511620850765439e+03
1.989940488848094446e+03
1.990114774924251833e+03
1.990049358397533751e+03
1.989774077036186327e+03
1.989330088884289125e+03
1.988765837811165284e+03
1.988132942881115923e+03
1.987482303073097910e+03
1.986860663226435690e+03
1.986307829302478012e+03
1.985854656400274735e+03
1.985521866630853765e+03
1.985319690691750338e+03
1.985248270829422836e+03
1.985298716953529720e+03
1.985454674059835952e+03
1.985694238844081383e+03
1.985992056436956318e+03
1.986321433632226899e+03
1.986656321131216600e+03
1.986973041941929523e+03
1.987251673558297625e+03
1.987477025181423642e+03
1.987639185377879585e+03
1.987733647793697401e+03
1.987761050836188360e+03
1.987726590063188723e+03
1.987639178384056777e+03
1.987510438632990827e+03
1.987353615700828868e+03
1.987182491747061476e+03
1.987010378976648099e+03
1.986849251247249185e+03
1.986709059725166526e+03
1.986597260338095339e+03
1.986518563234883004e+03
1.986474898073470968e+03
1.986465574726924388e+03
1.986487607677350297e+03
1.986536164431683574e+03
1.986605093931433885e+03
1.986687490063784935e+03
1.986776247703999616e+03
1.986864573732003237e+03
1.986946422539339665e+03
1.987016833970890502e+03
1.987072160704483849e+03
1.987110181069406053e+03
1.987130101627810291e+03
1.987132460988420462e+03
1.987118951921387179e+03
1.987092182673881098e+03
1.987055400370694315e+03
1.987012199580934976e+03
1.986966237716200794e+03
1.986920976165371485e+03
1.986879462298818908e+03
1.986844163057468222e+03
1.986816856152524906e+03
1.986798580292030920e+03
1.986789641630113238e+03
1.986789670053800819e+03
1.986797716159980382e+03
1.986812377935458244e+03
1.986831945265543482e+03
1.986854550421714293e+03
1.986878313518575169e+03
1.986901473440517748e+03
1.986922496744253294e+03
1.986940159354015805e+03
1.986953598290167292e+03
1.986962333030068066e+03
1.986966258236687054e+03
1.986965611381639064e+03
1.986960920148050036e+03
1.986952935376920323e+03
1.986942555708634018e+03
1.986930749994023017e+03
1.986918483061399684e+03
1.986906649604289669e+03
1.986896019891138167e+03
1.986887199791911371e+03
1.986880606365589301e+03
1.986876459047962044e+03
1.986874785399164011e+03
1.986875439476213160e+03
1.986878130229619273e+03
1.986882456906614607e+03
1.986887948279207194e+03
1.986894102587649513e+03
1.986900425369124378e+03
1.986906462786314933e+03
1.986911828632901688e+03
1.986916223821692711e+03
1.986919447805699747e+03
1.986921401996877648e+03
1.986922085792271673e+03
1.986921586262705432e+03
1.986920062884709751e+03
1.986917728892339255e+03
1.986914830892049622e+03
1.986911628329964742e+03
1.986908374243128492e+03
1.986905298486529091e+03
1.986902594331016644e+03
1.986900409000201762e+03
1.986898838382753866e+03
1.986897925843586336e+03
1.986897664782838319e+03
1.986898004370188573e+03
1.986898857723553647e+03
1.986900111709872590e+03
1.986901637520702479e+03
1.986903301211438702e+03
1.986904973481188563e+03
1.986906538099079626e+03
1.986907898538918971e+03
1.986908982553956093e+03
1.986909744593909409e+03
1.986910166125550631e+03
1.986910254056244867e+03
1.986910037569600263e+03
1.986909563759225875e+03
1.986908892488690299e+03
1.986908090913914975e+03
1.986907228081419817e+03
1.986906369966921829e+03
1.986905575249921185e+03
1.986904892037897298e+03
1.986904355665699995e+03
1.986903987608287707e+03
1.986903795464158520e+03
1.986903773897494602e+03
1.986903906372746633e+03
1.986904167478311592e+03
1.986904525616812180e+03
1.986904945837718060e+03
1.986905392601918720e+03
1.986905832294789434e+03
1.986906235341012462e+03
1.986906577817391508e+03
1.986906842505469513e+03
1.986907019370555417e+03
1.986907105494722600e+03
1.986907104526095964e+03
1.986907025733511318e+03
1.986906882773439065e+03
1.986906692284607061e+03
1.986906472425447873e+03
1.986906241461273794e+03
1.986906016493356901e+03
1.986905812402566426e+03
1.986905641057746152e+03
1.986905510815448679e+03
1.986905426314746137e+03
1.986905388550086400e+03
1.986905395187797239e+03
1.986905441078665035e+03
1.986905518910521778e+03
1.986905619941047689e+03
1.986905734751771433e+03
1.986905853969036343e+03
1.986905968905698501e+03
1.986906072087681423e+03
1.986906157641238451e+03
1.986906221528937067e+03
1.986906261634069551e+03
1.986906277703687692e+03
1.986906271169126057e+03
1.986906244869335296e+03
1.986906202706374188e+03
1.986906149263988027e+03
1.986906089419473801e+03
1.986906027976313226e+03
1.986905969340709134e+03
1.986905917259697389e+03
1.986905874632386940e+03
1.986905843399619698e+03
1.986905824511372657e+03
1.986905817965936876e+03
1.986905822910589222e+03
1.986905837790314763e+03
1.986905860529246866e+03
1.986905888728858372e+03
1.986905919867460852e+03
1.986905951487121001e+03
1.986905981356430630e+03
1.986906007600456178e+03
1.986906028792375537e+03
1.986906044004528894e+03
1.986906052819652359e+03
1.986906055305726568e+03
1.986906051960018885e+03
1.986906043629431906e+03
1.986906031415157941e+03
1.986906016569869735e+03
1.986906000395327965e+03
1.986905984147419986e+03
1.986905968954399441e+03
1.986905955752562477e+03
1.986905945241960580e+03
1.986905937863084773e+03
1.986905933793911572e+03
1.986905932965366674e+03
1.986905935092190930e+03
1.986905939715454451e+03
1.986905946252555850e+03
1.986905954050466107e+03
1.986905962438205052e+03
1.986905970775010474e+03
1.986905978491334281e+03
1.986905985120596142e+03
1.986905990320479532e+03
1.986905993883411611e+03
1.986905995736638943e+03
1.986905995933001350e+03
1.986905994634018043e+03
1.986905992087265531e+03
1.986905988600211685e+03
1.986905984512683517e+03
1.986905980170013663e+03
1.986905975898642282e+03
1.986905971985602491e+03
1.986905968662887744e+03
1.986905966097268902e+03
1.986905964385685365e+03
1.986905963555937433e+03
1.986905963572073915e+03
1.986905964343607366e+03
1.986905965737517363e+03
1.986905967591917033e+03
1.986905969730267316e+03
1.986905971975100101e+03
1.986905974160354390e+03
1.986905976141623796e+03
1.986905977803827454e+03
1.986905979066046484e+03
1.986905979883496457e+03
1.986905980246796844e+03
1.986905980178878281e+03
1.986905979729985802e+03
1.986905978971329432e+03
1.986905977987957158e+03
1.986905976871428038e+03
1.986905975712810232e+03
1.986905974596452324e+03
1.986905973594876741e+03
1.986905972765026718e+03
1.986905972145986880e+03
1.986905971758174928e+03
1.986905971603903708e+03
1.986905971669136761e+03
1.986905971926183383e+03
