4.743508390600974423e+01
4.558464954023444449e+01
4.521153940458299303e+01
4.353476908456932648e+01
4.535642544394390541e+01
4.448463957673196489e+01
4.561867958534272560e+01
4.640979905460578436e+01
4.715287875670810536e+01
4.610329736555814861e+01
4.364936489433583944e+01
4.424658533797240523e+01
4.446623854282200483e+01
4.550464994231796112e+01
4.668910350956063127e+01
4.771885256577131429e+01
4.652941357432658975e+01
4.601349934008347731e+01
5.024335324445543449e+01
5.120219808197941802e+01
5.074615141437095645e+01
4.976696692346121864e+01
4.605168881689443339e+01
4.498198507682617020e+01
4.801297733185729300e+01
4.876745639919089825e+01
4.822981965241943669e+01
4.761457314336541202e+01
4.847664497447558318e+01
4.712436564521804172e+01
4.507986027137540219e+01
4.635841886130474876e+01
4.294156513256613295e+01
4.336864843829629024e+01
4.575903172727330315e+01
4.550676418518405342e+01
