1.546046655396018878e+03
1.462845124873760597e+03
1.402159277277514320e+03
1.436598092566625837e+03
1.474987985087663219e+03
1.432263946102734735e+03
1.390170840655203847e+03
1.394301266394642880e+03
1.402173864943255921e+03
1.337923219248714304e+03
1.293684694753774011e+03
1.342379066937804964e+03
1.393146121032086285e+03
1.361173445994225631e+03
1.328426682770131720e+03
1.340700961294153331e+03
1.355648223852724414e+03
1.297538337318504773e+03
1.258622731579725951e+03
1.311912171073556465e+03
1.366667143017990838e+03
1.338160541914110581e+03
1.308433505089434220e+03
1.323357520100831607e+03
1.340608309080524123e+03
1.284495891017985741e+03
1.247305148694746094e+03
1.302065107724533163e+03
1.358094618090740823e+03
1.330697766995357597e+03
1.301944194448776443e+03
1.317740923179615720e+03
1.335752054833212469e+03
1.280296995559305060e+03
1.243667366168854414e+03
1.298887266788364286e+03
1.355313724500406352e+03
1.328264512823497171e+03
1.299822570096081108e+03
1.315917237904054673e+03
1.334189570404133747e+03
1.278958414609843885e+03
1.242513493587142875e+03
1.297866495322777382e+03
1.354406072407230340e+03
1.327458018204061773e+03
1.299113646902246501e+03
1.315320331510249389e+03
1.333692405546024929e+03
1.278544944124485482e+03
1.242162984245187317e+03
1.297543393062688210e+03
1.354104306884575180e+03
1.327177701926926829e+03
1.298861671303946196e+03
1.315120219963190493e+03
1.333539795494590862e+03
1.278430666225666982e+03
1.242072286049131208e+03
1.297445934983468987e+03
1.353998517585061791e+03
1.327067594532775502e+03
1.298757516555308484e+03
1.315048455143150022e+03
1.333498617778793914e+03
1.278413135514972964e+03
1.242065593802957665e+03
1.297421450416557036e+03
1.353956124045911110e+03
1.327012562058758931e+03
1.298701199387515089e+03
1.315018210803525562e+03
1.333493471819097977e+03
1.278426873549731454e+03
1.242086045513708768e+03
1.297420559925080397e+03
1.353934244738549978e+03
1.326975365816060503e+03
1.298660381412581501e+03
1.315001404054825116e+03
1.333499970238466631e+03
1.278450702161504068e+03
1.242115249901919924e+03
1.297427292348396122e+03
1.353919010149506903e+03
1.326943961382531825e+03
1.298624603145812898e+03
1.314988951822649597e+03
1.333510225251665588e+03
1.278477771559697658e+03
1.242147258566370510e+03
1.297436482021171742e+03
1.353905934344151319e+03
1.326914453111192643e+03
1.298590481564251604e+03
1.314977916288705956e+03
1.333521685663123890e+03
1.278505866290961194e+03
1.242180147601462068e+03
1.297446458182386777e+03
1.353893566390827345e+03
1.326885580976021629e+03
1.298556922439336631e+03
1.314967347242084088e+03
1.333533526331431858e+03
1.278534269821192311e+03
1.242213294775082659e+03
1.297456680454748494e+03
1.353881436992209956e+03
1.326856937410154842e+03
1.298523571824890951e+03
1.314956937339005435e+03
1.333545480386117788e+03
1.278562750423220450e+03
1.242246498865333933e+03
1.297466974069641992e+03
1.353869394348518199e+03
1.326828390564171286e+03
1.298490315209991877e+03
1.314946587163154391e+03
1.333557461522553012e+03
1.278591233174671970e+03
1.242279694820846544e+03
1.297477282510062651e+03
1.353857389350651829e+03
1.326799897766092045e+03
1.298457115526135340e+03
1.314936264549803809e+03
1.333569441837893010e+03
1.278619693869720322e+03
1.242312861632895192e+03
1.297487587506021327e+03
1.353845406103560208e+03
1.326771445187314612e+03
1.298423960752651737e+03
1.314925959085935119e+03
1.333581412318616913e+03
1.278648124706149929e+03
1.242345992537766733e+03
1.297497883158042214e+03
1.353833439454881500e+03
1.326743028328302898e+03
1.298390846970320581e+03
1.314915667393864396e+03
1.333593370060710185e+03
1.278676523187260045e+03
1.242379085379085382e+03
1.297508167567729515e+03
1.353821487726856731e+03
1.326714645706924330e+03
1.298357772880273615e+03
1.314905388371410254e+03
1.333605314136188554e+03
1.278704888532320410e+03
1.242412139490625123e+03
1.297518440130774934e+03
1.353809550365557925e+03
1.326686296817019866e+03
1.298324738031199104e+03
1.314895121652387388e+03
1.333617244256177855e+03
1.278733220515579433e+03
1.242445154688093226e+03
1.297528700661415542e+03
1.353797627180560312e+03
1.326657981468128355e+03
1.298291742245954083e+03
1.314884867108669141e+03
1.333629160338502743e+03
1.278761519090754518e+03
1.242478130943035922e+03
1.297538949109251007e+03
1.353785718099022461e+03
1.326629699571928995e+03
1.298258785436109065e+03
1.314874624689138955e+03
1.333641062367828454e+03
1.278789784269578831e+03
1.242511068277366348e+03
1.297549185467650204e+03
1.353773823086147559e+03
1.326601451073169301e+03
1.298225867541964817e+03
1.314864394367598834e+03
1.333652950350426181e+03
1.278818016082518398e+03
1.242543966729252134e+03
1.297559409744127379e+03
1.353761942119456307e+03
1.326573235927322685e+03
1.298192988513150340e+03
1.314854176125922322e+03
1.333664824299541579e+03
1.278846214566066692e+03
1.242576826342080949e+03
1.297569621950760620e+03
1.353750075180467775e+03
1.326545054093363660e+03
1.298160148302349626e+03
1.314843969948604126e+03
1.333676684230663341e+03
1.278874379758635087e+03
1.242609647160892337e+03
1.297579822101092532e+03
1.353738222252006153e+03
1.326516905531430893e+03
1.298127346863270759e+03
1.314833775820999335e+03
1.333688530159991615e+03
1.278902511699224078e+03
1.242642429231224014e+03
1.297590010209128423e+03
1.353726383317332420e+03
1.326488790202070732e+03
1.298094584149989487e+03
1.314823593728751348e+03
1.333700362103944371e+03
1.278930610426993326e+03
1.242675172598736935e+03
1.297600186289011617e+03
1.353714558359860803e+03
1.326460708065992549e+03
1.298061860116737080e+03
1.314813423657609292e+03
1.333712180078996198e+03
1.278958675981122497e+03
1.242707877309097057e+03
1.297610350354918410e+03
1.353702747363068966e+03
1.326432659083989847e+03
1.298029174717832120e+03
1.314803265593367314e+03
1.333723984101627593e+03
1.278986708400766474e+03
1.242740543407934410e+03
1.297620502421025549e+03
1.353690950310468224e+03
1.326404643216914792e+03
1.297996527907657082e+03
1.314793119521845711e+03
1.333735774188306550e+03
1.279014707725040807e+03
1.242773170940831051e+03
1.297630642501497050e+03
1.353679167185593769e+03
1.326376660425669797e+03
1.297963919640652648e+03
1.314782985428884103e+03
1.333747550355485146e+03
1.279042673993017161e+03
1.242805759953317875e+03
1.297640770610482605e+03
1.353667397972001254e+03
1.326348710671204572e+03
1.297931349871313614e+03
1.314772863300340305e+03
1.333759312619596585e+03
1.279070607243721724e+03
1.242838310490871891e+03
1.297650886762115761e+03
1.353655642653267250e+03
1.326320793914515207e+03
1.297898818554188665e+03
1.314762753122088498e+03
1.333771060997054519e+03
1.279098507516135214e+03
1.242870822598916902e+03
1.297660990970513467e+03
1.353643901212986748e+03
1.326292910116644180e+03
1.297866325643881055e+03
1.314752654880020373e+03
1.333782795504253727e+03
1.279126374849191734e+03
1.242903296322823280e+03
1.297671083249775620e+03
1.353632173634774745e+03
1.326265059238679896e+03
1.297833871095047016e+03
1.314742568560043310e+03
1.333794516157569433e+03
1.279154209281780140e+03
1.242935731707907280e+03
1.297681163613986200e+03
1.353620459902265793e+03
1.326237241241756692e+03
1.297801454862396668e+03
1.314732494148082424e+03
1.333806222973357990e+03
1.279182010852742906e+03
1.242968128799432861e+03
1.297691232077212135e+03
1.353608759999113317e+03
1.326209456087055287e+03
1.297769076900693790e+03
1.314722431630078972e+03
1.333817915967955969e+03
1.279209779600877027e+03
1.243000487642609187e+03
1.297701288653503980e+03
1.353597073908990524e+03
1.326181703735801193e+03
1.297736737164754686e+03
1.314712380991990813e+03
1.333829595157680615e+03
1.279237515564933119e+03
1.243032808282593123e+03
1.297711333356895238e+03
1.353585401615589035e+03
1.326153984149266762e+03
1.297704435609450229e+03
1.314702342219792172e+03
1.333841260558830754e+03
1.279265218783616547e+03
1.243065090764487422e+03
1.297721366201403498e+03
1.353573743102620938e+03
1.326126297288769365e+03
1.297672172189703815e+03
1.314692315299474103e+03
1.333852912187684524e+03
1.279292889295586974e+03
1.243097335133342085e+03
1.297731387201029293e+03
1.353562098353816509e+03
1.326098643115672076e+03
1.297639946860491818e+03
1.314682300217044258e+03
1.333864550060502097e+03
1.279320527139458136e+03
1.243129541434153680e+03
1.297741396369757013e+03
1.353550467352925580e+03
1.326071021591384579e+03
1.297607759576844501e+03
1.314672296958526658e+03
1.333876174193523639e+03
1.279348132353798519e+03
1.243161709711865797e+03
1.297751393721554223e+03
1.353538850083717307e+03
1.326043432677360897e+03
1.297575610293844875e+03
1.314662305509962152e+03
1.333887784602971124e+03
1.279375704977130908e+03
1.243193840011368820e+03
1.297761379270372117e+03
1.353527246529980403e+03
1.326015876335100756e+03
1.297543498966628704e+03
1.314652325857407277e+03
1.333899381305046518e+03
1.279403245047932387e+03
1.243225932377500612e+03
1.297771353030145292e+03
1.353515656675521541e+03
1.325988352526150038e+03
1.297511425550385411e+03
1.314642357986935849e+03
1.333910964315932461e+03
1.279430752604634790e+03
1.243257986855045147e+03
1.297781315014792426e+03
1.353504080504167405e+03
1.325960861212099189e+03
1.297479390000356489e+03
1.314632401884637829e+03
1.333922533651793174e+03
1.279458227685624934e+03
1.243290003488734556e+03
1.297791265238214919e+03
1.353492517999763777e+03
1.325933402354584814e+03
1.297447392271836861e+03
1.314622457536619550e+03
1.333934089328773780e+03
1.279485670329243476e+03
1.243321982323247312e+03
1.297801203714298481e+03
1.353480969146175084e+03
1.325905975915287854e+03
1.297415432320174205e+03
1.314612524929003712e+03
1.333945631362999620e+03
1.279513080573786738e+03
1.243353923403209819e+03
1.297811130456911997e+03
1.353469433927285081e+03
1.325878581855935408e+03
1.297383510100768717e+03
1.314602604047929617e+03
1.333957159770577846e+03
1.279540458457505338e+03
1.243385826773195504e+03
1.297821045479907980e+03
1.353457912326996620e+03
1.325851220138299141e+03
1.297351625569072894e+03
1.314592694879552255e+03
1.333968674567596281e+03
1.279567804018604647e+03
1.243417692477724813e+03
1.297830948797123028e+03
1.353446404329231427e+03
1.325823890724196190e+03
1.297319778680592663e+03
1.314582797410044350e+03
1.333980175770123196e+03
1.279595117295245245e+03
1.243449520561266354e+03
1.297840840422377141e+03
1.353434909917930099e+03
1.325796593575488714e+03
1.297287969390885792e+03
1.314572911625593406e+03
1.333991663394209127e+03
1.279622398325542690e+03
1.243481311068235527e+03
1.297850720369473720e+03
1.353423429077052106e+03
1.325769328654084120e+03
1.297256197655563028e+03
1.314563037512404208e+03
1.334003137455884143e+03
1.279649647147567066e+03
1.243513064042996120e+03
1.297860588652200022e+03
1.353411961790576697e+03
1.325742095921933924e+03
1.297224463430287187e+03
1.314553175056697683e+03
1.334014597971160811e+03
1.279676863799343664e+03
1.243544779529858715e+03
1.297870445284327388e+03
1.353400508042500860e+03
1.325714895341035344e+03
1.297192766670773381e+03
1.314543324244710448e+03
1.334026044956031910e+03
1.279704048318853438e+03
1.243576457573081825e+03
1.297880290279610790e+03
1.353389067816841134e+03
1.325687726873430620e+03
1.297161107332789243e+03
1.314533485062696172e+03
1.334037478426471353e+03
1.279731200744031867e+03
1.243608098216872122e+03
1.297890123651788599e+03
1.353377641097632932e+03
1.325660590481205872e+03
1.297129485372154477e+03
1.314523657496924443e+03
1.334048898398434858e+03
1.279758321112769863e+03
1.243639701505383755e+03
1.297899945414583044e+03
1.353366227868930309e+03
1.325633486126492926e+03
1.297097900744740855e+03
1.314513841533680761e+03
1.334060304887858365e+03
1.279785409462913321e+03
1.243671267482718349e+03
1.297909755581700665e+03
1.353354828114806196e+03
1.325606413771468169e+03
1.297066353406472672e+03
1.314504037159267227e+03
1.334071697910660077e+03
1.279812465832264252e+03
1.243702796192926144e+03
1.297919554166830949e+03
1.353343441819352620e+03
1.325579373378352102e+03
1.297034843313325609e+03
1.314494244360001630e+03
1.334083077482738418e+03
1.279839490258579190e+03
1.243734287680004854e+03
1.297929341183647921e+03
1.353332068966679799e+03
1.325552364909410244e+03
1.297003370421328100e+03
1.314484463122218585e+03
1.334094443619973617e+03
1.279866482779570788e+03
1.243765741987901038e+03
1.297939116645809463e+03
1.353320709540917051e+03
1.325525388326952452e+03
1.296971934686559962e+03
1.314474693432268396e+03
1.334105796338226810e+03
1.279893443432906224e+03
1.243797159160508727e+03
1.297948880566956859e+03
1.353309363526212564e+03
1.325498443593333150e+03
1.296940536065152855e+03
1.314464935276517281e+03
1.334117135653340938e+03
1.279920372256209021e+03
1.243828539241670114e+03
1.297958632960715704e+03
1.353298030906733175e+03
1.325471530670951779e+03
1.296909174513290282e+03
1.314455188641348286e+03
1.334128461581139391e+03
1.279947269287058361e+03
1.243859882275175323e+03
1.297968373840695222e+03
1.353286711666664132e+03
1.325444649522251211e+03
1.296877849987207583e+03
1.314445453513159919e+03
1.334139774137427821e+03
1.279974134562988411e+03
1.243891188304763773e+03
1.297978103220488947e+03
1.353275405790209788e+03
1.325417800109719110e+03
1.296846562443191715e+03
1.314435729878366828e+03
1.334151073337992557e+03
1.280000968121489450e+03
1.243922457374122359e+03
1.297987821113673817e+03
1.353264113261592684e+03
1.325390982395887477e+03
1.296815311837581476e+03
1.314426017723399809e+03
1.334162359198601507e+03
1.280027770000007422e+03
1.243953689526886819e+03
1.297997527533811308e+03
1.353252834065054458e+03
1.325364196343332651e+03
1.296784098126766594e+03
1.314416317034706026e+03
1.334173631735004165e+03
1.280054540235944160e+03
1.243984884806641048e+03
1.298007222494446523e+03
1.353241568184854941e+03
1.325337441914674628e+03
1.296752921267189095e+03
1.314406627798747650e+03
1.334184890962930922e+03
1.280081278866656930e+03
1.244016043256918238e+03
1.298016906009108425e+03
1.353230315605272608e+03
1.325310719072578422e+03
1.296721781215341935e+03
1.314396950002003905e+03
1.334196136898094210e+03
1.280107985929459574e+03
1.244047164921199510e+03
1.298026578091310512e+03
1.353219076310605033e+03
1.325284027779752023e+03
1.296690677927769457e+03
1.314387283630969250e+03
1.334207369556187132e+03
1.280134661461621363e+03
1.244078249842914374e+03
1.298036238754550141e+03
1.353207850285167297e+03
1.325257367998948666e+03
1.296659611361067164e+03
1.314377628672154287e+03
1.334218588952885284e+03
1.280161305500367462e+03
1.244109298065441862e+03
1.298045888012308524e+03
1.353196637513294263e+03
1.325230739692964562e+03
1.296628581471882399e+03
1.314367985112086217e+03
1.334229795103845163e+03
1.280187918082879605e+03
1.244140309632109393e+03
1.298055525878050958e+03
1.353185437979338303e+03
1.325204142824640030e+03
1.296597588216912982e+03
1.314358352937307018e+03
1.334240988024704393e+03
1.280214499246295190e+03
1.244171284586193224e+03
1.298065152365227277e+03
1.353174251667670660e+03
1.325177577356859729e+03
1.296566631552908348e+03
1.314348732134375268e+03
1.334252167731083091e+03
1.280241049027708186e+03
1.244202222970918456e+03
1.298074767487270719e+03
1.353163078562680766e+03
1.325151043252551517e+03
1.296535711436668635e+03
1.314339122689865235e+03
1.334263334238582047e+03
1.280267567464168224e+03
1.244233124829459484e+03
1.298084371257599742e+03
1.353151918648776928e+03
1.325124540474687592e+03
1.296504827825045368e+03
1.314329524590367100e+03
1.334274487562784088e+03
1.280294054592681732e+03
1.244263990204939319e+03
1.298093963689615748e+03
1.353140771910385411e+03
1.325098068986283806e+03
1.296473980674940776e+03
1.314319937822486736e+03
1.334285627719253398e+03
1.280320510450210804e+03
1.244294819140430263e+03
1.298103544796704909e+03
1.353129638331951128e+03
1.325071628750399441e+03
1.296443169943307794e+03
1.314310362372846157e+03
1.334296754723536424e+03
1.280346935073675013e+03
1.244325611678953919e+03
1.298113114592237707e+03
1.353118517897937636e+03
1.325045219730136978e+03
1.296412395587150741e+03
1.314300798228082385e+03
1.334307868591160286e+03
1.280373328499948911e+03
1.244356367863480955e+03
1.298122673089568707e+03
1.353107410592826000e+03
1.325018841888643465e+03
1.296381657563524186e+03
1.314291245374849495e+03
1.334318969337634826e+03
1.280399690765864534e+03
1.244387087736931107e+03
1.298132220302036785e+03
1.353096316401116383e+03
1.324992495189108695e+03
1.296350955829533405e+03
1.314281703799816114e+03
1.334330056978450102e+03
1.280426021908210032e+03
1.244417771342173410e+03
1.298141756242964675e+03
1.353085235307326684e+03
1.324966179594766118e+03
1.296320290342334602e+03
1.314272173489667011e+03
1.334341131529079576e+03
1.280452321963730583e+03
1.244448418722026645e+03
1.298151280925659876e+03
1.353074167295993675e+03
1.324939895068892611e+03
1.296289661059134232e+03
1.314262654431102874e+03
1.334352193004977380e+03
1.280478590969127254e+03
1.244479029919259119e+03
1.298160794363413743e+03
1.353063112351672089e+03
1.324913641574808480e+03
1.296259067937189911e+03
1.314253146610840076e+03
1.334363241421579687e+03
1.280504828961058138e+03
1.244509604976588435e+03
1.298170296569502398e+03
1.353052070458934622e+03
1.324887419075877233e+03
1.296228510933809048e+03
1.314243650015610456e+03
1.334374276794304706e+03
1.280531035976138128e+03
1.244540143936681488e+03
1.298179787557186273e+03
1.353041041602372616e+03
1.324861227535505577e+03
1.296197990006349755e+03
1.314234164632161765e+03
1.334385299138551773e+03
1.280557212050938915e+03
1.244570646842155156e+03
1.298189267339709431e+03
1.353030025766595372e+03
1.324835066917143422e+03
1.296167505112220169e+03
1.314224690447256990e+03
1.334396308469702490e+03
1.280583357221988763e+03
1.244601113735575836e+03
1.298198735930301154e+03
1.353019022936230158e+03
1.324808937184284332e+03
1.296137056208879130e+03
1.314215227447675261e+03
1.334407304803120269e+03
1.280609471525772960e+03
1.244631544659459905e+03
1.298208193342174582e+03
1.353008033095922883e+03
1.324782838300464164e+03
1.296106643253835500e+03
1.314205775620210943e+03
1.334418288154150787e+03
1.280635554998734051e+03
1.244661939656273262e+03
1.298217639588527618e+03
1.352997056230337648e+03
1.324756770229262429e+03
1.296076266204648164e+03
1.314196334951673862e+03
1.334429258538120848e+03
1.280661607677270922e+03
1.244692298768431783e+03
1.298227074682542025e+03
1.352986092324155834e+03
1.324730732934301159e+03
1.296045925018926710e+03
1.314186905428890213e+03
1.334440215970339295e+03
1.280687629597739715e+03
1.244722622038301097e+03
1.298236498637384784e+03
1.352975141362077466e+03
1.324704726379246040e+03
1.296015619654330067e+03
1.314177487038700747e+03
1.334451160466097235e+03
1.280713620796454052e+03
1.244752909508197263e+03
1.298245911466206962e+03
1.352964203328820759e+03
1.324678750527805050e+03
1.295985350068567413e+03
1.314168079767962581e+03
1.334462092040668040e+03
1.280739581309684354e+03
1.244783161220386319e+03
1.298255313182143482e+03
1.352953278209122345e+03
1.324652805343728687e+03
1.295955116219398178e+03
1.314158683603547843e+03
1.334473010709306209e+03
1.280765511173657842e+03
1.244813377217083826e+03
1.298264703798314940e+03
1.352942365987735684e+03
1.324626890790811331e+03
1.295924918064631129e+03
1.314149298532344119e+03
1.334483916487248507e+03
1.280791410424559444e+03
1.244843557540455777e+03
1.298274083327825565e+03
1.352931466649432878e+03
1.324601006832889425e+03
1.295894755562124828e+03
1.314139924541254459e+03
1.334494809389714192e+03
1.280817279098531799e+03
1.244873702232618598e+03
1.298283451783764122e+03
1.352920580179004219e+03
1.324575153433842161e+03
1.295864628669788317e+03
1.314130561617198282e+03
1.334505689431903875e+03
1.280843117231674114e+03
1.244903811335639148e+03
1.298292809179204596e+03
1.352909706561257963e+03
1.324549330557591475e+03
1.295834537345579747e+03
1.314121209747108878e+03
1.334516556629000661e+03
1.280868924860042853e+03
1.244933884891534262e+03
1.298302155527205059e+03
1.352898845781019418e+03
1.324523538168101595e+03
1.295804481547506839e+03
1.314111868917936590e+03
1.334527410996169465e+03
1.280894702019652414e+03
1.244963922942270983e+03
1.298311490840808347e+03
1.352887997823133219e+03
1.324497776229379497e+03
1.295774461233627108e+03
1.314102539116645858e+03
1.334538252548557466e+03
1.280920448746474904e+03
1.244993925529767239e+03
1.298320815133041378e+03
1.352877162672460827e+03
1.324472044705474900e+03
1.295744476362047635e+03
1.314093220330217036e+03
1.334549081301294109e+03
1.280946165076439001e+03
1.245023892695891163e+03
1.298330128416916295e+03
1.352866340313881892e+03
1.324446343560479363e+03
1.295714526890924844e+03
1.314083912545646172e+03
1.334559897269490875e+03
1.280971851045432004e+03
1.245053824482462005e+03
1.298339430705430004e+03
1.352855530732294028e+03
1.324420672758527644e+03
1.295684612778464270e+03
1.314074615749944542e+03
1.334570700468241057e+03
1.280997506689298007e+03
1.245083720931248763e+03
1.298348722011563268e+03
1.352844733912612355e+03
1.324395032263796338e+03
1.295654733982921698e+03
1.314065329930137977e+03
1.334581490912620438e+03
1.281023132043839496e+03
1.245113582083971778e+03
1.298358002348282298e+03
1.352833949839770639e+03
1.324369422040504560e+03
1.295624890462601115e+03
1.314056055073268681e+03
1.334592268617687068e+03
1.281048727144816439e+03
1.245143407982301824e+03
1.298367271728537617e+03
1.352823178498719244e+03
1.324343842052913033e+03
1.295595082175856078e+03
1.314046791166393405e+03
1.334603033598481261e+03
1.281074292027946285e+03
1.245173198667860788e+03
1.298376530165264512e+03
1.352812419874427178e+03
1.324318292265325681e+03
1.295565309081089708e+03
1.314037538196584819e+03
1.334613785870025140e+03
1.281099826728904645e+03
1.245202954182221220e+03
1.298385777671383039e+03
1.352801673951880730e+03
1.324292772642087812e+03
1.295535571136754243e+03
1.314028296150930146e+03
1.334624525447323549e+03
1.281125331283325067e+03
1.245232674566906553e+03
1.298395014259798245e+03
1.352790940716083924e+03
1.324267283147587250e+03
1.295505868301350574e+03
1.314019065016532522e+03
1.334635252345363142e+03
1.281150805726798353e+03
1.245262359863391339e+03
1.298404239943399261e+03
1.352780220152058973e+03
1.324241823746253431e+03
1.295476200533428482e+03
1.314009844780509638e+03
1.334645966579113519e+03
1.281176250094874376e+03
1.245292010113100787e+03
1.298413454735060441e+03
1.352769512244845373e+03
1.324216394402558080e+03
1.295446567791587086e+03
1.314000635429994873e+03
1.334656668163526092e+03
1.281201664423060265e+03
1.245321625357411904e+03
1.298422658647641356e+03
1.352758816979500352e+03
1.324190995081015217e+03
1.295416970034474161e+03
1.313991436952136837e+03
1.334667357113535218e+03
1.281227048746821538e+03
1.245351205637652356e+03
1.298431851693985664e+03
1.352748134341098648e+03
1.324165625746180012e+03
1.295387407220786372e+03
1.313982249334099151e+03
1.334678033444056382e+03
1.281252403101581422e+03
1.245380750995100925e+03
1.298441033886922014e+03
1.352737464314732733e+03
1.324140286362649704e+03
1.295357879309269492e+03
1.313973072563060668e+03
1.334688697169988927e+03
1.281277727522721761e+03
1.245410261470987962e+03
1.298450205239264506e+03
1.352726806885512815e+03
1.324114976895063819e+03
1.295328386258717273e+03
1.313963906626215021e+03
1.334699348306214006e+03
1.281303022045582793e+03
1.245439737106494931e+03
1.298459365763811320e+03
1.352716162038566836e+03
1.324089697308103268e+03
1.295298928027972352e+03
1.313954751510771302e+03
1.334709986867594807e+03
1.281328286705462233e+03
1.245469177942754868e+03
1.298468515473345860e+03
1.352705529759039564e+03
1.324064447566490344e+03
1.295269504575926476e+03
1.313945607203954069e+03
1.334720612868977241e+03
1.281353521537617098e+03
1.245498584020851922e+03
1.298477654380636523e+03
1.352694910032094185e+03
1.324039227634989629e+03
1.295240115861519143e+03
1.313936473693001744e+03
1.334731226325190391e+03
1.281378726577262341e+03
1.245527955381821812e+03
1.298486782498436696e+03
1.352684302842910483e+03
1.324014037478406863e+03
1.295210761843739192e+03
1.313927350965169353e+03
1.334741827251044697e+03
1.281403901859570851e+03
1.245557292066652508e+03
1.298495899839484309e+03
1.352673708176686887e+03
1.323988877061589619e+03
1.295181442481622980e+03
1.313918239007726015e+03
1.334752415661333771e+03
1.281429047419674816e+03
1.245586594116282413e+03
1.298505006416502738e+03
1.352663126018638195e+03
1.323963746349426401e+03
1.295152157734255979e+03
1.313909137807955858e+03
1.334762991570833719e+03
1.281454163292664589e+03
1.245615861571602863e+03
1.298514102242199669e+03
1.352652556353997170e+03
1.323938645306848002e+03
1.295122907560771637e+03
1.313900047353158470e+03
1.334773554994302913e+03
1.281479249513588911e+03
1.245645094473455856e+03
1.298523187329268922e+03
1.352641999168014081e+03
1.323913573898825916e+03
1.295093691920351830e+03
1.313890967630648220e+03
1.334784105946482896e+03
1.281504306117455371e+03
1.245674292862635411e+03
1.298532261690387941e+03
1.352631454445956706e+03
1.323888532090373474e+03
1.295064510772225731e+03
1.313881898627754481e+03
1.334794644442096796e+03
1.281529333139230175e+03
1.245703456779888029e+03
1.298541325338220304e+03
1.352620922173109648e+03
1.323863519846545159e+03
1.295035364075672078e+03
1.313872840331821408e+03
1.334805170495851371e+03
1.281554330613838374e+03
1.245732586265911323e+03
1.298550378285414354e+03
1.352610402334775245e+03
1.323838537132436159e+03
1.295006251790016677e+03
1.313863792730208388e+03
1.334815684122435641e+03
1.281579298576163637e+03
1.245761681361355159e+03
1.298559420544602972e+03
1.352599894916273342e+03
1.323813583913184175e+03
1.294977173874633763e+03
1.313854755810289817e+03
1.334826185336521121e+03
1.281604237061048252e+03
1.245790742106821654e+03
1.298568452128404942e+03
1.352589399902940841e+03
1.323788660153966475e+03
1.294948130288945322e+03
1.313845729559454412e+03
1.334836674152762043e+03
1.281629146103293806e+03
1.245819768542864495e+03
1.298577473049423361e+03
1.352578917280132146e+03
1.323763765820002618e+03
1.294919120992421540e+03
1.313836713965105901e+03
1.334847150585795589e+03
1.281654025737660504e+03
1.245848760709989619e+03
1.298586483320246998e+03
1.352568447033218945e+03
1.323738900876553089e+03
1.294890145944579899e+03
1.313827709014663697e+03
1.334857614650241430e+03
1.281678875998867625e+03
1.245877718648655673e+03
1.298595482953449618e+03
1.352557989147589751e+03
1.323714065288918846e+03
1.294861205104986539e+03
1.313818714695561312e+03
1.334868066360702187e+03
1.281703696921593746e+03
1.245906642399273096e+03
1.298604471961589979e+03
1.352547543608651267e+03
1.323689259022442002e+03
1.294832298433254437e+03
1.313809730995246809e+03
1.334878505731762971e+03
1.281728488540475610e+03
1.245935532002204582e+03
1.298613450357212059e+03
1.352537110401826340e+03
1.323664482042505824e+03
1.294803425889045002e+03
1.313800757901184397e+03
1.334888932777991613e+03
1.281753250890110166e+03
1.245964387497764847e+03
1.298622418152845512e+03
1.352526689512556004e+03
1.323639734314534280e+03
1.294774587432066710e+03
1.313791795400851470e+03
1.334899347513939347e+03
1.281777984005052531e+03
1.245993208926221996e+03
1.298631375361004302e+03
1.352516280926297441e+03
1.323615015803992264e+03
1.294745783022075784e+03
1.313782843481741338e+03
1.334909749954139443e+03
1.281802687919817799e+03
1.246021996327795932e+03
1.298640321994188525e+03
1.352505884628526246e+03
1.323590326476385371e+03
1.294717012618875970e+03
1.313773902131361638e+03
1.334920140113108801e+03
1.281827362668879914e+03
1.246050749742658809e+03
1.298649258064882815e+03
1.352495500604734161e+03
1.323565666297259668e+03
1.294688276182318532e+03
1.313764971337234783e+03
1.334930518005346585e+03
1.281852008286672344e+03
1.246079469210935940e+03
1.298658183585557708e+03
1.352485128840430207e+03
1.323541035232202375e+03
1.294659573672302486e+03
1.313756051086897969e+03
1.334940883645334679e+03
1.281876624807587405e+03
1.246108154772705120e+03
1.298667098568668507e+03
1.352474769321141139e+03
1.323516433246841189e+03
1.294630905048773002e+03
1.313747141367902941e+03
1.334951237047538825e+03
1.281901212265977620e+03
1.246136806467996394e+03
1.298676003026655735e+03
1.352464422032410084e+03
1.323491860306844274e+03
1.294602270271723910e+03
1.313738242167816679e+03
1.334961578226406800e+03
1.281925770696154359e+03
1.246165424336793194e+03
1.298684896971945818e+03
1.352454086959797678e+03
1.323467316377920042e+03
1.294573669301195650e+03
1.313729353474220261e+03
1.334971907196369330e+03
1.281950300132388520e+03
1.246194008419031206e+03
1.298693780416949949e+03
1.352443764088881153e+03
1.323442801425818061e+03
1.294545102097275731e+03
1.313720475274709315e+03
1.334982223971840767e+03
1.281974800608910755e+03
1.246222558754599277e+03
1.298702653374064994e+03
1.352433453405255250e+03
1.323418315416328142e+03
1.294516568620098951e+03
1.313711607556894705e+03
1.334992528567218187e+03
1.281999272159911470e+03
1.246251075383339185e+03
1.298711515855673042e+03
1.352423154894531763e+03
1.323393858315279886e+03
1.294488068829847180e+03
1.313702750308401619e+03
1.335002820996881155e+03
1.282023714819539691e+03
1.246279558345045643e+03
1.298720367874141402e+03
1.352412868542339083e+03
1.323369430088543822e+03
1.294459602686749349e+03
1.313693903516869796e+03
1.335013101275192867e+03
1.282048128621905562e+03
1.246308007679465845e+03
1.298729209441823059e+03
1.352402594334322430e+03
1.323345030702030726e+03
1.294431170151081233e+03
1.313685067169953754e+03
1.335023369416499236e+03
1.282072513601078072e+03
1.246336423426301053e+03
1.298738040571056445e+03
1.352392332256144527e+03
1.323320660121691617e+03
1.294402771183165441e+03
1.313676241255322338e+03
1.335033625435129125e+03
1.282096869791086192e+03
1.246364805625205008e+03
1.298746861274165440e+03
1.352382082293484473e+03
1.323296318313517304e+03
1.294374405743371881e+03
1.313667425760658944e+03
1.335043869345394796e+03
1.282121197225918650e+03
1.246393154315784386e+03
1.298755671563458691e+03
1.352371844432038870e+03
1.323272005243539297e+03
1.294346073792116385e+03
1.313658620673661972e+03
1.335054101161591916e+03
1.282145495939524380e+03
1.246421469537599933e+03
1.298764471451231429e+03
1.352361618657520694e+03
1.323247720877828897e+03
1.294317775289862311e+03
1.313649825982043694e+03
1.335064320897998414e+03
1.282169765965811621e+03
1.246449751330164872e+03
1.298773260949763198e+03
1.352351404955660200e+03
1.323223465182497876e+03
1.294289510197119625e+03
1.313641041673531390e+03
1.335074528568875849e+03
1.282194007338649044e+03
1.246477999732946500e+03
1.298782040071320353e+03
1.352341203312204243e+03
1.323199238123697114e+03
1.294261278474444225e+03
1.313632267735866890e+03
1.335084724188469409e+03
1.282218220091865078e+03
1.246506214785364818e+03
1.298790808828153558e+03
1.352331013712916501e+03
1.323175039667618421e+03
1.294233080082439528e+03
1.313623504156805893e+03
1.335094907771006319e+03
1.282242404259248588e+03
1.246534396526793898e+03
1.298799567232499840e+03
1.352320836143577480e+03
1.323150869780492940e+03
1.294204914981754655e+03
1.313614750924119107e+03
1.335105079330698118e+03
1.282266559874548193e+03
1.246562544996560746e+03
1.298808315296581213e+03
1.352310670589984284e+03
1.323126728428591832e+03
1.294176783133085564e+03
1.313606008025591336e+03
1.335115238881739060e+03
1.282290686971472951e+03
1.246590660233946437e+03
1.298817053032605600e+03
1.352300517037951522e+03
1.323102615578226278e+03
1.294148684497174600e+03
1.313597275449021936e+03
1.335125386438306350e+03
1.282314785583691901e+03
1.246618742278185437e+03
1.298825780452766139e+03
1.352290375473309723e+03
1.323078531195747019e+03
1.294120619034810716e+03
1.313588553182225041e+03
1.335135522014561047e+03
1.282338855744834063e+03
1.246646791168465597e+03
1.298834497569242330e+03
1.352280245881906239e+03
1.323054475247544588e+03
1.294092586706828342e+03
1.313579841213028431e+03
1.335145645624647159e+03
1.282362897488489580e+03
1.246674806943929525e+03
1.298843204394198438e+03
1.352270128249605477e+03
1.323030447700049081e+03
1.294064587474108976e+03
1.313571139529274888e+03
1.335155757282691866e+03
1.282386910848208117e+03
1.246702789643672304e+03
1.298851900939784855e+03
1.352260022562288668e+03
1.323006448519730384e+03
1.294036621297580041e+03
1.313562448118821294e+03
1.335165857002806661e+03
1.282410895857500009e+03
1.246730739306743544e+03
1.298860587218137653e+03
1.352249928805853187e+03
1.322982477673097719e+03
1.294008688138215120e+03
1.313553766969538856e+03
1.335175944799084846e+03
1.282434852549836251e+03
1.246758655972147153e+03
1.298869263241378349e+03
1.352239846966213463e+03
1.322958535126700326e+03
1.293980787957033499e+03
1.313545096069313104e+03
1.335186020685603808e+03
1.282458780958647822e+03
1.246786539678840199e+03
1.298877929021614364e+03
1.352229777029299839e+03
1.322934620847126325e+03
1.293952920715100845e+03
1.313536435406043893e+03
1.335196084676424562e+03
1.282482681117326820e+03
1.246814390465733823e+03
1.298886584570938339e+03
1.352219718981060623e+03
1.322910734801003855e+03
1.293925086373528984e+03
1.313527784967645403e+03
1.335206136785591298e+03
1.282506553059225780e+03
1.246842208371694142e+03
1.298895229901429275e+03
1.352209672807459356e+03
1.322886876955000162e+03
1.293897284893475444e+03
1.313519144742046137e+03
1.335216177027131607e+03
1.282530396817657675e+03
1.246869993435540209e+03
1.298903865025151845e+03
1.352199638494477085e+03
1.322863047275822055e+03
1.293869516236143454e+03
1.313510514717188471e+03
1.335226205415056711e+03
1.282554212425896139e+03
1.246897745696046059e+03
1.298912489954155717e+03
1.352189616028111004e+03
1.322839245730215225e+03
1.293841780362781947e+03
1.313501894881029557e+03
1.335236221963360776e+03
1.282577999917175475e+03
1.246925465191939566e+03
1.298921104700477144e+03
1.352179605394374448e+03
1.322815472284964926e+03
1.293814077234686010e+03
1.313493285221540191e+03
1.335246226686021828e+03
1.282601759324690875e+03
1.246953151961902904e+03
1.298929709276137828e+03
1.352169606579298261e+03
1.322791726906895747e+03
1.293786406813196209e+03
1.313484685726705948e+03
1.335256219597001518e+03
1.282625490681598194e+03
1.246980806044572773e+03
1.298938303693145599e+03
1.352159619568928747e+03
1.322768009562870930e+03
1.293758769059698579e+03
1.313476096384526272e+03
1.335266200710245130e+03
1.282649194021014637e+03
1.247008427478539943e+03
1.298946887963493509e+03
1.352149644349329492e+03
1.322744320219793508e+03
1.293731163935625545e+03
1.313467517183014934e+03
1.335276170039680437e+03
1.282672869376017843e+03
1.247036016302349935e+03
1.298955462099161196e+03
1.352139680906579770e+03
1.322720658844604941e+03
1.293703591402453640e+03
1.313458948110199572e+03
1.335286127599219981e+03
1.282696516779646345e+03
1.247063572554502571e+03
1.298964026112113515e+03
1.352129729226776362e+03
1.322697025404286478e+03
1.293676051421706234e+03
1.313450389154122377e+03
1.335296073402759475e+03
1.282720136264900020e+03
1.247091096273452422e+03
1.298972580014301684e+03
1.352119789296031058e+03
1.322673419865857568e+03
1.293648543954951265e+03
1.313441840302839182e+03
1.335306007464178265e+03
1.282743727864739640e+03
1.247118587497608587e+03
1.298981123817662365e+03
1.352109861100473381e+03
1.322649842196377222e+03
1.293621068963802827e+03
1.313433301544420146e+03
1.335315929797338868e+03
1.282767291612086638e+03
1.247146046265334689e+03
1.298989657534118351e+03
1.352099944626248316e+03
1.322626292362942650e+03
1.293593626409919807e+03
1.313424772866949752e+03
1.335325840416087658e+03
1.282790827539824477e+03
1.247173472614949333e+03
1.298998181175578338e+03
1.352090039859517674e+03
1.322602770332690852e+03
1.293566216255005884e+03
1.313416254258526124e+03
1.335335739334255322e+03
1.282814335680796603e+03
1.247200866584724963e+03
1.299006694753936927e+03
1.352080146786459181e+03
1.322579276072796802e+03
1.293538838460811121e+03
1.313407745707261938e+03
1.335345626565655493e+03
1.282837816067809172e+03
1.247228228212890372e+03
1.299015198281075300e+03
1.352070265393267618e+03
1.322555809550474578e+03
1.293511492989129692e+03
1.313399247201283288e+03
1.335355502124085888e+03
1.282861268733628322e+03
1.247255557537627965e+03
1.299023691768859408e+03
1.352060395666153454e+03
1.322532370732976688e+03
1.293484179801801474e+03
1.313390758728730816e+03
1.335365366023327397e+03
1.282884693710982219e+03
1.247282854597075584e+03
1.299032175229141785e+03
1.352050537591343755e+03
1.322508959587594745e+03
1.293456898860711135e+03
1.313382280277758582e+03
1.335375218277145223e+03
1.282908091032559696e+03
1.247310119429326051e+03
1.299040648673761098e+03
1.352040691155081277e+03
1.322485576081658792e+03
1.293429650127788591e+03
1.313373811836535424e+03
1.335385058899287742e+03
1.282931460731011839e+03
1.247337352072427166e+03
1.299049112114542368e+03
1.352030856343625601e+03
1.322462220182537521e+03
1.293402433565008323e+03
1.313365353393243595e+03
1.335394887903487870e+03
1.282954802838950854e+03
1.247364552564381711e+03
1.299057565563295611e+03
1.352021033143252453e+03
1.322438891857637600e+03
1.293375249134390060e+03
1.313356904936079218e+03
1.335404705303461469e+03
1.282978117388950295e+03
1.247391720943147675e+03
1.299066009031817885e+03
1.352011221540253700e+03
1.322415591074404801e+03
1.293348096797998096e+03
1.313348466453252968e+03
1.335414511112908940e+03
1.283001404413545288e+03
1.247418857246638254e+03
1.299074442531892146e+03
1.352001421520936901e+03
1.322392317800323553e+03
1.293320976517941745e+03
1.313340037932988935e+03
1.335424305345513858e+03
1.283024663945232533e+03
1.247445961512721624e+03
1.299082866075286802e+03
1.351991633071626893e+03
1.322369072002915573e+03
1.293293888256375112e+03
1.313331619363524624e+03
1.335434088014944109e+03
1.283047896016470986e+03
1.247473033779221851e+03
1.299091279673757072e+03
1.351981856178663520e+03
1.322345853649742139e+03
1.293266831975496416e+03
1.313323210733112774e+03
1.335443859134851436e+03
1.283071100659680042e+03
1.247500074083917752e+03
1.299099683339043850e+03
1.351972090828403452e+03
1.322322662708402049e+03
1.293239807637549575e+03
1.313314812030019084e+03
1.335453618718871212e+03
1.283094277907242031e+03
1.247527082464544037e+03
1.299108077082874615e+03
1.351962337007219276e+03
1.322299499146532753e+03
1.293212815204821709e+03
1.313306423242523124e+03
1.335463366780622891e+03
1.283117427791500177e+03
1.247554058958790165e+03
1.299116460916962524e+03
1.351952594701499493e+03
1.322276362931809672e+03
1.293185854639645640e+03
1.313298044358918332e+03
1.335473103333709560e+03
1.283140550344760186e+03
1.247581003604301941e+03
1.299124834853007542e+03
1.351942863897648976e+03
1.322253254031946426e+03
1.293158925904398075e+03
1.313289675367512245e+03
1.335482828391718840e+03
1.283163645599289111e+03
1.247607916438680149e+03
1.299133198902694858e+03
1.351933144582088289e+03
1.322230172414694835e+03
1.293132028961500055e+03
1.313281316256626042e+03
1.335492541968221531e+03
1.283186713587316035e+03
1.247634797499481465e+03
1.299141553077696472e+03
1.351923436741254591e+03
1.322207118047844688e+03
1.293105163773417644e+03
1.313272967014594315e+03
1.335502244076773195e+03
1.283209754341032294e+03
1.247661646824217996e+03
1.299149897389670969e+03
1.351913740361600276e+03
1.322184090899223975e+03
1.293078330302660561e+03
1.313264627629766437e+03
1.335511934730912799e+03
1.283232767892591028e+03
1.247688464450357515e+03
1.299158231850262382e+03
1.351904055429594564e+03
1.322161090936698656e+03
1.293051528511782635e+03
1.313256298090504060e+03
1.335521613944163391e+03
1.283255754274107403e+03
1.247715250415323908e+03
1.299166556471101103e+03
1.351894381931721909e+03
1.322138118128172209e+03
1.293024758363382716e+03
1.313247978385184069e+03
1.335531281730032561e+03
1.283278713517658161e+03
1.247742004756496499e+03
1.299174871263804562e+03
1.351884719854483137e+03
1.322115172441586765e+03
1.292998019820103309e+03
1.313239668502196082e+03
1.335540938102011523e+03
1.283301645655283437e+03
1.247768727511211182e+03
1.299183176239975865e+03
1.351875069184394988e+03
1.322092253844921743e+03
1.292971312844631029e+03
1.313231368429944041e+03
1.335550583073575581e+03
1.283324550718984483e+03
1.247795418716758604e+03
1.299191471411204475e+03
1.351865429907990119e+03
1.322069362306194307e+03
1.292944637399696148e+03
1.313223078156844849e+03
1.335560216658184117e+03
1.283347428740724808e+03
1.247822078410386439e+03
1.299199756789065987e+03
1.351855802011817104e+03
1.322046497793459594e+03
1.292917993448073958e+03
1.313214797671329961e+03
1.335569838869280829e+03
1.283370279752430406e+03
1.247848706629298022e+03
1.299208032385122806e+03
1.351846185482439978e+03
1.322023660274810481e+03
1.292891380952582949e+03
1.313206526961844020e+03
1.335579449720293269e+03
1.283393103785990206e+03
1.247875303410652577e+03
1.299216298210923469e+03
1.351836580306439373e+03
1.322000849718377594e+03
1.292864799876085726e+03
1.313198266016845082e+03
1.335589049224633300e+03
1.283415900873254259e+03
1.247901868791565448e+03
1.299224554278002870e+03
1.351826986470410930e+03
1.321978066092328845e+03
1.292838250181488547e+03
1.313190014824805303e+03
1.335598637395696869e+03
1.283438671046036006e+03
1.247928402809108775e+03
1.299232800597881806e+03
1.351817403960966885e+03
1.321955309364870345e+03
1.292811731831741781e+03
1.313181773374210024e+03
1.335608214246864236e+03
1.283461414336110920e+03
1.247954905500310360e+03
1.299241037182068339e+03
1.351807832764734940e+03
1.321932579504244814e+03
1.292785244789839453e+03
1.313173541653558459e+03
1.335617779791499970e+03
1.283484130775216727e+03
1.247981376902154352e+03
1.299249264042056666e+03
1.351798272868358481e+03
1.321909876478733167e+03
1.292758789018818788e+03
1.313165319651363461e+03
1.335627334042952498e+03
1.283506820395054547e+03
1.248007817051581242e+03
1.299257481189326882e+03
1.351788724258496813e+03
1.321887200256654069e+03
1.292732364481761579e+03
1.313157107356151300e+03
1.335636877014554557e+03
1.283529483227286846e+03
1.248034225985487865e+03
1.299265688635346123e+03
1.351779186921824930e+03
1.321864550806362104e+03
1.292705971141792133e+03
1.313148904756461661e+03
1.335646408719623423e+03
1.283552119303539712e+03
1.248060603740727856e+03
1.299273886391567657e+03
1.351769660845033741e+03
1.321841928096251195e+03
1.292679608962079328e+03
1.313140711840848098e+03
1.335655929171460230e+03
1.283574728655401486e+03
1.248086950354110968e+03
1.299282074469431564e+03
1.351760146014829616e+03
1.321819332094750962e+03
1.292653277905834557e+03
1.313132528597877354e+03
1.335665438383351102e+03
1.283597311314423223e+03
1.248113265862403296e+03
1.299290252880364051e+03
1.351750642417934614e+03
1.321796762770329224e+03
1.292626977936313551e+03
1.313124355016129812e+03
1.335674936368565795e+03
1.283619867312118913e+03
1.248139550302328416e+03
1.299298421635778141e+03
1.351741150041086485e+03
1.321774220091490633e+03
1.292600709016814790e+03
1.313116191084199500e+03
1.335684423140358604e+03
1.283642396679964804e+03
1.248165803710565569e+03
1.299306580747073212e+03
1.351731668871039119e+03
1.321751704026777134e+03
1.292574471110680179e+03
1.313108036790693404e+03
1.335693898711968359e+03
1.283664899449400764e+03
1.248192026123751248e+03
1.299314730225635003e+03
1.351722198894561416e+03
1.321729214544767729e+03
1.292548264181295281e+03
1.313099892124232611e+03
1.335703363096617977e+03
1.283687375651829143e+03
1.248218217578478288e+03
1.299322870082836289e+03
1.351712740098438189e+03
1.321706751614078939e+03
1.292522088192088404e+03
1.313091757073450935e+03
1.335712816307515141e+03
1.283709825318615003e+03
1.248244378111297010e+03
1.299331000330035977e+03
1.351703292469469716e+03
1.321684315203363894e+03
1.292495943106531286e+03
1.313083631626996521e+03
1.335722258357851388e+03
1.283732248481087026e+03
1.248270507758713848e+03
1.299339120978579786e+03
1.351693855994471960e+03
1.321661905281312329e+03
1.292469828888138636e+03
1.313075515773530014e+03
1.335731689260803023e+03
1.283754645170535923e+03
1.248296606557192263e+03
1.299347232039800019e+03
1.351684430660276348e+03
1.321639521816652177e+03
1.292443745500468822e+03
1.313067409501726161e+03
1.335741109029530890e+03
1.283777015418216251e+03
1.248322674543153198e+03
1.299355333525015567e+03
1.351675016453729995e+03
1.321617164778147071e+03
1.292417692907122046e+03
1.313059312800272437e+03
1.335750517677180142e+03
1.283799359255345507e+03
1.248348711752974168e+03
1.299363425445532130e+03
1.351665613361695478e+03
1.321594834134598159e+03
1.292391671071743076e+03
1.313051225657870191e+03
1.335759915216880245e+03
1.283821676713104580e+03
1.248374718222989713e+03
1.299371507812641539e+03
1.351656221371050833e+03
1.321572529854843197e+03
1.292365679958018063e+03
1.313043148063233957e+03
1.335769301661745658e+03
1.283843967822636614e+03
1.248400693989491856e+03
1.299379580637623121e+03
1.351646840468689788e+03
1.321550251907757001e+03
1.292339719529677041e+03
1.313035080005091231e+03
1.335778677024875151e+03
1.283866232615049057e+03
1.248426639088728962e+03
1.299387643931741877e+03
1.351637470641521531e+03
1.321528000262250998e+03
1.292313789750492333e+03
1.313027021472183378e+03
1.335788041319351578e+03
1.283888471121412067e+03
1.248452553556907787e+03
1.299395697706250303e+03
1.351628111876470257e+03
1.321505774887272992e+03
1.292287890584279239e+03
1.313018972453264723e+03
1.335797394558243013e+03
1.283910683372759195e+03
1.248478437430190979e+03
1.299403741972387252e+03
1.351618764160475848e+03
1.321483575751807848e+03
1.292262021994895804e+03
1.313010932937103007e+03
1.335806736754601616e+03
1.283932869400087156e+03
1.248504290744699574e+03
1.299411776741378617e+03
1.351609427480493878e+03
1.321461402824876814e+03
1.292236183946242591e+03
1.313002902912478930e+03
1.335816067921464082e+03
1.283955029234356743e+03
1.248530113536511635e+03
1.299419802024436649e+03
1.351600101823495152e+03
1.321439256075537969e+03
1.292210376402262909e+03
1.312994882368187064e+03
1.335825388071852558e+03
1.283977162906491458e+03
1.248555905841662479e+03
1.299427817832760866e+03
1.351590787176465710e+03
1.321417135472885548e+03
1.292184599326942816e+03
1.312986871293034710e+03
1.335834697218772590e+03
1.283999270447378649e+03
1.248581667696144905e+03
1.299435824177536688e+03
1.351581483526407055e+03
1.321395040986050844e+03
1.292158852684310659e+03
1.312978869675842361e+03
1.335843995375215627e+03
1.284021351887869059e+03
1.248607399135909418e+03
1.299443821069937258e+03
1.351572190860336150e+03
1.321372972584200852e+03
1.292133136438437077e+03
1.312970877505443923e+03
1.335853282554156522e+03
1.284043407258777506e+03
1.248633100196863779e+03
1.299451808521121848e+03
1.351562909165284964e+03
1.321350930236539853e+03
1.292107450553435456e+03
1.312962894770686262e+03
1.335862558768555573e+03
1.284065436590881518e+03
1.248658770914873912e+03
1.299459786542236998e+03
1.351553638428301156e+03
1.321328913912307598e+03
1.292081794993461472e+03
1.312954921460429887e+03
1.335871824031357846e+03
1.284087439914923152e+03
1.248684411325762539e+03
1.299467755144416287e+03
1.351544378636447618e+03
1.321306923580780676e+03
1.292056169722712866e+03
1.312946957563547812e+03
1.335881078355492946e+03
1.284109417261607405e+03
1.248710021465310774e+03
1.299475714338779426e+03
1.351535129776802250e+03
1.321284959211271598e+03
1.292030574705429899e+03
1.312939003068926468e+03
1.335890321753875014e+03
1.284131368661603574e+03
1.248735601369257211e+03
1.299483664136433617e+03
1.351525891836458413e+03
1.321263020773129711e+03
1.292005009905895349e+03
1.312931057965466152e+03
1.335899554239402960e+03
1.284153294145544805e+03
1.248761151073298606e+03
1.299491604548472424e+03
1.351516664802524701e+03
1.321241108235739830e+03
1.291979475288433605e+03
1.312923122242078762e+03
1.335908775824961140e+03
1.284175193744027638e+03
1.248786670613089200e+03
1.299499535585976901e+03
1.351507448662124943e+03
1.321219221568523608e+03
1.291953970817411346e+03
1.312915195887690288e+03
1.335917986523417767e+03
1.284197067487612912e+03
1.248812160024240711e+03
1.299507457260014689e+03
1.351498243402398202e+03
1.321197360740938166e+03
1.291928496457237316e+03
1.312907278891239685e+03
1.335927186347626503e+03
1.284218915406825090e+03
1.248837619342324160e+03
1.299515369581640016e+03
1.351489049010498320e+03
1.321175525722477005e+03
1.291903052172362550e+03
1.312899371241679091e+03
1.335936375310425319e+03
1.284240737532152707e+03
1.248863048602867138e+03
1.299523272561894828e+03
1.351479865473594828e+03
1.321153716482669779e+03
1.291877637927279693e+03
1.312891472927972927e+03
1.335945553424637410e+03
1.284262533894048374e+03
1.248888447841356083e+03
1.299531166211807431e+03
1.351470692778872262e+03
1.321131932991081840e+03
1.291852253686523454e+03
1.312883583939099708e+03
1.335954720703070734e+03
1.284284304522928323e+03
1.248913817093235593e+03
1.299539050542393625e+03
1.351461530913529941e+03
1.321110175217314463e+03
1.291826899414670379e+03
1.312875704264050000e+03
1.335963877158518244e+03
1.284306049449173770e+03
1.248939156393907524e+03
1.299546925564655567e+03
1.351452379864782870e+03
1.321088443131005079e+03
1.291801575076339077e+03
1.312867833891828241e+03
1.335973022803757431e+03
1.284327768703129095e+03
1.248964465778733484e+03
1.299554791289583136e+03
1.351443239619860833e+03
1.321066736701826585e+03
1.291776280636189540e+03
1.312859972811451144e+03
1.335982157651551233e+03
1.284349462315103438e+03
1.248989745283031652e+03
1.299562647728152569e+03
1.351434110166008395e+03
1.321045055899488034e+03
1.291751016058923369e+03
1.312852121011948839e+03
1.335991281714646902e+03
1.284371130315369783e+03
1.249014994942079738e+03
1.299570494891327598e+03
1.351424991490485809e+03
1.321023400693734175e+03
1.291725781309284685e+03
1.312844278482363961e+03
1.336000395005777136e+03
1.284392772734165874e+03
1.249040214791112930e+03
1.299578332790058539e+03
1.351415883580568334e+03
1.321001771054345227e+03
1.291700576352058079e+03
1.312836445211752334e+03
1.336009497537659627e+03
1.284414389601693529e+03
1.249065404865325718e+03
1.299586161435283429e+03
1.351406786423545327e+03
1.320980166951137562e+03
1.291675401152070890e+03
1.312828621189182968e+03
1.336018589322996604e+03
1.284435980948118640e+03
1.249090565199870298e+03
1.299593980837926665e+03
1.351397700006722289e+03
1.320958588353962568e+03
1.291650255674191158e+03
1.312820806403737606e+03
1.336027670374475747e+03
1.284457546803571859e+03
1.249115695829857941e+03
1.299601791008900591e+03
1.351388624317419044e+03
1.320937035232707785e+03
1.291625139883328529e+03
1.312813000844510270e+03
1.336036740704769272e+03
1.284479087198147681e+03
1.249140796790357626e+03
1.299609591959104137e+03
1.351379559342970879e+03
1.320915507557295996e+03
1.291600053744434263e+03
1.312805204500609079e+03
1.336045800326535073e+03
1.284500602161905817e+03
1.249165868116397860e+03
1.299617383699423272e+03
1.351370505070727177e+03
1.320894005297685453e+03
1.291574997222501224e+03
1.312797417361153748e+03
1.336054849252415352e+03
1.284522091724870052e+03
1.249190909842965539e+03
1.299625166240731460e+03
1.351361461488053010e+03
1.320872528423870108e+03
1.291549970282562981e+03
1.312789639415277861e+03
1.336063887495037989e+03
1.284543555917029153e+03
1.249215922005005723e+03
1.299632939593888977e+03
1.351352428582328457e+03
1.320851076905879154e+03
1.291524972889694709e+03
1.312781870652127054e+03
1.336072915067015856e+03
1.284564994768335509e+03
1.249240904637423000e+03
1.299640703769743368e+03
1.351343406340947695e+03
1.320829650713777482e+03
1.291500005009012966e+03
1.312774111060859923e+03
1.336081931980946820e+03
1.284586408308707632e+03
1.249265857775079894e+03
1.299648458779129669e+03
1.351334394751320815e+03
1.320808249817664773e+03
1.291475066605675465e+03
1.312766360630648705e+03
1.336090938249413739e+03
1.284607796568027197e+03
1.249290781452798456e+03
1.299656204632869958e+03
1.351325393800872007e+03
1.320786874187676403e+03
1.291450157644880619e+03
1.312758619350677463e+03
1.336099933884984921e+03
1.284629159576141319e+03
1.249315675705359354e+03
1.299663941341773352e+03
1.351316403477040467e+03
1.320765523793982993e+03
1.291425278091868449e+03
1.312750887210142992e+03
1.336108918900213439e+03
1.284650497362862325e+03
1.249340540567502330e+03
1.299671668916636236e+03
1.351307423767280397e+03
1.320744198606790178e+03
1.291400427911919678e+03
1.312743164198255499e+03
1.336117893307638042e+03
1.284671809957966616e+03
1.249365376073926200e+03
1.299679387368242715e+03
1.351298454659060553e+03
1.320722898596339064e+03
1.291375607070356409e+03
1.312735450304237702e+03
1.336126857119782017e+03
1.284693097391195579e+03
1.249390182259288395e+03
1.299687096707363253e+03
1.351289496139864696e+03
1.320701623732905773e+03
1.291350815532541219e+03
1.312727745517324593e+03
1.336135810349154781e+03
1.284714359692255584e+03
1.249414959158205420e+03
1.299694796944756717e+03
1.351280548197191592e+03
1.320680373986801214e+03
1.291326053263878066e+03
1.312720049826764352e+03
1.336144753008250063e+03
1.284735596890818215e+03
1.249439706805253763e+03
1.299702488091168107e+03
1.351271610818554109e+03
1.320659149328371996e+03
1.291301320229810926e+03
1.312712363221817895e+03
1.336153685109547496e+03
1.284756809016519583e+03
1.249464425234968076e+03
1.299710170157330822e+03
1.351262683991480571e+03
1.320637949727998830e+03
1.291276616395825840e+03
1.312704685691758641e+03
1.336162606665511703e+03
1.284777996098960784e+03
1.249489114481842762e+03
1.299717843153965077e+03
1.351253767703513404e+03
1.320616775156098129e+03
1.291251941727448411e+03
1.312697017225872742e+03
1.336171517688592530e+03
1.284799158167708129e+03
1.249513774580331301e+03
1.299725507091778354e+03
1.351244861942210264e+03
1.320595625583121091e+03
1.291227296190245397e+03
1.312689357813458855e+03
1.336180418191225272e+03
1.284820295252293363e+03
1.249538405564846698e+03
1.299733161981465628e+03
1.351235966695143134e+03
1.320574500979553477e+03
1.291202679749824483e+03
1.312681707443828145e+03
1.336189308185830441e+03
1.284841407382212992e+03
1.249563007469761260e+03
1.299740807833709141e+03
1.351227081949898775e+03
1.320553401315916744e+03
1.291178092371833600e+03
1.312674066106304736e+03
1.336198187684813774e+03
1.284862494586928506e+03
1.249587580329406592e+03
1.299748444659178631e+03
1.351218207694078501e+03
1.320532326562765775e+03
1.291153534021961377e+03
1.312666433790225256e+03
1.336207056700566682e+03
1.284883556895867059e+03
1.249612124178073827e+03
1.299756072468530874e+03
1.351209343915298632e+03
1.320511276690691375e+03
1.291129004665936463e+03
1.312658810484938840e+03
1.336215915245465794e+03
1.284904594338421020e+03
1.249636639050013628e+03
1.299763691272411052e+03
1.351200490601189586e+03
1.320490251670318912e+03
1.291104504269529116e+03
1.312651196179807584e+03
1.336224763331872964e+03
1.284925606943947741e+03
1.249661124979436181e+03
1.299771301081450474e+03
1.351191647739397013e+03
1.320469251472307860e+03
1.291080032798548700e+03
1.312643590864205180e+03
1.336233600972135946e+03
1.284946594741769786e+03
1.249685582000511204e+03
1.299778901906268857e+03
1.351182815317580662e+03
1.320448276067352481e+03
1.291055590218845964e+03
1.312635994527518960e+03
1.336242428178587261e+03
1.284967557761175613e+03
1.249710010147368621e+03
1.299786493757472954e+03
1.351173993323415061e+03
1.320427325426182279e+03
1.291031176496311446e+03
1.312628407159147855e+03
1.336251244963545105e+03
1.284988496031419345e+03
1.249734409454097431e+03
1.299794076645657469e+03
1.351165181744588835e+03
1.320406399519560637e+03
1.291006791596875928e+03
1.312620828748504664e+03
1.336260051339313577e+03
1.285009409581719410e+03
1.249758779954746615e+03
1.299801650581403692e+03
1.351156380568806071e+03
1.320385498318285954e+03
1.290982435486510894e+03
1.312613259285012873e+03
1.336268847318181315e+03
1.285030298441261039e+03
1.249783121683324680e+03
1.299809215575281314e+03
1.351147589783784497e+03
1.320364621793190508e+03
1.290958108131227391e+03
1.312605698758109838e+03
1.336277632912423542e+03
1.285051162639193763e+03
1.249807434673800799e+03
1.299816771637847069e+03
1.351138809377256393e+03
1.320343769915141365e+03
1.290933809497076936e+03
1.312598147157244739e+03
1.336286408134300245e+03
1.285072002204633691e+03
1.249831718960102990e+03
1.299824318779645637e+03
1.351130039336969730e+03
1.320322942655040151e+03
1.290909539550150839e+03
1.312590604471879715e+03
1.336295172996057545e+03
1.285092817166662144e+03
1.249855974576119934e+03
1.299831857011208740e+03
1.351121279650684983e+03
1.320302139983822372e+03
1.290885298256581109e+03
1.312583070691488956e+03
1.336303927509925870e+03
1.285113607554326336e+03
1.249880201555699841e+03
1.299839386343055821e+03
1.351112530306178542e+03
1.320281361872458547e+03
1.290861085582539090e+03
1.312575545805558704e+03
1.336312671688122464e+03
1.285134373396638694e+03
1.249904399932651586e+03
1.299846906785694046e+03
1.351103791291240896e+03
1.320260608291952622e+03
1.290836901494236145e+03
1.312568029803588615e+03
1.336321405542849789e+03
1.285155114722578219e+03
1.249928569740743114e+03
1.299854418349618072e+03
1.351095062593676630e+03
1.320239879213343556e+03
1.290812745957923426e+03
1.312560522675090169e+03
1.336330129086295983e+03
1.285175831561088899e+03
1.249952711013703492e+03
1.299861921045310282e+03
1.351086344201305337e+03
1.320219174607704190e+03
1.290788618939892558e+03
1.312553024409586669e+03
1.336338842330634407e+03
1.285196523941080841e+03
1.249976823785221768e+03
1.299869414883240552e+03
1.351077636101960252e+03
1.320198494446141240e+03
1.290764520406474503e+03
1.312545534996614833e+03
1.336347545288024548e+03
1.285217191891430048e+03
1.250000908088946971e+03
1.299876899873866705e+03
1.351068938283488933e+03
1.320177838699795529e+03
1.290740450324040012e+03
1.312538054425723431e+03
1.336356237970610891e+03
1.285237835440978188e+03
1.250024963958488343e+03
1.299884376027633607e+03
1.351060250733754401e+03
1.320157207339842671e+03
1.290716408658999399e+03
1.312530582686473053e+03
1.336364920390524276e+03
1.285258454618533278e+03
1.250048991427415558e+03
1.299891843354974299e+03
1.351051573440633092e+03
1.320136600337491700e+03
1.290692395377802768e+03
1.312523119768437027e+03
1.336373592559880763e+03
1.285279049452869458e+03
1.250072990529258504e+03
1.299899301866309315e+03
1.351042906392015766e+03
1.320116017663985531e+03
1.290668410446940015e+03
1.312515665661200956e+03
1.336382254490782543e+03
1.285299619972726077e+03
1.250096961297508187e+03
1.299906751572046915e+03
1.351034249575807962e+03
1.320095459290601639e+03
1.290644453832940599e+03
1.312508220354362948e+03
1.336390906195317029e+03
1.285320166206809517e+03
1.250120903765615367e+03
1.299914192482583076e+03
1.351025602979928863e+03
1.320074925188650923e+03
1.290620525502373084e+03
1.312500783837532936e+03
1.336399547685557536e+03
1.285340688183791599e+03
1.250144817966991241e+03
1.299921624608301727e+03
1.351016966592312201e+03
1.320054415329477933e+03
1.290596625421845829e+03
1.312493356100333131e+03
1.336408178973563281e+03
1.285361185932310491e+03
1.250168703935008125e+03
1.299929047959573836e+03
1.351008340400906263e+03
1.320033929684462009e+03
1.290572753558006525e+03
1.312485937132398476e+03
1.336416800071379157e+03
1.285381659480970484e+03
1.250192561702998546e+03
1.299936462546759003e+03
1.350999724393672977e+03
1.320013468225015004e+03
1.290548909877542201e+03
1.312478526923375966e+03
1.336425410991035506e+03
1.285402108858342444e+03
1.250216391304255239e+03
1.299943868380204322e+03
1.350991118558589278e+03
1.319993030922583557e+03
1.290525094347179447e+03
1.312471125462924647e+03
1.336434011744549252e+03
1.285422534092963133e+03
1.250240192772032970e+03
1.299951265470244152e+03
1.350982522883645288e+03
1.319972617748647735e+03
1.290501306933683509e+03
1.312463732740715841e+03
1.336442602343922317e+03
1.285442935213335659e+03
1.250263966139545801e+03
1.299958653827201033e+03
1.350973937356846136e+03
1.319952228674720800e+03
1.290477547603859875e+03
1.312456348746433150e+03
1.336451182801142750e+03
1.285463312247929707e+03
1.250287711439969371e+03
1.299966033461385678e+03
1.350965361966210821e+03
1.319931863672350573e+03
1.290453816324552008e+03
1.312448973469772000e+03
1.336459753128184957e+03
1.285483665225181312e+03
1.250311428706440211e+03
1.299973404383096067e+03
1.350956796699772440e+03
1.319911522713117620e+03
1.290430113062644068e+03
1.312441606900440547e+03
1.336468313337008112e+03
1.285503994173492401e+03
1.250335117972055286e+03
1.299980766602618132e+03
1.350948241545577957e+03
1.319891205768636155e+03
1.290406437785057506e+03
1.312434249028158774e+03
1.336476863439558201e+03
1.285524299121232161e+03
1.250358779269872684e+03
1.299988120130226207e+03
1.350939696491689347e+03
1.319870912810554273e+03
1.290382790458754243e+03
1.312426899842658941e+03
1.336485403447766657e+03
1.285544580096735672e+03
1.250382412632911610e+03
1.299995464976181893e+03
1.350931161526181540e+03
1.319850643810553493e+03
1.290359171050734631e+03
1.312419559333685356e+03
1.336493933373551044e+03
1.285564837128304816e+03
1.250406018094151932e+03
1.300002801150734513e+03
1.350922636637144251e+03
1.319830398740348528e+03
1.290335579528037897e+03
1.312412227490994155e+03
1.336502453228815057e+03
1.285585070244208509e+03
1.250429595686535322e+03
1.300010128664121794e+03
1.350914121812681515e+03
1.319810177571687746e+03
1.290312015857742608e+03
1.312404904304354204e+03
1.336510963025447381e+03
1.285605279472681332e+03
1.250453145442963432e+03
1.300017447526569413e+03
1.350905617040910329e+03
1.319789980276352480e+03
1.290288480006965983e+03
1.312397589763545739e+03
1.336519462775324200e+03
1.285625464841925350e+03
1.250476667396299945e+03
1.300024757748290540e+03
1.350897122309962697e+03
1.319769806826157719e+03
1.290264971942863440e+03
1.312390283858361499e+03
1.336527952490306234e+03
1.285645626380108524e+03
1.250500161579369433e+03
1.300032059339486523e+03
1.350888637607984265e+03
1.319749657192951645e+03
1.290241491632630186e+03
1.312382986578606506e+03
1.336536432182241015e+03
1.285665764115366528e+03
1.250523628024958043e+03
1.300039352310346885e+03
1.350880162923135003e+03
1.319729531348615865e+03
1.290218039043499630e+03
1.312375697914096918e+03
1.336544901862961751e+03
1.285685878075801384e+03
1.250547066765812588e+03
1.300046636671048645e+03
1.350871698243588071e+03
1.319709429265064728e+03
1.290194614142743831e+03
1.312368417854661857e+03
1.336553361544287782e+03
1.285705968289481689e+03
1.250570477834641679e+03
1.300053912431756771e+03
1.350863243557531632e+03
1.319689350914246006e+03
1.290171216897673730e+03
1.312361146390141812e+03
1.336561811238024802e+03
1.285726034784443073e+03
1.250593861264115276e+03
1.300061179602625089e+03
1.350854798853166812e+03
1.319669296268140897e+03
1.290147847275638696e+03
1.312353883510389778e+03
1.336570250955963502e+03
1.285746077588688422e+03
1.250617217086864457e+03
1.300068438193794464e+03
1.350846364118709289e+03
1.319649265298763112e+03
1.290124505244026750e+03
1.312346629205270574e+03
1.336578680709882065e+03
1.285766096730186746e+03
1.250640545335482557e+03
1.300075688215394393e+03
1.350837939342388609e+03
1.319629257978159785e+03
1.290101190770264338e+03
1.312339383464660614e+03
1.336587100511544122e+03
1.285786092236874993e+03
1.250663846042523346e+03
1.300082929677541870e+03
1.350829524512447733e+03
1.319609274278410794e+03
1.290077903821816335e+03
1.312332146278448590e+03
1.336595510372699209e+03
1.285806064136656687e+03
1.250687119240502625e+03
1.300090162590342970e+03
1.350821119617144404e+03
1.319589314171629212e+03
1.290054644366185812e+03
1.312324917636535474e+03
1.336603910305083218e+03
1.285826012457401930e+03
1.250710364961898449e+03
1.300097386963890358e+03
1.350812724644749323e+03
1.319569377629960854e+03
1.290031412370914950e+03
1.312317697528833150e+03
1.336612300320418171e+03
1.285845937226948763e+03
1.250733583239149766e+03
1.300104602808265781e+03
1.350804339583547517e+03
1.319549464625584278e+03
1.290008207803583218e+03
1.312310485945266237e+03
1.336620680430412449e+03
1.285865838473101803e+03
1.250756774104657097e+03
1.300111810133539393e+03
1.350795964421837652e+03
1.319529575130711692e+03
1.289985030631809423e+03
1.312303282875771629e+03
1.336629050646759879e+03
1.285885716223633153e+03
1.250779937590783220e+03
1.300119008949768386e+03
1.350787599147932269e+03
1.319509709117586908e+03
1.289961880823249885e+03
1.312296088310296909e+03
1.336637410981141784e+03
1.285905570506281947e+03
1.250803073729852713e+03
1.300126199266998583e+03
1.350779243750158003e+03
1.319489866558487392e+03
1.289938758345599126e+03
1.312288902238802166e+03
1.336645761445224252e+03
1.285925401348754349e+03
1.250826182554151501e+03
1.300133381095264440e+03
1.350770898216854675e+03
1.319470047425723124e+03
1.289915663166589866e+03
1.312281724651259765e+03
1.336654102050660413e+03
1.285945208778724464e+03
1.250849264095927992e+03
1.300140554444587906e+03
1.350762562536375981e+03
1.319450251691636822e+03
1.289892595253993477e+03
1.312274555537652986e+03
1.336662432809089523e+03
1.285964992823833427e+03
1.250872318387391942e+03
1.300147719324979107e+03
1.350754236697089937e+03
1.319430479328603724e+03
1.289869554575618849e+03
1.312267394887977616e+03
1.336670753732136973e+03
1.285984753511689178e+03
1.250895345460715362e+03
1.300154875746436574e+03
1.350745920687377748e+03
1.319410730309031351e+03
1.289846541099312844e+03
1.312260242692240809e+03
1.336679064831414735e+03
1.286004490869867823e+03
1.250918345348032744e+03
1.300162023718947466e+03
1.350737614495634716e+03
1.319391004605360422e+03
1.289823554792960522e+03
1.312253098940462223e+03
1.336687366118520686e+03
1.286024204925912500e+03
1.250941318081439476e+03
1.300169163252486442e+03
1.350729318110269560e+03
1.319371302190063943e+03
1.289800595624484686e+03
1.312245963622672662e+03
1.336695657605039514e+03
1.286043895707334286e+03
1.250964263692994336e+03
1.300176294357016104e+03
1.350721031519704866e+03
1.319351623035647663e+03
1.289777663561845884e+03
1.312238836728914293e+03
1.336703939302541585e+03
1.286063563241610836e+03
1.250987182214717450e+03
1.300183417042488827e+03
1.350712754712376409e+03
1.319331967114648933e+03
1.289754758573043091e+03
1.312231718249242476e+03
1.336712211222583846e+03
1.286083207556188654e+03
1.251010073678591198e+03
1.300190531318843341e+03
1.350704487676734288e+03
1.319312334399638758e+03
1.289731880626112115e+03
1.312224608173723027e+03
1.336720473376709606e+03
1.286102828678480591e+03
1.251032938116560672e+03
1.300197637196008145e+03
1.350696230401242019e+03
1.319292724863219746e+03
1.289709029689127647e+03
1.312217506492434040e+03
1.336728725776448982e+03
1.286122426635868351e+03
1.251055775560532538e+03
1.300204734683899233e+03
1.350687982874376530e+03
1.319273138478026567e+03
1.289686205730200982e+03
1.312210413195464980e+03
1.336736968433317998e+03
1.286142001455699983e+03
1.251078586042376628e+03
1.300211823792421001e+03
1.350679745084628621e+03
1.319253575216727086e+03
1.289663408717481616e+03
1.312203328272917361e+03
1.336745201358819031e+03
1.286161553165292389e+03
1.251101369593924574e+03
1.300218904531466023e+03
1.350671517020502051e+03
1.319234035052021227e+03
1.289640638619157016e+03
1.312196251714904065e+03
1.336753424564441048e+03
1.286181081791929500e+03
1.251124126246970491e+03
1.300225976910915733e+03
1.350663298670515360e+03
1.319214517956640293e+03
1.289617895403451030e+03
1.312189183511550254e+03
1.336761638061659596e+03
1.286200587362863416e+03
1.251146856033270979e+03
1.300233040940639285e+03
1.350655090023199591e+03
1.319195023903348556e+03
1.289595179038626156e+03
1.312182123652992232e+03
1.336769841861936357e+03
1.286220069905313949e+03
1.251169558984545120e+03
1.300240096630494918e+03
1.350646891067099659e+03
1.319175552864942347e+03
1.289572489492981958e+03
1.312175072129377668e+03
1.336778035976719821e+03
1.286239529446468396e+03
1.251192235132474707e+03
1.300247143990328368e+03
1.350638701790773894e+03
1.319156104814250057e+03
1.289549826734855287e+03
1.312168028930866740e+03
1.336786220417444611e+03
1.286258966013483132e+03
1.251214884508704472e+03
1.300254183029974229e+03
1.350630522182794721e+03
1.319136679724132136e+03
1.289527190732620738e+03
1.312160994047630538e+03
1.336794395195531933e+03
1.286278379633480881e+03
1.251237507144840947e+03
1.300261213759255497e+03
1.350622352231747072e+03
1.319117277567481324e+03
1.289504581454689969e+03
1.312153967469851523e+03
1.336802560322390036e+03
1.286297770333553672e+03
1.251260103072453830e+03
1.300268236187983348e+03
1.350614191926230205e+03
1.319097898317221961e+03
1.289481998869511926e+03
1.312146949187724886e+03
1.336810715809413068e+03
1.286317138140760790e+03
1.251282672323075303e+03
1.300275250325957586e+03
1.350606041254856109e+03
1.319078541946310224e+03
1.289459442945572846e+03
1.312139939191456278e+03
1.336818861667981537e+03
1.286336483082129689e+03
1.251305214928200940e+03
1.300282256182966194e+03
1.350597900206251097e+03
1.319059208427735030e+03
1.289436913651396026e+03
1.312132937471263631e+03
1.336826997909462989e+03
1.286355805184656219e+03
1.251327730919288342e+03
1.300289253768786011e+03
1.350589768769053990e+03
1.319039897734516217e+03
1.289414410955542280e+03
1.312125944017375787e+03
1.336835124545212238e+03
1.286375104475303942e+03
1.251350220327758507e+03
1.300296243093182056e+03
1.350581646931917930e+03
1.319020609839706140e+03
1.289391934826609486e+03
1.312118958820033640e+03
1.336843241586569093e+03
1.286394380981005042e+03
1.251372683184995140e+03
1.300303224165907523e+03
1.350573534683508569e+03
1.319001344716388758e+03
1.289369485233232353e+03
1.312111981869489227e+03
1.336851349044861081e+03
1.286413634728659645e+03
1.251395119522344885e+03
1.300310196996704690e+03
1.350565432012505426e+03
1.318982102337679862e+03
1.289347062144082656e+03
1.312105013156006407e+03
1.336859446931401862e+03
1.286432865745136041e+03
1.251417529371117325e+03
1.300317161595304242e+03
1.350557338907601661e+03
1.318962882676726622e+03
1.289324665527869229e+03
1.312098052669860635e+03
1.336867535257492364e+03
1.286452074057270693e+03
1.251439912762584981e+03
1.300324117971425039e+03
1.350549255357502943e+03
1.318943685706708720e+03
1.289302295353337740e+03
1.312091100401338281e+03
1.336875614034419414e+03
1.286471259691869136e+03
1.251462269727984221e+03
1.300331066134774346e+03
1.350541181350929037e+03
1.318924511400836764e+03
1.289279951589270922e+03
1.312084156340737763e+03
1.336883683273456882e+03
1.286490422675704394e+03
1.251484600298513442e+03
1.300338006095048513e+03
1.350533116876612894e+03
1.318905359732352963e+03
1.289257634204488568e+03
1.312077220478368645e+03
1.336891742985865449e+03
1.286509563035518113e+03
1.251506904505334887e+03
1.300344937861932294e+03
1.350525061923300200e+03
1.318886230674531816e+03
1.289235343167846850e+03
1.312070292804551855e+03
1.336899793182892381e+03
1.286528680798020559e+03
1.251529182379573967e+03
1.300351861445098621e+03
1.350517016479750737e+03
1.318867124200678745e+03
1.289213078448238775e+03
1.312063373309620374e+03
1.336907833875771303e+03
1.286547775989890397e+03
1.251551433952318803e+03
1.300358776854209509e+03
1.350508980534737020e+03
1.318848040284130775e+03
1.289190840014594187e+03
1.312056461983917643e+03
1.336915865075723332e+03
1.286566848637774683e+03
1.251573659254621361e+03
1.300365684098915153e+03
1.350500954077044980e+03
1.318828978898256537e+03
1.289168627835879533e+03
1.312049558817799152e+03
1.336923886793955489e+03
1.286585898768288871e+03
1.251595858317497004e+03
1.300372583188854605e+03
1.350492937095473735e+03
1.318809940016456039e+03
1.289146441881098099e+03
1.312042663801631761e+03
1.336931899041662518e+03
1.286604926408017491e+03
1.251618031171924031e+03
1.300379474133655549e+03
1.350484929578835818e+03
1.318790923612160896e+03
1.289124282119289774e+03
1.312035776925793243e+03
1.336939901830025065e+03
1.286623931583513468e+03
1.251640177848844587e+03
1.300386356942934071e+03
1.350476931515956949e+03
1.318771929658833642e+03
1.289102148519530374e+03
1.312028898180673195e+03
1.336947895170210813e+03
1.286642914321297894e+03
1.251662298379163985e+03
1.300393231626295346e+03
1.350468942895675582e+03
1.318752958129968874e+03
1.289080041050933460e+03
1.312022027556672583e+03
1.336955879073374945e+03
1.286661874647861396e+03
1.251684392793751613e+03
1.300400098193332497e+03
1.350460963706843813e+03
1.318734008999091884e+03
1.289057959682647606e+03
1.312015165044203286e+03
1.336963853550658087e+03
1.286680812589662992e+03
1.251706461123439340e+03
1.300406956653628185e+03
1.350452993938326699e+03
1.318715082239759113e+03
1.289035904383858906e+03
1.312008310633688779e+03
1.336971818613189043e+03
1.286699728173129870e+03
1.251728503399023566e+03
1.300413807016753026e+03
1.350445033579002711e+03
1.318696177825558607e+03
1.289013875123789148e+03
1.312001464315563908e+03
1.336979774272082977e+03
1.286718621424658977e+03
1.251750519651264312e+03
1.300420649292266717e+03
1.350437082617763281e+03
1.318677295730109563e+03
1.288991871871696958e+03
1.311994626080274429e+03
1.336987720538442090e+03
1.286737492370615200e+03
1.251772509910884310e+03
1.300427483489717133e+03
1.350429141043512800e+03
1.318658435927062101e+03
1.288969894596877111e+03
1.311987795918278152e+03
1.336995657423354942e+03
1.286756341037332959e+03
1.251794474208571501e+03
1.300434309618642374e+03
1.350421208845168849e+03
1.318639598390097945e+03
1.288947943268660310e+03
1.311980973820043346e+03
1.337003584937897358e+03
1.286775167451115749e+03
1.251816412574976312e+03
1.300441127688567349e+03
1.350413286011661967e+03
1.318620783092929059e+03
1.288926017856413864e+03
1.311974159776050101e+03
1.337011503093132433e+03
1.286793971638234780e+03
1.251838325040713471e+03
1.300447937709006737e+03
1.350405372531936337e+03
1.318601990009299016e+03
1.288904118329541006e+03
1.311967353776788968e+03
1.337019411900109390e+03
1.286812753624931702e+03
1.251860211636362010e+03
1.300454739689463850e+03
1.350397468394948419e+03
1.318583219112982533e+03
1.288882244657481351e+03
1.311960555812762550e+03
1.337027311369865402e+03
1.286831513437416788e+03
1.251882072392464124e+03
1.300461533639431082e+03
1.350389573589668544e+03
1.318564470377784573e+03
1.288860396809710210e+03
1.311953765874484361e+03
1.337035201513423772e+03
1.286850251101868480e+03
1.251903907339526313e+03
1.300468319568388779e+03
1.350381688105079093e+03
1.318545743777541929e+03
1.288838574755739501e+03
1.311946983952479286e+03
1.337043082341795071e+03
1.286868966644435204e+03
1.251925716508018922e+03
1.300475097485807282e+03
1.350373811930176316e+03
1.318527039286121408e+03
1.288816778465116386e+03
1.311940210037283123e+03
1.337050953865977135e+03
1.286887660091234466e+03
1.251947499928376374e+03
1.300481867401144882e+03
1.350365945053968971e+03
1.318508356877421647e+03
1.288795007907424861e+03
1.311933444119442811e+03
1.337058816096954388e+03
1.286906331468352619e+03
1.251969257630997390e+03
1.300488629323848500e+03
1.350358087465479002e+03
1.318489696525371073e+03
1.288773263052283937e+03
1.311926686189516658e+03
1.337066669045698745e+03
1.286924980801845550e+03
1.251990989646244543e+03
1.300495383263354597e+03
1.350350239153740858e+03
1.318471058203929715e+03
1.288751543869349007e+03
1.311919936238074115e+03
1.337074512723168482e+03
1.286943608117737995e+03
1.252012696004444479e+03
1.300502129229088496e+03
1.350342400107802632e+03
1.318452441887087843e+03
1.288729850328311159e+03
1.311913194255695544e+03
1.337082347140309821e+03
1.286962213442024222e+03
1.252034376735888372e+03
1.300508867230463693e+03
1.350334570316724921e+03
1.318433847548866652e+03
1.288708182398897407e+03
1.311906460232972904e+03
1.337090172308055344e+03
1.286980796800667804e+03
1.252056031870831021e+03
1.300515597276883227e+03
1.350326749769581511e+03
1.318415275163317801e+03
1.288686540050870235e+03
1.311899734160508615e+03
1.337097988237325126e+03
1.286999358219601390e+03
1.252077661439492658e+03
1.300522319377738768e+03
1.350318938455458920e+03
1.318396724704523876e+03
1.288664923254028281e+03
1.311893016028916463e+03
1.337105794939025827e+03
1.287017897724727618e+03
1.252099265472056459e+03
1.300529033542410843e+03
1.350311136363456399e+03
1.318378196146597702e+03
1.288643331978205424e+03
1.311886305828821833e+03
1.337113592424052058e+03
1.287036415341917746e+03
1.252120843998670807e+03
1.300535739780269296e+03
1.350303343482686159e+03
1.318359689463683253e+03
1.288621766193271014e+03
1.311879603550860338e+03
1.337121380703285240e+03
1.287054911097013246e+03
1.252142397049448391e+03
1.300542438100672371e+03
1.350295559802273374e+03
1.318341204629954291e+03
1.288600225869130554e+03
1.311872909185679191e+03
1.337129159787593380e+03
1.287073385015824670e+03
1.252163924654466200e+03
1.300549128512967400e+03
1.350287785311356174e+03
1.318322741619615726e+03
1.288578710975724789e+03
1.311866222723936289e+03
1.337136929687832207e+03
1.287091837124132098e+03
1.252185426843765981e+03
1.300555811026490801e+03
1.350280019999085198e+03
1.318304300406902485e+03
1.288557221483029707e+03
1.311859544156301126e+03
1.337144690414844490e+03
1.287110267447684919e+03
1.252206903647353329e+03
1.300562485650568078e+03
1.350272263854623816e+03
1.318285880966079731e+03
1.288535757361057222e+03
1.311852873473453201e+03
1.337152441979460718e+03
1.287128676012202959e+03
1.252228355095199277e+03
1.300569152394513594e+03
1.350264516867148814e+03
1.318267483271444007e+03
1.288514318579854262e+03
1.311846210666084062e+03
1.337160184392497513e+03
1.287147062843374897e+03
1.252249781217238933e+03
1.300575811267630797e+03
1.350256779025849028e+03
1.318249107297321189e+03
1.288492905109502999e+03
1.311839555724895945e+03
1.337167917664759443e+03
1.287165427966859625e+03
1.252271182043372164e+03
1.300582462279211768e+03
1.350249050319926710e+03
1.318230753018067844e+03
1.288471516920121530e+03
1.311832908640601772e+03
1.337175641807038573e+03
1.287183771408285338e+03
1.252292557603463820e+03
1.300589105438538127e+03
1.350241330738596389e+03
1.318212420408070784e+03
1.288450153981862513e+03
1.311826269403925608e+03
1.337183356830113553e+03
1.287202093193249766e+03
1.252313907927342825e+03
1.300595740754880126e+03
1.350233620271085329e+03
1.318194109441747059e+03
1.288428816264914758e+03
1.311819638005602428e+03
1.337191062744750525e+03
1.287220393347320851e+03
1.252335233044803772e+03
1.300602368237497785e+03
1.350225918906633979e+03
1.318175820093543507e+03
1.288407503739501180e+03
1.311813014436378580e+03
1.337198759561703127e+03
1.287238671896036522e+03
1.252356532985605327e+03
1.300608987895639302e+03
1.350218226634494840e+03
1.318157552337938341e+03
1.288386216375880394e+03
1.311806398687010415e+03
1.337206447291712266e+03
1.287256928864904467e+03
1.252377807779471368e+03
1.300615599738542187e+03
1.350210543443933375e+03
1.318139306149438653e+03
1.288364954144346711e+03
1.311799790748265650e+03
1.337214125945506112e+03
1.287275164279401679e+03
1.252399057456090759e+03
1.300622203775433491e+03
1.350202869324228232e+03
1.318121081502582001e+03
1.288343717015228322e+03
1.311793190610923602e+03
1.337221795533799877e+03
1.287293378164975593e+03
1.252420282045117347e+03
1.300628800015528896e+03
1.350195204264669883e+03
1.318102878371936640e+03
1.288322504958889340e+03
1.311786598265773591e+03
1.337229456067296724e+03
1.287311570547043630e+03
1.252441481576169281e+03
1.300635388468033398e+03
1.350187548254562216e+03
1.318084696732099701e+03
1.288301317945728442e+03
1.311780013703615850e+03
1.337237107556686851e+03
1.287329741450992742e+03
1.252462656078830832e+03
1.300641969142141306e+03
1.350179901283220715e+03
1.318066536557699010e+03
1.288280155946179548e+03
1.311773436915261755e+03
1.337244750012647273e+03
1.287347890902180552e+03
1.252483805582650348e+03
1.300648542047035789e+03
1.350172263339974734e+03
1.318048397823392406e+03
1.288259018930711136e+03
1.311766867891533821e+03
1.337252383445843634e+03
1.287366018925934213e+03
1.252504930117141839e+03
1.300655107191889329e+03
1.350164634414165221e+03
1.318030280503867516e+03
1.288237906869826702e+03
1.311760306623264569e+03
1.337260007866927708e+03
1.287384125547551093e+03
1.252526029711784531e+03
1.300661664585863036e+03
1.350157014495146313e+03
1.318012184573841523e+03
1.288216819734064757e+03
1.311753753101298344e+03
1.337267623286539902e+03
1.287402210792299229e+03
1.252547104396022405e+03
1.300668214238108249e+03
1.350149403572284427e+03
1.317994110008062307e+03
1.288195757493998372e+03
1.311747207316489494e+03
1.337275229715306750e+03
1.287420274685415734e+03
1.252568154199265109e+03
1.300674756157764705e+03
1.350141801634958483e+03
1.317976056781306397e+03
1.288174720120235406e+03
1.311740669259703054e+03
1.337282827163843649e+03
1.287438317252109300e+03
1.252589179150887503e+03
1.300681290353961685e+03
1.350134208672560362e+03
1.317958024868381017e+03
1.288153707583418736e+03
1.311734138921815884e+03
1.337290415642752350e+03
1.287456338517557242e+03
1.252610179280229659e+03
1.300687816835817330e+03
1.350126624674493769e+03
1.317940014244122722e+03
1.288132719854225115e+03
1.311727616293714846e+03
1.337297995162622328e+03
1.287474338506908907e+03
1.252631154616596632e+03
1.300694335612439772e+03
1.350119049630175596e+03
1.317922024883398080e+03
1.288111756903366768e+03
1.311721101366297489e+03
1.337305565734031234e+03
1.287492317245282493e+03
1.252652105189259828e+03
1.300700846692925097e+03
1.350111483529035013e+03
1.317904056761102993e+03
1.288090818701590024e+03
1.311714594130472278e+03
1.337313127367543302e+03
1.287510274757767320e+03
1.252673031027455409e+03
1.300707350086360293e+03
1.350103926360513242e+03
1.317886109852163372e+03
1.288069905219675775e+03
1.311708094577158590e+03
1.337320680073710719e+03
1.287528211069423151e+03
1.252693932160384747e+03
1.300713845801820298e+03
1.350096378114064692e+03
1.317868184131534235e+03
1.288049016428439472e+03
1.311701602697286035e+03
1.337328223863073617e+03
1.287546126205279506e+03
1.252714808617215567e+03
1.300720333848369819e+03
1.350088838779155822e+03
1.317850279574200385e+03
1.288028152298731129e+03
1.311695118481795816e+03
1.337335758746158945e+03
1.287564020190337033e+03
1.252735660427080575e+03
1.300726814235062875e+03
1.350081308345265597e+03
1.317832396155176411e+03
1.288007312801434864e+03
1.311688641921638919e+03
1.337343284733481596e+03
1.287581893049566361e+03
1.252756487619078143e+03
1.300733286970943027e+03
1.350073786801885035e+03
1.317814533849506233e+03
1.287986497907469811e+03
1.311682173007777465e+03
1.337350801835543734e+03
1.287599744807909019e+03
1.252777290222272313e+03
1.300739752065042467e+03
1.350066274138518338e+03
1.317796692632263102e+03
1.287965707587788756e+03
1.311675711731184265e+03
1.337358310062835926e+03
1.287617575490276977e+03
1.252798068265693246e+03
1.300746209526383609e+03
1.350058770344681534e+03
1.317778872478549602e+03
1.287944941813379046e+03
1.311669258082842362e+03
1.337365809425835550e+03
1.287635385121552645e+03
1.252818821778336542e+03
1.300752659363977500e+03
1.350051275409903155e+03
1.317761073363498326e+03
1.287924200555262360e+03
1.311662812053746165e+03
1.337373299935007708e+03
1.287653173726589102e+03
1.252839550789162786e+03
1.300759101586824954e+03
1.350043789323723786e+03
1.317743295262270522e+03
1.287903483784494256e+03
1.311656373634900092e+03
1.337380781600805449e+03
1.287670941330210553e+03
1.252860255327100049e+03
1.300765536203916099e+03
1.350036312075697197e+03
1.317725538150057218e+03
1.287882791472165081e+03
1.311649942817319470e+03
1.337388254433669545e+03
1.287688687957210959e+03
1.252880935421040476e+03
1.300771963224230149e+03
1.350028843655388528e+03
1.317707802002078552e+03
1.287862123589398834e+03
1.311643519592029861e+03
1.337395718444027807e+03
1.287706413632355861e+03
1.252901591099843245e+03
1.300778382656735857e+03
1.350021384052376106e+03
1.317690086793583760e+03
1.287841480107353391e+03
1.311637103950068195e+03
1.337403173642296679e+03
1.287724118380381242e+03
1.252922222392332969e+03
1.300784794510391748e+03
1.350013933256249857e+03
1.317672392499851412e+03
1.287820860997221416e+03
1.311630695882481405e+03
1.337410620038879642e+03
1.287741802225993752e+03
1.252942829327300615e+03
1.300791198794145430e+03
1.350006491256612208e+03
1.317654719096189410e+03
1.287800266230228999e+03
1.311624295380326885e+03
1.337418057644167902e+03
1.287759465193870938e+03
1.252963411933502584e+03
1.300797595516933825e+03
1.349999058043078094e+03
1.317637066557934986e+03
1.287779695777636334e+03
1.311617902434672942e+03
1.337425486468540839e+03
1.287777107308661471e+03
1.252983970239662085e+03
1.300803984687683624e+03
1.349991633605274728e+03
1.317619434860454021e+03
1.287759149610737722e+03
1.311611517036598116e+03
1.337432906522365101e+03
1.287794728594984690e+03
1.253004504274467990e+03
1.300810366315311057e+03
1.349984217932841148e+03
1.317601823979141273e+03
1.287738627700860889e+03
1.311605139177192086e+03
1.337440317815995058e+03
1.287812329077430377e+03
1.253025014066575068e+03
1.300816740408721216e+03
1.349976811015428666e+03
1.317584233889421284e+03
1.287718130019368118e+03
1.311598768847554311e+03
1.337447720359773712e+03
1.287829908780560572e+03
1.253045499644604433e+03
1.300823106976809186e+03
1.349969412842701558e+03
1.317566664566747704e+03
1.287697656537654893e+03
1.311592406038794934e+03
1.337455114164030647e+03
1.287847467728907304e+03
1.253065961037143779e+03
1.300829466028459592e+03
1.349962023404335241e+03
1.317549115986601919e+03
1.287677207227151030e+03
1.311586050742034786e+03
1.337462499239084082e+03
1.287865005946973724e+03
1.253086398272746464e+03
1.300835817572546375e+03
1.349954642690017863e+03
1.317531588124496011e+03
1.287656782059319539e+03
1.311579702948405384e+03
1.337469875595239728e+03
1.287882523459234562e+03
1.253106811379932878e+03
1.300842161617933016e+03
1.349947270689450306e+03
1.317514080955969348e+03
1.287636381005657086e+03
1.311573362649048477e+03
1.337477243242791474e+03
1.287900020290134989e+03
1.253127200387188850e+03
1.300848498173472535e+03
1.349939907392344367e+03
1.317496594456591083e+03
1.287616004037694438e+03
1.311567029835115818e+03
1.337484602192020247e+03
1.287917496464091982e+03
1.253147565322967239e+03
1.300854827248007496e+03
1.349932552788424800e+03
1.317479128601959019e+03
1.287595651126995790e+03
1.311560704497770303e+03
1.337491952453195836e+03
1.287934952005492732e+03
1.253167906215686571e+03
1.300861148850370228e+03
1.349925206867428642e+03
1.317461683367699607e+03
1.287575322245158759e+03
1.311554386628185284e+03
1.337499294036575293e+03
1.287952386938696918e+03
1.253188223093733086e+03
1.300867462989382147e+03
1.349917869619104295e+03
1.317444258729468402e+03
1.287555017363814841e+03
1.311548076217543667e+03
1.337506626952403622e+03
1.287969801288034432e+03
1.253208515985458234e+03
1.300873769673854895e+03
1.349910541033213349e+03
1.317426854662949609e+03
1.287534736454628501e+03
1.311541773257039722e+03
1.337513951210914456e+03
1.287987195077806746e+03
1.253228784919180953e+03
1.300880068912589422e+03
1.349903221099528082e+03
1.317409471143855626e+03
1.287514479489298083e+03
1.311535477737877727e+03
1.337521266822327789e+03
1.288004568332286908e+03
1.253249029923185844e+03
1.300886360714375542e+03
1.349895909807834187e+03
1.317392108147928411e+03
1.287494246439555354e+03
1.311529189651271963e+03
1.337528573796852925e+03
1.288021921075719092e+03
1.253269251025724998e+03
1.300892645087994197e+03
1.349888607147928496e+03
1.317374765650937661e+03
1.287474037277165280e+03
1.311522908988447853e+03
1.337535872144686664e+03
1.288039253332318594e+03
1.253289448255016623e+03
1.300898922042214735e+03
1.349881313109620351e+03
1.317357443628682631e+03
1.287453851973926021e+03
1.311516635740640822e+03
1.337543161876013755e+03
1.288056565126272744e+03
1.253309621639245506e+03
1.300905191585796956e+03
1.349874027682731139e+03
1.317340142056990089e+03
1.287433690501669616e+03
1.311510369899096531e+03
1.337550443001006897e+03
1.288073856481739995e+03
1.253329771206563692e+03
1.300911453727489288e+03
1.349866750857093848e+03
1.317322860911716134e+03
1.287413552832260393e+03
1.311504111455070870e+03
1.337557715529826737e+03
1.288091127422849695e+03
1.253349896985089345e+03
1.300917708476031294e+03
1.349859482622553742e+03
1.317305600168745286e+03
1.287393438937596784e+03
1.311497860399830643e+03
1.337564979472622099e+03
1.288108377973703682e+03
1.253369999002907889e+03
1.300923955840150711e+03
1.349852222968968590e+03
1.317288359803989806e+03
1.287373348789609963e+03
1.311491616724652204e+03
1.337572234839529983e+03
1.288125608158374689e+03
1.253390077288071780e+03
1.300930195828565957e+03
1.349844971886207077e+03
1.317271139793391740e+03
1.287353282360264529e+03
1.311485380420822821e+03
1.337579481640674658e+03
1.288142818000907482e+03
1.253410131868599592e+03
1.300936428449984987e+03
1.349837729364150618e+03
1.317253940112920191e+03
1.287333239621557823e+03
1.311479151479639540e+03
1.337586719886169476e+03
1.288160007525317951e+03
1.253430162772477388e+03
