2.202199999999999818e+03
2.357599999999999909e+03
2.453400000000000091e+03
2.503999999999999545e+03
2.515999999999999091e+03
2.494399999999999636e+03
2.449799999999999727e+03
2.412599999999999909e+03
2.374200000000000273e+03
2.318800000000000182e+03
2.278200000000000273e+03
2.253400000000000546e+03
2.221400000000000546e+03
2.170600000000000819e+03
2.108200000000000273e+03
2.026000000000000455e+03
1.923000000000000455e+03
1.825800000000000182e+03
1.752800000000000637e+03
1.712000000000000909e+03
1.705200000000000728e+03
1.756600000000001046e+03
1.862600000000000819e+03
1.999400000000000773e+03
2.153600000000000364e+03
2.290400000000000546e+03
2.381000000000000455e+03
2.430200000000000728e+03
2.438600000000000819e+03
2.418800000000001091e+03
2.388400000000000546e+03
2.360400000000000546e+03
2.343200000000000728e+03
2.319800000000001546e+03
2.302600000000001273e+03
2.304000000000000909e+03
2.315400000000001000e+03
2.296000000000000909e+03
2.252400000000001000e+03
2.182800000000001091e+03
2.095400000000001455e+03
1.997400000000001000e+03
1.911800000000001319e+03
1.851800000000001091e+03
1.819200000000001410e+03
1.815800000000001091e+03
1.843200000000000955e+03
1.898800000000001091e+03
1.975000000000001137e+03
2.054200000000000728e+03
2.113200000000001182e+03
2.148000000000000909e+03
2.153800000000001091e+03
2.130000000000000909e+03
2.095400000000001000e+03
2.076800000000001091e+03
2.086400000000001000e+03
2.104800000000001091e+03
2.128600000000001273e+03
2.158200000000001182e+03
2.175600000000000819e+03
2.157600000000000364e+03
2.106000000000000455e+03
2.047400000000000773e+03
1.973800000000000637e+03
1.889200000000000728e+03
1.815200000000000728e+03
1.769200000000000728e+03
1.757600000000000819e+03
1.800400000000000773e+03
1.903000000000000909e+03
2.044400000000001000e+03
2.205800000000001091e+03
2.352000000000000455e+03
2.446600000000000819e+03
2.497200000000000728e+03
2.502200000000000728e+03
2.478000000000000909e+03
2.435000000000000909e+03
2.400800000000000637e+03
2.369600000000000819e+03
2.324800000000000637e+03
2.288000000000000455e+03
2.260200000000000728e+03
2.231600000000000819e+03
2.180000000000000909e+03
2.119000000000000909e+03
2.042000000000000909e+03
1.958000000000001364e+03
1.872800000000001546e+03
1.809800000000001774e+03
1.777400000000001455e+03
1.782000000000001364e+03
1.841600000000001501e+03
1.958000000000001364e+03
2.102600000000001273e+03
2.263200000000001182e+03
2.395400000000001455e+03
2.482600000000001273e+03
2.526400000000001910e+03
2.535200000000001637e+03
2.520000000000001364e+03
2.494200000000001637e+03
2.456600000000001728e+03
2.413400000000001455e+03
2.360400000000001455e+03
2.308600000000001728e+03
2.278800000000001546e+03
2.266000000000001819e+03
2.233400000000001455e+03
2.181200000000001637e+03
2.113800000000001091e+03
2.029000000000001364e+03
1.934600000000001501e+03
1.858200000000001410e+03
1.815000000000001364e+03
1.810200000000001410e+03
1.859600000000001501e+03
1.973200000000001410e+03
2.126600000000001273e+03
2.295200000000001637e+03
2.443200000000001637e+03
2.548000000000001819e+03
2.606400000000001455e+03
2.633400000000001455e+03
2.622200000000001637e+03
2.591600000000001273e+03
2.559800000000001546e+03
2.522200000000002092e+03
2.458800000000002001e+03
2.400800000000002456e+03
2.364600000000002183e+03
2.332200000000002092e+03
2.276000000000001819e+03
2.209200000000002092e+03
2.135800000000002001e+03
2.046800000000002228e+03
1.952000000000002046e+03
1.876600000000002410e+03
1.829000000000002046e+03
1.820800000000002001e+03
1.867400000000002137e+03
1.965800000000002228e+03
2.103400000000001910e+03
2.264600000000002183e+03
2.402400000000002365e+03
2.493600000000001728e+03
2.545600000000001728e+03
2.560400000000001910e+03
2.544800000000002001e+03
2.515400000000001910e+03
2.490000000000001819e+03
2.453000000000001819e+03
2.400800000000002001e+03
2.352000000000002274e+03
2.324800000000002001e+03
2.302600000000001728e+03
2.266000000000001819e+03
2.213600000000001728e+03
2.145400000000002365e+03
2.061000000000002274e+03
1.966200000000002319e+03
1.893200000000002319e+03
1.850000000000002046e+03
1.844600000000002183e+03
1.894600000000002638e+03
1.999200000000002547e+03
2.145400000000002819e+03
2.320400000000002365e+03
2.480400000000002365e+03
2.586200000000003001e+03
2.652000000000002728e+03
2.668000000000002728e+03
2.635600000000003092e+03
2.577400000000002819e+03
2.518600000000002638e+03
2.444600000000002638e+03
2.352200000000002547e+03
2.272400000000002365e+03
2.211800000000002456e+03
2.162200000000002092e+03
2.106200000000002092e+03
2.051000000000001819e+03
1.986600000000002183e+03
1.911400000000001910e+03
1.831400000000001683e+03
1.770000000000001819e+03
1.734600000000001501e+03
1.726200000000001864e+03
1.760000000000001592e+03
1.843400000000001910e+03
1.960800000000001774e+03
2.093000000000001819e+03
2.210600000000001728e+03
2.286600000000001728e+03
2.318400000000001910e+03
2.305200000000001637e+03
2.259400000000001910e+03
2.213400000000002365e+03
2.188000000000002274e+03
2.170000000000002274e+03
2.148400000000002819e+03
2.130600000000002638e+03
2.111800000000002910e+03
2.083000000000002728e+03
2.035600000000002638e+03
1.978200000000002774e+03
1.915000000000002728e+03
1.846200000000002774e+03
1.772000000000003183e+03
1.713200000000002547e+03
1.675200000000002774e+03
1.660200000000002547e+03
1.674200000000002547e+03
1.720200000000002547e+03
1.780200000000002774e+03
1.853200000000002774e+03
1.919800000000002456e+03
1.961400000000002592e+03
1.974400000000002137e+03
1.961200000000002319e+03
1.927200000000002319e+03
1.891400000000002365e+03
1.874400000000002137e+03
1.892600000000002410e+03
1.916800000000002001e+03
1.946800000000002228e+03
1.980000000000001819e+03
2.004200000000001864e+03
1.983600000000001955e+03
1.946400000000001910e+03
1.891200000000002092e+03
1.823200000000002092e+03
1.745000000000002501e+03
1.688200000000002319e+03
1.657600000000002183e+03
1.672200000000002319e+03
1.743200000000002319e+03
1.873400000000002365e+03
2.032400000000002365e+03
2.200800000000002001e+03
2.342400000000001910e+03
2.428200000000002092e+03
2.461000000000002274e+03
2.450000000000001819e+03
2.410200000000001637e+03
2.360200000000001637e+03
2.320000000000001819e+03
2.275600000000001273e+03
2.216200000000001637e+03
2.162400000000001455e+03
2.106600000000001273e+03
2.045400000000001455e+03
1.977600000000001728e+03
1.913800000000001546e+03
1.843600000000001501e+03
1.774400000000001683e+03
1.706400000000001455e+03
1.657600000000001501e+03
1.636000000000001819e+03
1.653200000000001864e+03
1.730400000000001683e+03
1.862800000000001774e+03
2.024200000000001864e+03
2.190000000000001819e+03
2.328800000000002001e+03
2.407000000000001819e+03
2.434000000000002274e+03
2.422200000000002092e+03
2.388200000000001637e+03
2.347200000000001637e+03
2.319200000000001637e+03
2.290400000000001910e+03
2.246800000000002001e+03
2.202400000000001455e+03
2.159400000000001455e+03
2.109600000000001273e+03
2.057200000000001182e+03
1.984000000000001137e+03
1.907000000000001364e+03
1.825000000000001137e+03
1.750800000000001091e+03
1.682800000000001091e+03
1.650200000000000955e+03
1.663000000000000682e+03
1.734800000000000637e+03
1.858600000000000591e+03
2.024600000000000591e+03
2.207200000000001182e+03
2.351000000000001364e+03
2.428800000000001091e+03
2.453200000000001637e+03
2.432000000000001364e+03
2.386000000000002274e+03
2.339400000000001455e+03
2.313800000000002001e+03
2.288400000000001910e+03
2.249600000000002183e+03
2.214000000000002274e+03
2.177200000000002547e+03
2.130600000000002638e+03
2.070200000000002547e+03
2.002400000000002592e+03
1.924200000000002547e+03
1.840600000000002638e+03
1.759400000000002592e+03
1.700400000000002592e+03
1.672200000000002547e+03
1.686400000000002592e+03
1.755400000000002365e+03
1.885200000000002547e+03
2.039000000000002501e+03
2.198400000000002819e+03
2.325000000000002728e+03
2.390600000000002638e+03
2.395600000000002638e+03
2.363600000000003092e+03
2.314000000000002728e+03
2.265200000000002547e+03
2.245400000000002365e+03
2.226600000000002638e+03
2.190600000000002183e+03
2.146400000000001910e+03
2.104000000000001819e+03
2.046600000000001955e+03
1.980000000000001819e+03
1.916400000000002365e+03
1.851600000000002410e+03
1.784600000000002183e+03
1.718200000000002092e+03
1.673400000000001910e+03
1.657000000000001819e+03
1.678600000000001955e+03
1.753200000000001864e+03
1.887200000000002092e+03
2.044400000000002137e+03
2.198200000000002092e+03
2.323000000000002274e+03
2.388600000000001728e+03
2.396200000000002092e+03
2.364600000000002183e+03
2.323800000000002001e+03
2.280000000000002274e+03
2.253600000000002183e+03
2.233800000000002001e+03
2.206400000000002365e+03
2.170800000000002910e+03
2.119200000000002547e+03
2.061400000000002365e+03
1.987800000000002228e+03
1.914000000000002274e+03
1.838800000000002228e+03
1.773600000000002183e+03
1.708800000000002228e+03
1.663600000000002410e+03
1.642400000000002365e+03
1.649000000000002046e+03
1.702400000000002137e+03
1.810800000000002228e+03
1.946200000000002092e+03
2.085000000000001819e+03
2.212000000000002274e+03
2.290800000000002456e+03
2.312800000000002456e+03
2.292400000000002819e+03
2.255000000000002728e+03
2.212200000000002092e+03
2.197600000000002183e+03
2.194600000000002638e+03
2.180000000000002728e+03
2.156400000000002819e+03
2.127200000000002547e+03
2.077400000000002365e+03
2.007800000000002456e+03
1.938800000000002683e+03
1.866600000000002638e+03
1.791200000000002319e+03
1.719800000000002228e+03
1.665200000000002319e+03
1.633000000000002046e+03
1.627000000000001819e+03
1.652400000000002137e+03
1.706200000000002319e+03
1.784000000000002046e+03
1.871000000000002274e+03
1.949400000000002137e+03
1.998800000000002001e+03
2.021200000000002092e+03
2.009000000000002046e+03
1.981200000000001864e+03
1.950800000000001774e+03
1.946400000000001910e+03
1.964800000000001774e+03
1.983800000000001774e+03
1.985600000000001955e+03
2.012600000000002183e+03
2.019200000000002547e+03
1.989600000000002183e+03
1.943200000000002319e+03
1.900400000000002592e+03
1.823400000000002365e+03
1.744400000000002365e+03
1.690200000000002319e+03
1.670200000000001864e+03
1.699600000000001955e+03
1.788800000000002228e+03
1.940800000000002228e+03
2.120200000000002092e+03
2.302000000000002274e+03
2.450400000000001910e+03
2.539400000000001910e+03
2.572400000000001910e+03
2.566600000000001273e+03
2.532200000000001182e+03
2.496200000000001637e+03
2.464200000000001637e+03
2.416400000000001910e+03
2.347200000000001637e+03
2.279600000000001728e+03
2.212000000000001819e+03
2.143600000000002183e+03
2.071800000000002001e+03
1.999400000000002137e+03
1.921600000000001955e+03
1.835600000000001955e+03
1.754800000000002228e+03
1.699800000000002228e+03
1.680800000000002001e+03
1.704400000000002137e+03
1.784800000000002001e+03
1.918800000000002456e+03
2.081400000000002365e+03
2.247800000000002456e+03
2.384200000000002547e+03
2.454400000000002365e+03
2.470200000000002547e+03
2.443800000000002910e+03
2.394800000000002910e+03
2.347000000000002728e+03
2.323400000000002819e+03
2.299400000000002365e+03
2.261800000000002456e+03
2.215000000000002274e+03
2.157400000000001910e+03
2.081400000000002365e+03
1.995400000000002137e+03
1.910400000000002137e+03
1.827400000000002137e+03
1.748800000000002001e+03
1.681800000000002001e+03
1.637000000000002274e+03
1.618600000000002183e+03
1.640000000000002046e+03
1.714400000000001910e+03
1.838200000000001864e+03
1.984600000000001728e+03
2.135000000000001364e+03
2.255800000000001546e+03
2.318200000000002092e+03
2.325600000000002183e+03
2.289200000000001637e+03
2.229800000000002001e+03
2.176600000000002183e+03
2.150000000000002274e+03
2.137600000000002183e+03
2.120200000000002092e+03
2.097600000000002183e+03
2.061000000000002274e+03
1.997600000000001955e+03
1.912800000000002228e+03
1.829400000000002137e+03
1.749800000000002228e+03
1.674200000000002319e+03
1.611600000000002183e+03
1.575800000000002001e+03
1.570800000000002228e+03
1.611000000000002046e+03
1.708200000000002092e+03
1.861600000000002183e+03
2.043800000000002456e+03
2.225400000000002365e+03
2.370200000000002092e+03
2.449400000000001910e+03
2.474800000000002001e+03
2.457000000000002274e+03
2.418200000000002547e+03
2.375200000000002547e+03
2.354400000000002365e+03
2.334600000000002638e+03
2.300800000000002456e+03
2.257600000000002183e+03
2.207800000000002456e+03
2.141400000000002365e+03
2.052200000000002547e+03
1.959800000000002456e+03
1.869600000000002183e+03
1.782400000000002365e+03
1.702000000000002501e+03
1.654200000000002319e+03
1.639600000000002183e+03
1.671400000000002365e+03
1.766000000000002501e+03
1.917000000000002274e+03
2.095800000000002456e+03
2.272800000000002456e+03
2.409000000000002274e+03
2.480000000000002274e+03
2.496200000000002547e+03
2.472800000000002456e+03
2.430800000000002456e+03
2.387200000000002092e+03
2.359800000000002001e+03
2.331800000000002456e+03
2.287600000000002638e+03
2.234600000000002638e+03
2.182600000000002638e+03
2.117600000000002183e+03
2.035400000000002365e+03
1.950600000000002410e+03
1.867800000000002456e+03
1.782200000000002319e+03
1.705200000000002774e+03
1.655000000000002956e+03
1.633200000000003001e+03
1.647200000000003001e+03
1.712000000000002956e+03
1.823800000000003138e+03
1.962800000000002910e+03
2.110600000000003092e+03
2.231200000000002547e+03
2.298200000000002547e+03
2.319400000000002819e+03
2.304200000000003001e+03
2.266400000000002819e+03
2.228400000000003274e+03
2.216400000000002819e+03
2.218200000000003456e+03
2.204600000000003547e+03
2.182200000000003911e+03
2.160000000000003638e+03
2.115800000000003820e+03
2.044400000000003729e+03
1.970200000000004138e+03
1.893800000000004047e+03
1.813600000000004229e+03
1.738200000000004138e+03
1.682200000000004138e+03
1.652400000000003956e+03
1.647800000000004047e+03
1.673200000000004138e+03
1.735200000000003911e+03
1.813000000000004093e+03
1.894200000000004366e+03
1.966600000000004229e+03
2.011600000000004229e+03
2.021200000000004138e+03
2.006800000000004047e+03
1.977600000000004002e+03
1.945800000000003820e+03
1.937600000000004002e+03
1.961400000000003956e+03
1.982800000000003820e+03
2.007400000000004184e+03
2.033600000000004002e+03
2.041400000000003956e+03
2.006600000000003774e+03
1.956000000000003865e+03
1.893000000000003865e+03
1.820800000000003820e+03
1.742800000000004047e+03
1.689600000000003547e+03
1.665800000000003593e+03
1.685400000000003729e+03
1.767600000000003774e+03
1.906800000000003593e+03
2.068800000000003820e+03
2.241200000000004366e+03
2.387000000000004093e+03
2.458800000000004275e+03
2.485000000000004547e+03
2.479800000000004275e+03
2.450800000000003820e+03
2.413400000000003729e+03
2.397000000000003638e+03
2.375600000000003547e+03
2.334000000000004093e+03
2.281200000000003456e+03
2.226200000000003456e+03
2.164000000000003183e+03
2.095200000000003456e+03
2.019000000000003411e+03
1.943000000000002728e+03
1.864800000000003138e+03
1.790400000000003274e+03
1.726800000000003365e+03
1.703000000000003411e+03
1.721800000000003593e+03
1.798000000000003638e+03
1.923000000000003638e+03
2.092600000000003547e+03
2.261800000000003365e+03
2.401800000000003365e+03
2.479600000000003547e+03
2.518400000000003274e+03
2.512600000000003092e+03
2.489800000000003365e+03
2.456600000000002638e+03
2.433400000000003274e+03
2.409200000000003456e+03
2.360800000000003820e+03
2.302000000000003638e+03
2.251200000000003911e+03
2.200800000000003820e+03
2.128000000000003638e+03
2.055800000000003365e+03
1.976000000000003638e+03
1.889800000000003593e+03
1.801200000000003683e+03
1.738000000000003183e+03
1.701800000000003365e+03
1.720000000000003183e+03
1.796800000000003138e+03
1.932200000000003456e+03
2.104000000000003183e+03
2.281400000000003729e+03
2.426800000000003820e+03
2.509400000000003274e+03
2.544000000000003638e+03
2.533400000000003729e+03
2.504000000000003638e+03
2.461000000000003638e+03
2.433800000000003820e+03
2.404400000000004184e+03
2.351800000000004729e+03
2.300800000000004729e+03
2.261000000000004547e+03
2.210600000000004457e+03
2.144400000000004184e+03
2.079400000000004184e+03
2.003400000000004184e+03
1.917400000000004184e+03
1.831800000000004047e+03
1.769600000000004002e+03
1.738000000000004093e+03
1.749400000000003956e+03
1.818600000000004229e+03
1.957000000000004320e+03
2.121400000000004184e+03
2.293600000000004002e+03
2.426600000000004002e+03
2.501400000000003729e+03
2.521600000000004002e+03
2.510600000000004002e+03
2.478400000000003729e+03
2.446200000000003911e+03
2.435000000000004547e+03
2.420600000000004002e+03
2.386200000000004366e+03
2.344400000000004184e+03
2.311400000000004184e+03
2.253400000000004184e+03
2.173600000000004457e+03
2.094200000000004366e+03
2.013200000000004366e+03
1.926800000000004275e+03
1.854600000000004229e+03
1.809600000000004229e+03
1.786600000000004229e+03
1.789000000000004320e+03
1.824200000000004366e+03
1.897200000000004366e+03
1.992600000000004002e+03
2.095400000000004184e+03
2.206800000000003820e+03
2.276400000000003729e+03
2.312000000000004093e+03
2.317800000000003820e+03
2.305200000000004366e+03
2.268400000000004184e+03
2.266200000000004366e+03
2.268000000000004093e+03
2.262800000000003365e+03
2.254200000000003911e+03
2.249400000000003729e+03
2.229400000000003274e+03
2.189600000000003092e+03
2.131600000000003547e+03
2.061000000000003638e+03
1.977400000000003729e+03
1.887800000000003593e+03
1.818000000000003638e+03
1.780800000000003138e+03
1.782600000000003320e+03
1.840400000000003274e+03
1.955000000000003183e+03
2.107400000000003274e+03
2.269400000000003729e+03
2.412800000000004275e+03
2.496800000000003820e+03
2.537200000000003456e+03
2.535000000000003638e+03
2.506200000000003456e+03
2.469000000000004093e+03
2.454600000000004002e+03
2.406000000000003638e+03
2.339400000000004184e+03
2.270400000000004184e+03
2.203800000000003820e+03
2.128200000000004366e+03
2.068200000000003911e+03
2.008400000000003956e+03
1.943200000000003683e+03
1.869800000000003593e+03
1.790200000000003683e+03
1.728400000000003729e+03
1.685600000000003774e+03
1.669400000000003729e+03
1.685000000000003638e+03
1.736200000000003456e+03
1.804600000000003092e+03
1.882200000000003001e+03
1.955800000000003138e+03
2.004200000000003456e+03
2.019800000000003138e+03
2.006400000000003274e+03
1.975200000000003001e+03
1.942800000000003365e+03
1.946000000000002956e+03
1.967600000000003092e+03
1.990800000000002910e+03
2.016600000000002865e+03
2.039000000000002956e+03
2.034400000000003047e+03
2.004000000000003183e+03
1.955200000000003229e+03
1.895000000000003411e+03
1.823600000000003320e+03
1.747200000000003001e+03
1.696600000000002865e+03
1.681000000000003183e+03
1.711600000000003092e+03
1.806400000000003274e+03
1.960600000000003320e+03
2.142200000000003456e+03
2.326000000000003638e+03
2.462000000000003638e+03
2.529000000000003638e+03
2.551600000000003547e+03
2.542200000000003911e+03
2.512000000000004093e+03
2.485000000000004093e+03
2.473000000000004093e+03
2.447800000000003820e+03
2.396800000000003820e+03
2.337400000000003729e+03
2.284600000000004002e+03
2.229400000000004184e+03
2.158000000000003638e+03
2.081000000000003638e+03
1.995600000000003774e+03
1.905200000000003911e+03
1.813800000000004047e+03
1.749000000000003638e+03
1.721000000000003638e+03
1.739600000000003547e+03
1.822600000000003774e+03
1.969000000000003638e+03
2.148800000000003820e+03
2.331000000000004093e+03
2.488000000000004093e+03
2.579200000000003911e+03
2.616600000000004457e+03
2.615600000000004457e+03
2.590800000000005184e+03
2.550600000000004911e+03
2.522400000000005093e+03
2.484600000000005366e+03
2.428000000000005002e+03
2.365000000000005002e+03
2.314600000000004911e+03
2.264000000000005457e+03
2.197400000000005548e+03
2.120600000000005366e+03
2.044200000000005275e+03
1.956200000000005048e+03
1.863800000000005184e+03
1.801800000000004957e+03
1.776000000000004775e+03
1.790800000000005184e+03
1.873000000000005457e+03
2.020200000000005048e+03
2.203000000000005002e+03
2.389400000000005093e+03
2.548800000000004729e+03
2.639000000000005002e+03
2.681000000000005002e+03
2.681000000000005002e+03
2.660200000000004820e+03
2.623400000000004638e+03
2.596600000000004911e+03
2.556400000000005093e+03
2.493000000000005002e+03
2.420200000000004820e+03
2.364800000000004729e+03
2.314000000000005002e+03
2.252400000000004638e+03
2.181000000000005002e+03
2.108200000000004820e+03
2.021600000000004684e+03
1.932200000000004820e+03
1.865600000000005139e+03
1.837000000000005002e+03
1.851400000000004866e+03
1.926200000000005048e+03
2.064200000000004366e+03
2.235400000000005093e+03
2.417200000000004820e+03
2.573000000000004547e+03
2.664200000000004366e+03
2.703000000000004547e+03
2.700800000000004729e+03
2.663200000000004366e+03
2.611800000000004275e+03
2.578000000000004547e+03
2.533000000000005002e+03
2.462400000000004638e+03
2.396600000000004911e+03
2.352200000000004820e+03
2.309000000000005002e+03
2.256000000000005002e+03
2.199000000000005002e+03
2.130200000000005275e+03
2.041200000000005275e+03
1.947200000000005502e+03
1.874400000000005321e+03
1.838000000000005230e+03
1.849000000000005230e+03
1.925600000000005366e+03
2.063600000000005821e+03
2.233000000000005457e+03
2.412800000000005184e+03
2.568600000000005366e+03
2.661800000000005184e+03
2.710000000000005002e+03
2.723800000000005639e+03
2.706600000000005821e+03
2.667800000000005639e+03
2.635600000000005821e+03
2.591400000000006003e+03
2.524200000000006185e+03
2.467800000000006094e+03
2.413600000000005821e+03
2.380400000000006003e+03
2.335000000000005912e+03
2.275000000000006366e+03
2.194000000000006366e+03
2.119800000000006094e+03
2.019200000000005957e+03
1.936600000000006048e+03
1.893400000000006230e+03
1.886600000000006048e+03
1.925600000000006048e+03
2.018000000000005684e+03
2.144600000000006276e+03
2.290200000000006185e+03
2.428000000000006366e+03
2.521200000000006185e+03
2.586400000000005548e+03
2.605200000000006185e+03
2.587400000000006003e+03
2.561800000000006094e+03
2.554200000000005275e+03
2.526200000000005730e+03
2.486400000000005548e+03
2.447200000000005730e+03
2.409800000000005639e+03
2.366800000000005639e+03
2.309400000000006003e+03
2.243800000000005639e+03
2.169200000000005730e+03
2.079400000000005548e+03
1.980800000000005411e+03
1.903600000000005139e+03
1.853800000000004957e+03
1.827800000000005184e+03
1.834400000000005093e+03
1.878800000000004957e+03
1.945600000000005366e+03
2.026200000000005048e+03
2.112200000000005275e+03
2.177800000000005639e+03
2.208400000000005093e+03
2.201400000000005093e+03
2.170200000000005275e+03
2.131400000000005548e+03
2.126800000000005184e+03
2.146000000000005457e+03
2.183400000000005093e+03
2.228200000000004820e+03
2.281600000000005366e+03
2.310000000000005457e+03
2.287200000000005730e+03
2.239200000000006185e+03
2.175000000000005457e+03
2.090600000000005366e+03
1.987200000000005957e+03
1.920600000000006048e+03
1.885800000000005639e+03
1.891400000000005775e+03
1.940400000000006003e+03
2.054800000000005639e+03
1.789200000000005957e+03
1.512600000000005593e+03
1.306200000000005730e+03
1.212000000000005684e+03
1.173400000000005775e+03
1.529400000000005775e+03
1.885400000000006003e+03
2.149800000000005639e+03
2.259600000000005821e+03
2.295400000000005548e+03
2.310600000000005821e+03
2.303400000000005548e+03
2.294200000000005275e+03
2.315800000000005184e+03
2.267800000000004729e+03
2.190000000000005002e+03
2.113200000000005275e+03
2.024000000000005230e+03
1.907200000000005275e+03
1.835400000000005321e+03
1.801000000000005457e+03
1.815600000000005593e+03
1.895200000000005048e+03
2.042400000000005548e+03
2.221000000000005457e+03
2.413600000000005366e+03
2.580600000000004911e+03
2.686200000000005275e+03
2.738200000000005275e+03
2.747200000000004820e+03
2.720000000000005457e+03
2.677400000000005093e+03
2.645800000000004729e+03
2.596600000000005366e+03
2.525800000000005184e+03
2.456200000000005275e+03
2.398600000000005366e+03
2.340000000000005002e+03
2.268600000000004911e+03
2.191600000000004457e+03
2.105600000000004911e+03
2.006200000000005048e+03
1.902800000000005184e+03
1.827600000000004911e+03
1.789600000000005139e+03
1.803800000000004729e+03
1.884200000000004820e+03
2.024400000000004866e+03
2.211800000000005184e+03
2.416200000000005275e+03
2.581200000000005275e+03
2.678000000000005002e+03
2.725000000000005457e+03
2.719200000000005730e+03
2.681000000000005912e+03
2.645800000000006094e+03
2.638800000000006094e+03
2.615600000000006276e+03
2.572000000000006366e+03
2.537600000000006276e+03
2.516800000000006548e+03
2.491200000000006185e+03
2.366400000000006457e+03
2.244400000000006457e+03
2.111800000000006094e+03
1.967800000000006094e+03
1.818000000000006366e+03
1.785600000000006276e+03
1.786800000000006321e+03
1.807000000000006139e+03
1.868600000000006276e+03
2.001200000000006412e+03
2.177600000000005821e+03
2.360000000000006366e+03
2.536800000000007003e+03
2.649600000000006730e+03
2.697400000000006912e+03
2.687400000000006912e+03
2.642000000000007276e+03
2.586800000000007458e+03
2.562400000000007367e+03
2.519200000000007549e+03
2.463400000000007822e+03
2.406400000000007822e+03
2.346200000000008004e+03
2.277600000000007640e+03
2.203800000000007913e+03
2.122400000000008276e+03
2.034000000000008185e+03
1.936000000000007731e+03
1.841000000000007731e+03
1.771000000000007503e+03
1.740600000000007640e+03
1.760400000000007822e+03
1.849600000000007412e+03
2.002000000000007503e+03
2.186600000000007640e+03
2.376000000000007731e+03
2.550000000000007276e+03
2.639800000000007458e+03
2.665200000000008004e+03
2.646400000000007822e+03
2.600400000000007822e+03
2.531000000000007731e+03
2.511800000000007458e+03
2.493400000000007367e+03
2.461600000000007185e+03
2.413000000000007276e+03
2.365400000000007367e+03
2.293000000000007276e+03
2.208600000000007640e+03
2.115200000000008004e+03
2.030000000000007958e+03
1.940800000000007913e+03
1.852600000000008095e+03
1.787200000000008231e+03
1.750600000000008095e+03
1.752400000000008276e+03
1.808400000000008049e+03
1.918200000000008458e+03
2.059200000000008458e+03
2.225000000000008640e+03
2.356800000000008822e+03
2.432000000000008640e+03
2.463000000000008185e+03
2.456400000000008276e+03
2.415800000000007913e+03
2.377000000000008640e+03
2.369200000000008458e+03
2.365200000000008458e+03
2.343600000000008549e+03
2.308600000000008549e+03
2.273800000000008367e+03
2.218000000000008185e+03
2.147200000000008458e+03
2.069400000000008276e+03
1.991600000000008095e+03
1.911200000000008004e+03
1.830200000000008231e+03
1.764400000000008049e+03
1.722800000000007913e+03
1.709200000000008004e+03
1.728600000000008322e+03
1.779800000000008367e+03
1.851000000000008413e+03
1.938400000000008276e+03
2.003600000000007867e+03
2.044400000000008049e+03
2.057400000000007822e+03
2.041200000000007776e+03
2.002800000000007685e+03
1.994400000000007822e+03
2.003000000000007503e+03
2.046400000000007594e+03
2.083600000000007640e+03
2.123200000000007549e+03
2.143600000000007640e+03
2.151400000000007367e+03
2.115200000000007094e+03
2.062200000000007549e+03
1.991200000000007321e+03
1.912200000000007776e+03
1.828600000000007640e+03
1.767000000000007731e+03
1.742600000000007640e+03
1.767200000000007549e+03
1.855000000000007503e+03
2.007200000000007776e+03
2.191600000000007640e+03
2.386000000000007731e+03
2.534400000000007367e+03
2.616000000000007276e+03
2.645200000000007094e+03
2.632200000000007094e+03
2.591600000000007185e+03
2.555400000000006912e+03
2.541200000000007094e+03
2.519400000000006457e+03
2.478600000000006730e+03
2.427200000000007094e+03
2.383200000000006639e+03
2.329400000000006457e+03
2.261200000000006185e+03
2.183400000000006457e+03
2.098000000000006366e+03
2.004200000000006639e+03
1.906800000000006548e+03
1.835400000000006230e+03
1.802600000000006276e+03
1.823000000000006366e+03
1.908800000000006094e+03
2.060000000000006366e+03
2.244800000000006094e+03
2.445400000000006003e+03
2.612200000000006185e+03
2.712000000000006821e+03
2.758600000000006276e+03
2.752400000000006457e+03
2.709200000000006185e+03
2.658600000000006276e+03
2.636800000000006094e+03
2.608000000000006366e+03
2.573000000000006366e+03
2.531600000000006276e+03
2.500000000000006366e+03
2.453800000000006094e+03
2.385800000000006094e+03
2.302600000000005821e+03
2.213400000000006457e+03
2.111200000000006639e+03
2.003600000000006503e+03
1.924000000000006594e+03
1.883200000000006867e+03
1.890400000000006685e+03
1.961800000000007003e+03
2.099000000000006821e+03
2.276400000000006912e+03
2.467800000000006548e+03
2.632400000000006003e+03
2.732000000000006821e+03
2.782800000000007003e+03
2.792000000000006366e+03
2.766200000000007094e+03
2.725600000000006730e+03
2.707400000000006912e+03
2.680200000000006639e+03
2.631200000000007094e+03
2.574200000000006639e+03
2.523600000000006730e+03
2.460800000000006548e+03
2.373200000000006185e+03
2.275200000000005730e+03
2.176200000000006185e+03
2.073800000000006094e+03
1.971200000000005730e+03
1.902000000000005684e+03
1.868400000000005548e+03
1.883600000000005139e+03
1.961800000000005639e+03
2.105800000000005639e+03
2.285800000000005184e+03
2.480000000000005457e+03
2.645200000000005275e+03
2.748600000000005366e+03
2.803400000000005548e+03
2.812400000000006003e+03
2.786200000000005730e+03
2.743800000000005639e+03
2.722400000000005548e+03
2.678400000000005548e+03
2.605400000000005093e+03
2.525000000000005457e+03
2.444600000000005366e+03
2.358200000000005730e+03
2.272400000000005548e+03
2.188400000000005548e+03
2.103400000000005548e+03
2.019800000000005411e+03
1.931000000000005230e+03
1.862000000000005457e+03
1.826000000000005457e+03
1.834400000000005775e+03
1.906200000000005730e+03
2.035000000000005912e+03
2.194800000000005639e+03
2.379200000000005730e+03
2.548000000000005912e+03
2.656600000000005366e+03
2.719400000000005093e+03
2.741400000000005548e+03
2.723200000000005730e+03
2.685600000000005821e+03
2.671000000000005912e+03
2.643800000000006094e+03
2.600400000000006003e+03
2.549400000000005548e+03
2.508400000000006003e+03
2.451600000000005821e+03
2.384000000000006366e+03
2.304200000000006639e+03
2.221800000000006548e+03
2.122400000000006912e+03
2.021600000000006503e+03
1.943400000000006457e+03
1.900800000000006548e+03
1.893200000000006639e+03
1.937200000000006412e+03
2.031600000000006730e+03
2.162000000000006366e+03
2.306400000000006457e+03
2.431800000000006094e+03
2.514000000000005912e+03
2.558600000000005821e+03
2.556800000000005639e+03
2.523200000000006185e+03
2.486600000000005821e+03
2.475600000000006276e+03
2.463200000000006185e+03
2.445400000000006457e+03
2.426200000000006639e+03
2.411200000000007094e+03
2.375400000000006457e+03
2.335400000000006457e+03
2.270200000000006185e+03
2.197200000000006639e+03
2.112000000000006821e+03
2.024600000000006730e+03
1.942600000000006503e+03
1.895400000000006912e+03
1.867600000000006503e+03
1.867800000000006548e+03
1.901600000000006958e+03
1.946000000000006821e+03
1.995600000000006730e+03
2.050400000000006912e+03
2.090000000000006821e+03
2.109000000000006821e+03
2.112600000000006730e+03
2.104600000000007185e+03
2.090800000000007003e+03
2.112200000000007094e+03
2.142000000000007276e+03
2.175000000000007276e+03
2.214000000000007731e+03
2.256600000000007640e+03
2.273200000000007549e+03
2.251600000000007640e+03
2.199400000000007822e+03
2.124000000000007731e+03
2.034400000000007594e+03
1.933400000000007822e+03
1.866000000000007503e+03
1.828400000000007822e+03
1.834000000000007731e+03
1.897200000000007549e+03
2.026000000000007731e+03
2.184600000000007640e+03
2.359000000000007731e+03
2.512800000000007913e+03
2.610200000000008004e+03
2.663200000000008004e+03
2.684600000000007640e+03
2.681400000000007822e+03
2.669000000000007731e+03
2.672200000000007549e+03
2.647400000000007367e+03
2.589400000000007822e+03
2.522000000000007731e+03
2.452800000000007913e+03
2.369200000000008004e+03
2.283000000000008185e+03
2.199000000000008185e+03
2.109600000000008095e+03
2.011600000000008549e+03
1.912200000000008458e+03
1.834400000000008731e+03
1.784800000000008822e+03
1.783200000000008686e+03
1.843800000000008367e+03
1.970400000000008504e+03
2.135000000000008640e+03
2.317800000000008367e+03
2.470000000000008185e+03
2.570600000000008095e+03
2.625400000000008276e+03
2.638400000000008276e+03
2.621400000000008276e+03
2.596800000000008367e+03
2.587400000000008731e+03
2.564200000000008913e+03
2.522800000000008367e+03
2.473600000000008095e+03
2.428800000000008367e+03
2.373400000000008731e+03
2.303000000000008185e+03
2.219800000000008367e+03
2.129000000000008640e+03
2.026600000000008322e+03
1.923800000000008367e+03
1.847200000000008231e+03
1.804000000000008413e+03
1.811800000000008367e+03
1.879800000000008367e+03
2.011200000000008458e+03
2.187800000000008367e+03
2.372800000000007913e+03
2.534000000000008185e+03
2.638000000000008185e+03
2.691800000000007913e+03
2.698000000000008185e+03
2.680200000000008458e+03
2.644400000000008276e+03
2.627800000000008822e+03
2.596000000000008640e+03
2.546400000000008276e+03
2.490600000000008549e+03
2.439000000000009095e+03
2.381800000000008822e+03
2.311600000000009004e+03
2.227000000000008640e+03
2.135200000000008458e+03
2.034600000000008549e+03
1.928600000000008549e+03
1.849400000000008959e+03
1.808800000000008595e+03
1.817600000000008777e+03
1.892800000000009049e+03
2.031600000000009231e+03
2.207200000000008913e+03
2.389800000000008822e+03
2.543400000000008276e+03
2.638200000000008458e+03
2.682200000000008004e+03
2.684400000000008731e+03
2.662000000000008185e+03
2.631400000000007822e+03
2.620200000000007549e+03
2.596400000000007822e+03
2.555000000000007731e+03
2.506000000000008185e+03
2.465200000000008004e+03
2.415800000000007913e+03
2.350000000000007731e+03
2.271400000000008276e+03
2.183200000000008458e+03
2.078800000000008367e+03
1.961200000000008686e+03
1.874200000000008686e+03
1.820600000000008549e+03
1.820600000000008549e+03
1.878600000000008549e+03
1.999800000000008595e+03
2.154400000000008731e+03
2.320400000000008731e+03
2.456800000000008822e+03
2.542400000000009186e+03
2.585000000000009095e+03
2.587600000000009004e+03
2.569600000000009004e+03
2.544200000000009368e+03
2.541200000000008913e+03
2.528200000000009368e+03
2.495200000000009368e+03
2.446600000000009913e+03
2.398000000000009550e+03
2.336600000000009004e+03
2.262400000000009186e+03
2.181000000000009550e+03
2.096600000000009459e+03
2.002000000000009550e+03
1.903200000000009595e+03
1.824400000000009641e+03
1.781400000000009641e+03
1.777000000000009550e+03
1.828600000000009459e+03
1.933600000000009459e+03
2.073400000000009641e+03
2.222200000000009368e+03
2.352000000000009095e+03
2.432800000000009732e+03
2.472000000000009550e+03
2.479200000000009368e+03
2.468000000000008640e+03
2.451600000000009004e+03
2.459200000000008913e+03
2.459600000000009459e+03
2.437400000000009186e+03
2.394200000000008913e+03
2.346400000000009186e+03
2.281600000000009004e+03
2.200000000000009095e+03
2.109200000000008913e+03
2.011200000000008686e+03
1.911600000000008549e+03
1.827200000000008458e+03
1.763400000000008504e+03
1.724600000000008777e+03
1.725200000000008686e+03
1.750000000000008640e+03
1.795400000000008504e+03
1.853200000000008458e+03
1.928200000000008458e+03
1.992800000000008595e+03
2.043600000000008549e+03
2.060200000000008913e+03
2.063000000000008640e+03
2.042200000000008913e+03
2.019400000000009186e+03
2.026600000000009459e+03
2.050200000000008913e+03
2.078600000000009459e+03
2.107400000000009186e+03
2.134800000000009277e+03
2.135400000000008731e+03
2.107400000000009186e+03
2.049200000000008913e+03
1.975400000000008731e+03
1.892000000000009095e+03
1.807200000000009140e+03
1.747200000000008686e+03
1.723000000000008640e+03
1.748800000000008822e+03
1.839400000000008276e+03
1.992200000000008686e+03
2.178600000000008549e+03
2.370400000000008731e+03
2.531600000000008549e+03
2.627000000000008640e+03
2.672000000000008185e+03
2.680000000000008640e+03
2.665400000000008731e+03
2.642800000000008822e+03
2.642800000000008822e+03
2.629800000000009277e+03
2.588200000000008913e+03
2.534200000000008913e+03
2.481200000000008913e+03
2.410800000000009277e+03
2.322400000000009641e+03
2.226400000000009641e+03
2.124000000000009550e+03
2.016400000000009413e+03
1.913000000000009550e+03
1.841400000000009413e+03
1.808400000000009641e+03
1.825000000000009550e+03
1.903600000000009686e+03
2.043200000000009368e+03
2.210200000000009823e+03
2.388200000000009823e+03
2.542800000000009277e+03
2.634800000000009277e+03
2.677200000000009368e+03
2.686400000000009641e+03
2.666800000000009277e+03
2.640600000000009004e+03
2.638600000000009004e+03
2.624400000000009641e+03
2.591400000000009186e+03
2.531200000000009368e+03
2.465200000000009368e+03
2.383400000000009641e+03
2.297000000000009095e+03
2.196800000000009277e+03
2.109000000000009095e+03
2.012200000000008913e+03
1.919600000000009004e+03
1.845400000000008959e+03
1.808600000000009004e+03
1.824000000000008640e+03
1.905600000000009004e+03
2.044800000000008595e+03
2.213000000000008640e+03
2.387400000000008731e+03
2.538000000000009095e+03
2.624000000000008640e+03
2.660000000000008640e+03
2.663200000000008458e+03
2.645400000000008276e+03
2.614800000000008367e+03
2.608000000000008185e+03
2.591600000000008095e+03
2.552800000000008367e+03
2.501800000000008367e+03
2.448400000000008731e+03
2.385000000000009095e+03
2.301600000000008549e+03
2.210400000000008731e+03
2.107200000000009368e+03
2.002400000000009413e+03
1.895200000000009140e+03
1.822200000000008913e+03
1.788600000000009231e+03
1.808000000000009095e+03
1.880400000000009413e+03
2.020600000000009231e+03
2.210400000000008731e+03
2.388800000000009277e+03
2.533400000000009186e+03
2.603600000000009459e+03
2.630800000000008822e+03
2.607800000000008822e+03
2.587000000000008185e+03
2.570800000000008367e+03
2.587800000000008367e+03
2.584400000000008731e+03
2.548000000000008185e+03
2.482600000000008095e+03
2.405600000000008095e+03
2.323200000000008004e+03
2.221000000000008640e+03
2.117600000000008549e+03
2.018800000000008367e+03
1.922600000000008549e+03
1.830800000000008595e+03
1.770000000000008413e+03
1.742000000000008413e+03
1.757800000000008367e+03
1.837600000000008322e+03
1.970400000000008504e+03
2.133800000000008822e+03
2.310200000000008004e+03
2.456600000000008095e+03
2.543800000000007913e+03
2.586800000000008822e+03
2.593000000000008640e+03
2.567800000000008822e+03
2.553400000000008731e+03
2.555400000000008731e+03
2.539200000000008913e+03
2.504200000000008913e+03
2.455800000000008822e+03
2.386600000000009004e+03
2.301200000000008458e+03
2.211000000000008640e+03
2.109600000000009004e+03
2.009400000000008959e+03
1.913200000000008913e+03
1.822200000000008913e+03
1.756600000000008777e+03
1.725400000000008731e+03
1.737800000000008595e+03
1.795200000000008686e+03
1.903800000000008595e+03
2.045600000000008549e+03
2.195400000000008731e+03
2.323800000000009277e+03
2.405600000000009004e+03
2.450200000000008913e+03
2.461200000000008913e+03
2.457200000000008913e+03
2.452600000000009004e+03
2.478400000000008731e+03
2.486000000000008640e+03
2.468800000000009277e+03
2.431800000000008822e+03
2.377000000000008640e+03
2.295400000000008731e+03
2.209200000000008913e+03
2.112200000000008913e+03
2.016400000000008959e+03
1.925600000000009004e+03
1.838600000000008777e+03
1.777400000000008731e+03
1.746400000000008731e+03
1.738400000000008504e+03
1.763800000000008367e+03
1.819200000000008458e+03
1.885800000000008595e+03
1.960600000000008777e+03
2.033000000000008640e+03
2.082200000000008458e+03
2.109200000000008458e+03
2.112200000000008004e+03
2.099800000000008367e+03
2.088400000000008276e+03
2.108800000000008367e+03
2.139400000000008276e+03
2.174000000000008185e+03
2.196600000000008095e+03
2.214000000000007731e+03
2.194800000000008367e+03
2.147400000000008276e+03
2.071600000000008549e+03
1.991800000000008367e+03
1.902400000000008731e+03
1.818000000000008413e+03
1.757600000000008549e+03
1.738800000000008367e+03
1.761600000000008777e+03
1.844000000000009095e+03
1.987000000000009095e+03
2.159800000000009277e+03
2.332400000000008731e+03
2.483400000000008276e+03
2.572400000000008731e+03
2.608200000000008913e+03
2.611400000000008731e+03
2.596400000000009186e+03
2.571600000000009459e+03
2.571600000000009459e+03
2.556200000000009368e+03
2.511600000000009459e+03
2.471200000000009368e+03
2.398000000000009550e+03
2.299200000000009368e+03
2.200800000000008822e+03
2.102400000000009186e+03
1.981000000000008640e+03
1.886600000000008777e+03
1.803800000000008822e+03
1.743800000000008822e+03
1.719600000000008777e+03
1.742600000000008777e+03
1.825800000000008822e+03
1.966200000000008458e+03
2.130200000000008458e+03
2.295200000000008913e+03
2.430600000000008549e+03
2.507000000000008640e+03
2.535200000000008004e+03
2.525400000000008276e+03
2.505200000000008458e+03
2.487600000000008095e+03
2.498200000000007549e+03
2.496200000000008004e+03
2.483600000000008095e+03
2.437200000000008004e+03
2.358000000000008185e+03
2.249400000000007822e+03
2.136000000000007731e+03
2.011600000000007867e+03
1.900000000000007731e+03
1.809400000000007594e+03
1.731000000000007731e+03
1.673600000000007640e+03
1.653800000000007458e+03
1.676200000000007776e+03
1.758400000000007822e+03
1.894200000000007776e+03
2.057200000000008004e+03
2.221400000000007822e+03
2.355600000000008095e+03
2.430600000000008095e+03
2.459000000000007731e+03
2.453800000000007913e+03
2.434000000000007731e+03
2.419600000000007640e+03
2.433200000000007094e+03
2.429800000000007458e+03
2.398600000000006730e+03
2.344600000000006730e+03
2.268000000000007276e+03
2.154600000000007185e+03
2.034000000000007049e+03
1.917400000000007140e+03
1.808400000000007140e+03
1.711800000000007230e+03
1.634400000000007140e+03
1.589600000000007185e+03
1.579400000000007140e+03
1.611400000000006912e+03
1.700600000000006730e+03
1.842200000000006867e+03
2.006600000000006958e+03
2.173400000000007367e+03
2.314800000000007003e+03
2.397200000000007094e+03
2.432600000000007185e+03
2.437400000000007367e+03
2.426800000000007458e+03
2.412400000000007367e+03
2.425800000000007458e+03
2.425200000000007549e+03
2.401000000000006821e+03
2.357600000000007185e+03
2.292200000000007094e+03
2.175600000000007185e+03
2.056800000000007003e+03
1.933000000000006821e+03
1.810800000000006776e+03
1.703800000000006776e+03
1.632200000000006639e+03
1.588600000000006958e+03
1.582600000000006958e+03
1.620800000000007230e+03
1.713400000000007594e+03
1.860800000000007230e+03
2.031400000000007140e+03
2.209000000000007276e+03
2.364400000000007367e+03
2.464200000000007549e+03
2.512200000000007094e+03
2.520000000000006821e+03
2.494400000000006457e+03
2.454400000000006912e+03
2.442000000000006366e+03
2.420200000000006639e+03
2.387400000000006457e+03
2.354800000000006548e+03
2.308600000000006276e+03
2.225000000000006366e+03
2.132600000000006276e+03
2.028600000000006276e+03
1.918800000000006321e+03
1.819400000000006230e+03
1.739600000000006503e+03
1.693800000000006321e+03
1.685600000000006276e+03
1.708000000000006139e+03
1.761600000000006276e+03
1.838000000000006366e+03
1.914800000000006321e+03
1.984400000000006457e+03
2.041400000000006457e+03
2.077200000000007094e+03
2.092200000000006639e+03
2.086600000000006730e+03
2.069200000000006639e+03
2.061400000000006912e+03
2.107200000000006639e+03
2.157000000000006821e+03
2.199800000000006548e+03
2.236800000000006094e+03
2.256800000000006094e+03
2.221600000000005821e+03
2.162000000000005912e+03
2.088400000000005548e+03
2.004400000000005775e+03
1.914800000000005639e+03
1.825800000000005639e+03
1.765000000000005457e+03
1.730000000000005684e+03
1.717800000000005411e+03
1.733400000000005321e+03
1.774200000000005502e+03
1.824800000000005411e+03
1.883000000000005457e+03
1.942000000000005457e+03
1.987800000000005639e+03
2.013200000000005502e+03
2.017000000000005457e+03
2.003800000000005639e+03
1.990600000000005593e+03
2.016200000000005502e+03
2.051200000000005730e+03
2.086800000000006094e+03
2.128600000000005821e+03
2.161600000000005821e+03
2.150200000000005730e+03
2.113600000000005821e+03
2.056400000000005548e+03
1.981200000000005730e+03
1.899400000000005548e+03
1.822800000000005866e+03
1.769000000000005457e+03
1.742400000000005548e+03
1.743400000000005548e+03
1.776000000000005457e+03
1.833000000000005457e+03
1.908800000000005866e+03
1.988800000000005411e+03
2.056600000000005366e+03
2.100000000000005457e+03
2.120400000000005548e+03
2.117800000000005639e+03
2.100000000000005457e+03
2.087600000000005366e+03
2.114000000000005912e+03
2.147800000000005639e+03
2.181400000000005548e+03
2.210800000000005184e+03
2.224600000000005366e+03
2.206400000000005548e+03
2.166600000000004911e+03
2.097200000000005275e+03
2.020600000000005366e+03
1.941600000000004911e+03
1.861000000000005230e+03
1.801000000000005457e+03
1.779600000000005593e+03
1.794400000000005321e+03
1.865800000000005411e+03
1.991800000000005639e+03
2.152400000000006003e+03
2.322200000000005730e+03
2.475000000000005912e+03
2.576200000000006639e+03
2.631200000000006185e+03
2.645800000000006094e+03
2.630000000000005912e+03
2.598400000000006003e+03
2.589200000000006185e+03
2.566000000000006366e+03
2.521800000000006548e+03
2.470800000000006094e+03
2.425400000000006003e+03
2.358600000000006276e+03
2.282600000000006276e+03
2.200200000000005730e+03
2.112200000000006185e+03
2.019200000000005730e+03
1.929800000000005866e+03
1.865400000000006003e+03
1.830600000000006048e+03
1.837400000000006003e+03
1.901800000000006094e+03
2.027200000000006185e+03
2.185400000000006457e+03
2.356800000000006094e+03
2.511400000000006912e+03
2.607400000000006912e+03
2.657600000000006730e+03
2.665800000000006548e+03
2.648600000000006730e+03
2.619000000000006366e+03
2.615000000000006366e+03
2.591800000000006548e+03
2.549200000000006185e+03
2.497000000000005912e+03
2.441400000000006003e+03
2.368400000000006003e+03
2.289000000000005912e+03
2.201800000000005639e+03
2.107000000000005912e+03
2.010000000000005912e+03
1.916200000000005502e+03
1.851000000000005457e+03
1.822400000000005775e+03
1.842800000000005866e+03
1.922400000000005775e+03
2.060200000000005730e+03
2.228400000000006003e+03
2.405800000000006094e+03
2.557400000000006003e+03
2.648600000000005821e+03
2.688200000000005275e+03
2.686400000000005548e+03
2.653800000000005184e+03
2.609000000000005457e+03
2.591000000000005457e+03
2.557600000000005821e+03
2.499600000000005821e+03
2.438600000000005821e+03
2.366400000000005548e+03
2.272600000000005366e+03
2.176600000000005366e+03
2.081200000000005275e+03
1.981200000000005502e+03
1.894200000000005275e+03
1.813400000000005093e+03
1.760400000000005321e+03
1.740800000000005184e+03
1.765000000000005230e+03
1.845600000000005366e+03
1.984000000000005002e+03
2.153600000000004911e+03
2.330000000000004547e+03
2.483200000000004820e+03
2.574200000000004820e+03
2.617000000000004547e+03
2.615000000000004547e+03
2.586000000000004093e+03
2.547600000000004002e+03
2.538000000000003638e+03
2.515000000000003638e+03
2.463600000000003092e+03
2.399600000000003092e+03
2.327400000000002365e+03
2.233200000000002547e+03
2.130600000000002638e+03
2.034200000000002319e+03
1.940800000000002228e+03
1.851400000000002137e+03
1.770400000000002137e+03
1.719400000000002365e+03
1.700200000000002319e+03
1.717200000000002092e+03
1.782400000000002365e+03
1.897200000000002547e+03
2.036200000000002774e+03
2.185600000000002638e+03
2.316000000000002728e+03
2.392200000000002547e+03
2.427400000000002365e+03
2.432000000000002274e+03
2.410200000000002547e+03
2.373000000000002274e+03
2.388400000000002365e+03
2.392200000000001637e+03
2.367800000000002001e+03
2.326200000000002092e+03
2.282800000000002001e+03
2.193800000000002001e+03
2.096200000000001637e+03
1.998800000000001774e+03
1.908000000000002046e+03
1.825200000000001637e+03
1.751200000000001864e+03
1.700200000000001637e+03
1.676000000000001592e+03
1.677400000000001910e+03
1.709600000000001728e+03
1.767800000000001774e+03
1.839400000000001683e+03
1.920600000000001728e+03
1.995000000000001819e+03
2.042800000000001774e+03
2.067000000000001819e+03
2.065200000000001637e+03
2.041400000000001455e+03
2.016200000000001410e+03
2.022400000000001455e+03
2.048400000000001455e+03
2.078200000000001637e+03
2.103800000000002001e+03
2.119200000000001637e+03
2.102400000000001910e+03
2.045200000000001864e+03
1.967000000000001592e+03
1.881400000000001455e+03
1.796000000000001592e+03
1.717400000000001455e+03
1.671200000000000955e+03
1.657000000000001364e+03
1.687800000000001546e+03
1.777200000000001637e+03
1.924200000000001864e+03
2.102600000000001728e+03
2.287600000000001728e+03
2.438400000000001455e+03
2.516800000000001546e+03
2.535600000000001728e+03
2.511800000000001546e+03
2.463200000000001637e+03
2.415400000000001910e+03
2.407600000000002183e+03
2.396000000000002274e+03
2.367000000000002274e+03
2.315200000000002092e+03
2.248000000000002274e+03
2.154400000000001910e+03
2.046200000000001637e+03
1.935800000000001546e+03
1.839200000000001410e+03
1.752800000000001319e+03
1.676800000000001546e+03
1.638000000000001364e+03
1.635200000000001410e+03
1.672200000000001637e+03
1.766600000000001728e+03
1.913800000000001546e+03
2.082400000000001910e+03
2.250800000000001546e+03
2.394000000000001364e+03
2.475600000000001728e+03
2.509200000000002092e+03
2.505200000000001637e+03
2.479800000000002001e+03
2.453600000000001728e+03
2.458000000000001819e+03
2.452400000000001455e+03
2.421800000000002001e+03
2.361600000000001728e+03
2.293000000000001819e+03
2.191200000000002092e+03
2.077400000000002365e+03
1.967600000000002410e+03
1.876400000000002137e+03
1.787000000000001819e+03
1.714400000000001910e+03
1.670800000000002001e+03
1.664800000000001774e+03
1.705600000000001955e+03
1.803400000000001910e+03
1.957400000000001910e+03
2.138600000000001728e+03
2.318400000000001455e+03
2.463600000000001728e+03
2.543600000000001273e+03
2.575000000000000909e+03
2.565600000000001273e+03
2.530800000000001546e+03
2.501400000000001000e+03
2.502000000000000909e+03
2.486200000000001182e+03
2.450200000000001182e+03
2.398600000000001273e+03
2.324800000000001091e+03
2.220400000000001455e+03
2.106400000000001000e+03
1.992800000000001091e+03
1.889800000000001319e+03
1.795400000000001455e+03
1.718000000000001364e+03
1.674800000000001546e+03
1.664000000000001364e+03
1.699200000000001410e+03
1.797800000000001546e+03
1.949800000000001091e+03
2.123000000000000909e+03
2.296800000000001091e+03
2.435400000000001455e+03
2.506200000000001637e+03
2.526800000000001091e+03
2.515400000000001000e+03
2.489800000000001546e+03
2.467200000000001182e+03
2.475000000000000909e+03
2.473000000000000909e+03
2.441000000000001364e+03
2.388800000000001546e+03
2.313600000000001728e+03
2.206600000000002183e+03
2.088400000000002365e+03
1.971800000000002228e+03
1.862600000000002183e+03
1.770200000000001864e+03
1.695400000000002137e+03
1.652600000000002410e+03
1.644400000000002365e+03
1.683200000000002547e+03
1.780400000000002365e+03
1.931400000000002592e+03
2.102800000000002910e+03
2.280400000000002819e+03
2.425000000000002728e+03
2.500600000000003092e+03
2.524400000000002819e+03
2.515200000000003001e+03
2.486600000000002638e+03
2.458600000000002638e+03
2.462000000000002728e+03
2.450400000000002819e+03
2.410800000000002001e+03
2.347200000000002092e+03
2.258400000000002365e+03
2.139600000000002638e+03
2.021600000000002638e+03
1.910400000000002365e+03
1.809000000000002501e+03
1.726400000000002819e+03
1.660800000000002456e+03
1.621200000000002774e+03
1.611000000000002728e+03
1.638800000000002683e+03
1.708800000000002910e+03
1.823600000000002865e+03
1.957400000000003047e+03
2.094000000000003183e+03
2.207800000000002910e+03
2.271000000000003183e+03
2.293600000000002638e+03
2.280000000000003183e+03
2.252800000000003365e+03
2.240000000000003638e+03
2.268000000000003183e+03
2.291600000000003092e+03
2.304400000000003274e+03
2.298000000000002728e+03
2.259200000000003001e+03
2.182800000000002910e+03
2.087600000000002638e+03
1.986200000000003001e+03
1.890200000000003001e+03
1.801800000000002910e+03
1.725200000000003001e+03
1.680800000000002910e+03
1.661200000000003001e+03
1.668800000000002683e+03
1.711400000000002592e+03
1.782600000000002865e+03
1.861200000000002774e+03
1.945600000000002410e+03
2.018000000000002728e+03
2.060600000000002638e+03
2.069600000000002183e+03
2.055400000000002365e+03
2.028000000000002501e+03
2.001200000000002547e+03
2.010800000000002456e+03
2.034600000000002410e+03
2.058800000000002456e+03
2.080000000000002274e+03
2.089600000000002183e+03
2.061800000000002456e+03
2.011000000000002046e+03
1.941200000000002319e+03
1.863400000000002137e+03
1.785400000000002365e+03
1.716000000000002501e+03
1.675600000000002410e+03
1.673400000000002592e+03
1.707400000000002592e+03
1.794000000000002728e+03
1.933200000000002547e+03
2.096600000000002638e+03
2.262400000000002365e+03
2.405000000000002728e+03
2.489200000000003001e+03
2.527400000000002819e+03
2.526400000000003274e+03
2.500800000000002910e+03
2.475000000000002728e+03
2.481800000000002910e+03
2.477000000000003183e+03
2.463400000000003274e+03
2.415600000000003547e+03
2.371000000000003183e+03
2.283000000000003183e+03
2.189800000000003820e+03
2.080800000000003820e+03
1.993000000000003638e+03
1.892000000000003638e+03
1.817800000000003365e+03
1.768600000000003092e+03
1.759000000000003638e+03
1.794600000000003774e+03
1.892000000000003638e+03
2.047800000000004047e+03
2.230800000000003820e+03
2.416000000000003638e+03
2.575000000000004093e+03
2.668600000000004457e+03
2.710600000000004002e+03
2.713800000000004275e+03
2.694600000000004911e+03
2.664000000000005002e+03
2.656400000000005093e+03
2.629800000000005184e+03
2.576200000000004820e+03
2.505400000000005093e+03
2.423400000000005093e+03
2.322600000000004911e+03
2.223400000000005093e+03
2.133000000000005002e+03
2.049400000000005093e+03
1.964400000000005548e+03
1.889000000000005457e+03
1.836800000000005639e+03
1.815400000000005321e+03
1.835000000000005002e+03
1.925800000000005184e+03
2.079800000000005184e+03
2.262200000000004820e+03
2.435800000000005184e+03
2.578400000000005093e+03
2.659200000000004820e+03
2.682800000000004729e+03
2.671600000000004911e+03
2.652200000000004820e+03
2.633000000000005002e+03
2.636400000000005093e+03
2.618200000000005275e+03
2.565000000000005002e+03
2.490400000000004638e+03
2.402000000000004547e+03
2.294000000000004547e+03
2.182400000000004638e+03
2.073600000000004911e+03
1.968600000000004684e+03
1.869600000000004684e+03
1.777800000000005184e+03
1.720000000000005230e+03
1.703000000000005002e+03
1.736000000000005002e+03
1.827200000000004820e+03
1.974400000000004866e+03
2.147800000000005184e+03
2.318600000000005366e+03
2.456200000000005275e+03
2.535200000000005275e+03
2.566200000000005275e+03
2.559200000000004820e+03
2.538600000000005366e+03
2.511000000000005002e+03
2.507400000000005093e+03
2.489000000000005457e+03
2.449600000000005366e+03
2.382400000000006003e+03
2.323200000000005730e+03
2.212400000000005548e+03
2.105600000000005366e+03
1.993200000000005502e+03
1.895400000000005775e+03
1.787200000000005730e+03
1.717800000000005866e+03
1.669000000000005912e+03
1.662000000000005457e+03
1.697200000000005730e+03
1.793000000000005684e+03
1.943400000000005548e+03
2.120400000000005548e+03
2.294000000000005457e+03
2.437400000000005548e+03
2.510800000000005639e+03
2.530000000000005912e+03
2.516800000000005639e+03
2.487400000000006003e+03
2.455600000000005821e+03
2.451200000000005730e+03
2.440800000000005639e+03
2.402200000000005730e+03
2.346000000000005457e+03
2.272600000000005821e+03
2.174200000000005730e+03
2.062400000000006003e+03
1.949600000000005821e+03
1.840200000000005730e+03
1.742800000000005866e+03
1.665200000000005730e+03
1.622000000000005457e+03
1.615000000000005457e+03
1.644600000000005366e+03
1.722000000000005457e+03
1.846200000000005275e+03
1.997000000000005457e+03
2.147000000000005457e+03
2.278800000000005639e+03
2.352200000000005730e+03
2.380800000000005639e+03
2.378200000000005730e+03
2.361200000000005730e+03
2.339600000000006276e+03
2.352800000000006094e+03
2.356000000000005912e+03
2.335200000000005275e+03
2.288800000000005639e+03
2.225200000000005730e+03
2.134000000000005912e+03
2.030600000000006048e+03
1.924800000000006094e+03
1.829400000000006003e+03
1.743200000000006185e+03
1.669400000000006230e+03
1.627800000000006321e+03
1.611400000000006003e+03
1.617200000000006185e+03
1.651400000000006003e+03
1.711200000000006185e+03
1.779000000000006366e+03
1.850800000000006321e+03
1.915400000000006003e+03
1.952200000000006185e+03
1.960600000000006276e+03
1.945400000000006003e+03
1.919000000000006139e+03
1.901400000000006003e+03
1.921200000000005957e+03
1.950600000000006503e+03
1.979000000000005912e+03
1.998600000000006048e+03
1.997400000000006003e+03
1.958600000000005821e+03
1.897200000000005730e+03
1.823800000000006094e+03
1.745400000000005775e+03
1.669400000000006003e+03
1.603200000000005957e+03
1.567200000000005957e+03
1.563800000000006094e+03
1.606200000000006185e+03
1.708000000000006139e+03
1.861800000000006321e+03
2.040800000000006548e+03
2.218000000000006366e+03
2.363800000000006548e+03
2.440200000000006639e+03
2.468200000000006639e+03
2.462600000000006730e+03
2.440600000000007185e+03
2.416200000000007094e+03
2.422400000000006912e+03
2.412200000000007094e+03
2.372800000000007458e+03
2.318600000000007185e+03
2.237400000000007367e+03
2.132600000000007185e+03
2.022200000000007321e+03
1.917400000000007140e+03
1.812600000000006958e+03
1.725400000000006457e+03
1.651600000000006503e+03
1.610000000000006594e+03
1.600800000000006548e+03
1.634400000000006912e+03
1.732200000000007094e+03
1.878200000000007094e+03
2.049000000000007276e+03
2.215800000000007458e+03
2.353400000000007367e+03
2.423800000000007458e+03
2.452800000000007003e+03
2.452600000000006730e+03
2.440200000000006639e+03
2.422400000000006912e+03
2.428600000000007185e+03
2.418200000000007094e+03
2.378600000000007185e+03
2.320400000000007367e+03
2.250200000000007549e+03
2.157600000000007185e+03
2.053200000000007549e+03
1.947800000000007230e+03
1.850800000000007458e+03
1.761800000000007230e+03
1.686600000000007867e+03
1.645200000000007549e+03
1.644000000000007503e+03
1.684200000000007776e+03
1.786600000000007412e+03
1.937800000000007003e+03
2.115600000000007185e+03
2.289000000000006821e+03
2.430800000000007003e+03
2.511800000000007003e+03
2.546600000000006730e+03
2.545200000000006639e+03
2.526200000000006639e+03
2.510200000000006639e+03
2.509400000000006912e+03
2.491400000000006912e+03
2.449800000000007003e+03
2.391200000000007094e+03
2.316400000000007367e+03
2.221200000000007094e+03
2.125800000000007458e+03
2.028000000000007503e+03
1.935000000000007276e+03
1.850000000000007503e+03
1.778400000000006912e+03
1.733800000000007230e+03
1.728600000000007185e+03
1.768600000000007185e+03
1.867200000000007549e+03
2.021200000000007549e+03
2.201200000000007549e+03
2.379800000000007458e+03
2.522600000000007640e+03
2.595400000000007367e+03
2.614000000000007731e+03
2.600800000000007458e+03
2.571400000000007367e+03
2.548400000000007367e+03
2.550600000000007185e+03
2.542200000000007094e+03
2.511800000000007458e+03
2.462600000000007185e+03
2.395800000000007458e+03
2.313600000000007185e+03
2.213800000000007003e+03
2.105800000000007003e+03
1.998800000000007458e+03
1.897200000000007321e+03
1.804800000000007230e+03
1.753000000000007503e+03
1.739000000000007503e+03
1.772600000000007640e+03
1.865800000000007685e+03
2.010200000000007549e+03
2.173600000000007640e+03
2.328000000000007731e+03
2.450600000000007640e+03
2.499400000000007822e+03
2.491400000000007822e+03
2.454400000000007822e+03
2.413600000000007640e+03
2.374600000000007640e+03
2.377800000000007913e+03
2.383200000000008004e+03
2.364600000000008095e+03
2.323600000000008095e+03
2.264800000000007913e+03
2.177000000000008185e+03
2.066000000000007731e+03
1.957800000000008140e+03
1.856600000000008095e+03
1.764800000000008140e+03
1.688600000000008095e+03
1.651200000000007776e+03
1.642400000000008049e+03
1.671400000000007594e+03
1.744200000000007776e+03
1.865800000000007913e+03
2.005000000000007503e+03
2.156200000000007549e+03
2.277000000000007731e+03
2.343600000000008095e+03
2.350600000000007640e+03
2.336600000000007640e+03
2.303400000000007822e+03
2.283400000000008276e+03
2.304000000000008185e+03
2.329800000000007913e+03
2.316000000000008185e+03
2.275200000000008458e+03
2.206600000000008549e+03
2.097200000000008458e+03
1.971600000000008549e+03
1.863200000000008913e+03
1.766400000000009413e+03
1.680600000000009004e+03
1.618600000000009231e+03
1.586200000000009140e+03
1.579400000000009186e+03
1.596600000000008777e+03
1.647000000000008868e+03
1.715000000000008640e+03
1.788800000000008595e+03
1.859200000000008686e+03
1.919800000000008595e+03
1.946200000000008913e+03
1.937400000000008731e+03
1.903400000000008504e+03
1.859000000000008413e+03
1.820600000000008549e+03
1.819600000000008777e+03
1.837800000000008822e+03
1.862000000000009095e+03
1.884600000000009004e+03
1.885600000000009004e+03
1.849200000000009368e+03
1.787000000000009777e+03
1.714400000000009868e+03
1.632000000000010004e+03
1.559800000000009732e+03
1.503400000000010095e+03
1.482200000000009823e+03
1.492600000000010141e+03
1.548800000000010186e+03
1.667400000000009868e+03
1.826000000000009777e+03
1.994600000000009686e+03
2.155800000000009732e+03
2.278200000000009823e+03
2.342400000000009641e+03
2.345600000000009459e+03
2.323000000000009550e+03
2.288800000000009732e+03
2.264800000000009732e+03
2.242800000000009732e+03
2.248600000000009459e+03
2.215000000000010004e+03
2.159200000000010277e+03
2.078000000000010459e+03
1.976200000000010277e+03
1.838600000000010141e+03
1.726200000000010732e+03
1.628400000000010550e+03
1.549400000000010778e+03
1.490600000000010823e+03
1.470600000000010823e+03
1.482400000000010550e+03
1.540800000000010641e+03
1.660800000000010641e+03
1.824000000000010914e+03
2.011000000000010687e+03
2.186200000000010732e+03
2.318000000000010914e+03
2.375800000000010641e+03
2.391800000000010641e+03
2.369400000000010550e+03
2.340800000000010641e+03
2.316200000000010732e+03
2.320600000000010823e+03
2.316600000000010368e+03
2.288200000000010277e+03
2.234200000000010732e+03
2.155400000000010550e+03
2.039600000000010368e+03
1.906000000000010232e+03
1.778800000000010414e+03
1.667000000000010004e+03
1.572800000000010186e+03
1.504800000000010414e+03
1.475600000000010368e+03
1.482600000000010141e+03
1.537600000000010141e+03
1.656200000000010505e+03
1.822800000000010414e+03
2.012000000000010687e+03
2.194800000000010641e+03
2.337800000000010641e+03
2.409800000000010641e+03
2.432200000000010732e+03
2.417200000000010277e+03
2.388400000000010550e+03
2.363400000000010095e+03
2.367000000000010004e+03
2.359800000000010186e+03
2.330800000000009732e+03
2.277600000000009913e+03
2.194000000000010004e+03
2.076200000000009823e+03
1.942600000000010141e+03
1.809200000000010277e+03
1.690200000000010050e+03
1.594400000000010095e+03
1.522200000000009823e+03
1.491800000000009959e+03
1.505200000000010050e+03
1.567200000000010050e+03
1.689200000000009823e+03
1.858800000000009959e+03
2.049600000000010368e+03
2.230200000000009823e+03
2.369200000000009823e+03
2.436200000000009823e+03
2.458000000000010004e+03
2.441800000000009732e+03
2.410600000000009459e+03
2.383200000000009368e+03
2.387200000000009368e+03
2.374600000000009459e+03
2.341400000000009186e+03
2.282600000000009459e+03
2.197800000000008822e+03
2.077200000000008913e+03
1.945600000000009231e+03
1.815800000000009277e+03
1.700600000000009231e+03
1.606800000000009049e+03
1.537800000000009049e+03
1.509200000000009368e+03
1.516400000000009186e+03
1.575200000000009140e+03
1.691000000000008868e+03
1.859800000000009049e+03
2.047200000000008913e+03
2.232400000000009186e+03
2.383000000000008640e+03
2.455200000000008913e+03
2.473600000000009459e+03
2.459000000000009550e+03
2.429800000000009277e+03
2.392400000000009186e+03
2.396800000000009732e+03
2.390200000000009823e+03
2.353600000000009913e+03
2.288600000000009459e+03
2.201000000000009550e+03
2.077600000000009913e+03
1.949000000000010232e+03
1.829000000000009777e+03
1.724800000000009959e+03
1.640200000000010050e+03
1.577800000000009959e+03
1.544800000000009732e+03
1.546000000000009777e+03
1.585400000000009413e+03
1.675800000000009504e+03
1.811000000000009095e+03
1.971000000000009322e+03
2.125600000000009459e+03
2.251400000000008731e+03
2.310000000000008640e+03
2.322800000000008822e+03
2.301400000000009186e+03
2.269400000000009641e+03
2.241800000000009277e+03
2.260400000000009186e+03
2.277200000000009368e+03
2.262400000000009641e+03
2.223000000000009550e+03
2.153200000000009823e+03
2.038200000000009823e+03
1.912800000000009504e+03
1.798200000000009823e+03
1.693800000000009732e+03
1.612400000000009868e+03
1.553000000000009777e+03
1.518200000000009823e+03
1.506200000000009823e+03
1.518000000000009550e+03
1.567000000000009550e+03
1.642400000000009641e+03
1.724400000000009641e+03
1.806800000000009732e+03
1.879600000000009913e+03
1.912400000000010095e+03
1.912200000000009823e+03
1.884600000000009913e+03
1.851400000000010323e+03
1.827800000000009732e+03
1.847000000000009777e+03
1.881800000000009732e+03
1.912600000000009686e+03
1.931600000000009459e+03
1.921800000000009277e+03
1.865000000000009095e+03
1.790400000000009186e+03
1.707600000000009231e+03
1.623200000000009140e+03
1.551000000000009322e+03
1.494800000000009732e+03
1.464800000000009504e+03
1.472200000000009823e+03
1.526000000000010004e+03
1.632000000000010004e+03
1.786000000000010004e+03
1.957400000000009641e+03
2.122600000000009913e+03
2.248200000000010277e+03
2.305600000000009913e+03
2.316800000000010186e+03
2.297400000000010550e+03
2.267200000000010277e+03
2.244200000000010277e+03
2.259200000000010732e+03
2.264400000000010095e+03
2.241200000000009823e+03
2.194200000000009823e+03
2.108600000000010368e+03
1.991000000000010004e+03
1.858200000000010050e+03
1.732800000000009959e+03
1.619000000000010004e+03
1.534400000000009868e+03
1.468400000000010095e+03
1.439800000000009959e+03
1.452800000000009732e+03
1.510400000000009868e+03
1.626200000000010050e+03
1.785600000000010141e+03
1.958000000000010232e+03
2.114400000000010095e+03
2.232000000000010004e+03
2.278800000000010186e+03
2.280800000000009732e+03
2.259200000000009823e+03
2.232200000000009823e+03
2.212200000000009368e+03
2.229000000000010004e+03
2.240600000000009913e+03
2.224200000000009823e+03
2.173200000000010277e+03
2.084600000000009913e+03
1.961800000000010186e+03
1.818400000000010095e+03
1.681200000000009823e+03
1.564000000000009550e+03
1.476200000000009595e+03
1.409400000000009868e+03
1.385400000000009868e+03
1.399800000000009959e+03
1.461000000000010232e+03
1.580000000000010232e+03
1.742200000000010050e+03
1.921200000000009823e+03
2.090200000000009823e+03
2.222200000000010277e+03
2.282800000000010186e+03
2.300400000000010550e+03
2.287400000000010095e+03
2.259600000000010823e+03
2.234200000000010732e+03
2.247400000000010550e+03
2.251000000000010914e+03
2.225600000000010823e+03
2.175800000000011096e+03
2.094000000000010914e+03
1.969000000000011141e+03
1.826800000000010641e+03
1.693800000000010868e+03
1.576200000000010959e+03
1.483600000000010823e+03
1.420600000000011050e+03
1.396000000000011369e+03
1.414400000000011460e+03
1.475600000000011278e+03
1.593000000000011596e+03
1.756400000000011460e+03
1.936600000000011278e+03
2.102000000000011369e+03
2.230800000000011551e+03
2.288600000000010823e+03
2.301800000000010641e+03
2.286800000000010641e+03
2.260200000000011187e+03
2.241400000000011005e+03
2.258000000000010459e+03
2.272200000000010732e+03
2.250800000000011096e+03
2.193800000000011096e+03
2.104400000000010550e+03
1.985000000000010914e+03
1.839000000000010687e+03
1.705600000000010823e+03
1.597000000000010687e+03
1.512200000000010732e+03
1.446000000000010687e+03
1.421800000000010868e+03
1.434200000000010959e+03
1.479200000000010959e+03
1.564600000000010823e+03
1.687600000000010823e+03
1.825200000000010505e+03
1.960600000000010368e+03
2.071800000000010641e+03
2.128800000000010641e+03
2.142000000000010914e+03
2.125000000000010459e+03
2.095800000000010641e+03
2.076200000000010732e+03
2.105000000000010914e+03
2.142800000000010641e+03
2.154200000000010277e+03
2.141600000000010368e+03
2.096000000000010914e+03
2.000400000000010778e+03
1.878800000000010414e+03
1.762200000000010732e+03
1.654200000000010732e+03
1.564600000000010596e+03
1.498400000000010550e+03
1.469000000000010687e+03
1.478200000000010505e+03
1.521800000000010186e+03
1.612200000000010277e+03
1.746000000000010004e+03
1.901200000000010277e+03
2.047800000000010414e+03
2.169800000000010641e+03
2.230800000000010641e+03
2.247200000000010277e+03
2.225800000000010641e+03
2.194400000000011005e+03
2.170200000000010277e+03
2.192000000000010914e+03
2.215800000000010641e+03
2.220400000000011005e+03
2.200000000000010914e+03
2.150200000000011187e+03
2.053800000000011096e+03
1.940000000000011141e+03
1.826000000000011141e+03
1.724000000000010914e+03
1.639000000000010687e+03
1.577800000000011096e+03
1.545800000000010868e+03
1.547200000000011187e+03
1.573600000000011278e+03
1.631200000000011187e+03
1.711400000000011005e+03
1.800400000000011232e+03
1.887200000000010959e+03
1.955400000000010778e+03
1.987800000000011096e+03
1.982600000000011505e+03
1.949400000000011460e+03
1.903400000000011232e+03
1.868800000000011323e+03
1.874200000000011187e+03
1.905800000000011323e+03
1.936800000000011323e+03
1.956400000000011005e+03
1.950800000000010868e+03
1.900400000000011232e+03
1.816000000000010914e+03
1.721800000000011096e+03
1.630600000000011050e+03
1.549000000000011141e+03
1.488200000000010959e+03
1.463800000000011096e+03
1.474000000000010914e+03
1.524600000000010596e+03
1.631400000000010550e+03
1.783200000000010732e+03
1.950400000000010778e+03
2.111200000000010732e+03
2.232400000000011005e+03
2.284200000000010732e+03
2.284000000000010914e+03
2.253200000000011187e+03
2.212000000000010914e+03
2.177400000000010550e+03
2.180400000000010550e+03
2.179800000000010641e+03
2.153000000000010914e+03
2.093000000000010914e+03
2.004800000000010868e+03
1.880200000000011414e+03
1.739000000000011369e+03
1.605000000000011369e+03
1.492200000000011414e+03
1.407600000000011505e+03
1.346800000000011323e+03
1.326600000000011505e+03
1.348800000000011323e+03
1.415200000000011414e+03
1.533600000000011505e+03
1.698400000000011460e+03
1.878000000000011823e+03
2.041600000000011732e+03
2.164800000000011551e+03
2.218600000000011278e+03
2.223400000000011460e+03
2.198000000000011369e+03
2.167800000000012005e+03
2.146800000000011551e+03
2.162200000000011187e+03
2.175000000000010914e+03
2.170200000000011187e+03
2.130400000000011005e+03
2.054400000000010550e+03
1.935400000000010550e+03
1.782600000000010823e+03
1.631600000000010823e+03
1.503000000000010914e+03
1.401800000000011096e+03
1.329600000000011050e+03
1.311400000000011232e+03
1.331800000000011096e+03
1.395000000000011369e+03
1.515600000000011505e+03
1.682000000000011369e+03
1.865000000000011141e+03
2.038400000000011005e+03
2.175000000000010914e+03
2.237800000000011096e+03
2.252000000000011369e+03
2.232200000000010732e+03
2.198600000000011278e+03
2.171200000000011187e+03
2.181000000000010914e+03
2.188600000000010823e+03
2.182600000000011278e+03
2.141400000000011005e+03
2.065200000000011187e+03
1.948400000000011232e+03
1.807200000000010959e+03
1.660800000000011096e+03
1.539600000000011050e+03
1.443400000000011005e+03
1.377600000000011278e+03
1.357000000000011141e+03
1.378600000000011050e+03
1.443600000000011278e+03
1.567200000000011187e+03
1.737000000000011141e+03
1.926400000000011232e+03
2.103400000000011460e+03
2.243800000000011096e+03
2.312000000000010914e+03
2.333600000000011278e+03
2.315200000000010732e+03
2.287400000000010550e+03
2.262200000000010732e+03
2.276600000000010368e+03
2.277600000000010823e+03
2.256600000000010368e+03
2.205000000000010459e+03
2.124200000000009823e+03
2.003800000000010414e+03
1.870400000000010095e+03
1.745800000000010186e+03
1.637200000000009823e+03
1.551000000000010004e+03
1.488400000000010095e+03
1.464600000000009913e+03
1.474800000000009959e+03
1.524800000000009959e+03
1.622400000000009641e+03
1.760600000000009686e+03
1.921200000000009595e+03
2.077400000000009641e+03
2.209800000000009732e+03
2.278600000000009913e+03
2.298000000000010004e+03
2.271200000000010277e+03
2.228200000000010277e+03
2.186400000000009641e+03
2.185200000000009823e+03
2.188200000000009823e+03
2.180000000000009550e+03
2.154200000000009368e+03
2.099600000000009459e+03
2.007400000000008959e+03
1.895400000000008959e+03
1.782600000000009004e+03
1.677800000000009049e+03
1.590600000000009004e+03
1.525200000000008913e+03
1.499400000000008959e+03
1.509600000000009231e+03
1.560200000000009368e+03
1.661400000000009413e+03
1.810200000000009368e+03
1.980800000000009277e+03
2.145800000000009277e+03
2.274200000000008913e+03
2.334800000000009277e+03
2.342200000000008913e+03
2.305600000000009004e+03
2.255600000000009004e+03
2.211000000000008640e+03
2.209800000000009277e+03
2.209400000000008731e+03
2.189000000000009095e+03
2.143600000000008549e+03
2.072200000000008458e+03
1.960200000000008458e+03
1.833000000000008640e+03
1.713800000000008595e+03
1.611000000000008868e+03
1.532000000000008868e+03
1.476200000000008913e+03
1.454000000000008868e+03
1.464200000000008686e+03
1.497800000000008822e+03
1.560800000000008595e+03
1.646400000000008731e+03
1.739200000000008913e+03
1.826000000000008640e+03
1.895400000000008504e+03
1.922800000000008595e+03
1.913600000000008777e+03
1.871400000000008731e+03
1.814200000000008913e+03
1.767800000000008595e+03
1.768000000000008413e+03
1.792200000000008231e+03
1.816000000000008185e+03
1.831600000000008095e+03
1.819400000000008504e+03
1.760800000000008140e+03
1.675000000000008640e+03
1.585200000000008458e+03
1.500200000000008458e+03
1.431800000000008595e+03
1.385800000000008595e+03
1.370600000000008549e+03
1.394000000000008640e+03
1.466200000000008686e+03
1.601600000000008322e+03
1.779800000000008367e+03
1.971600000000008549e+03
2.149200000000008458e+03
2.275600000000008549e+03
2.318400000000009186e+03
2.310000000000008640e+03
2.272800000000008822e+03
2.226200000000008458e+03
2.188400000000008731e+03
2.189400000000008731e+03
2.192400000000008276e+03
2.172000000000008185e+03
2.122800000000008367e+03
2.044400000000008049e+03
1.925200000000008458e+03
1.784000000000008185e+03
1.649400000000008504e+03
1.532200000000008458e+03
1.442200000000008686e+03
1.383400000000008504e+03
1.365600000000008549e+03
1.389800000000008595e+03
1.464600000000008322e+03
1.600200000000008458e+03
1.780000000000008640e+03
1.967800000000008595e+03
2.141800000000008367e+03
2.272000000000008640e+03
2.319800000000008367e+03
2.314800000000008367e+03
2.280400000000007822e+03
2.236000000000008185e+03
2.197000000000008185e+03
2.199000000000008185e+03
2.201000000000008185e+03
2.181800000000007913e+03
2.125200000000007549e+03
2.038000000000007731e+03
1.918200000000008004e+03
1.778200000000007776e+03
1.644800000000008140e+03
1.536400000000008049e+03
1.451000000000008185e+03
1.385600000000008322e+03
1.362600000000008549e+03
1.382600000000008322e+03
1.453200000000008458e+03
1.584600000000008322e+03
1.759800000000008140e+03
1.946200000000008231e+03
2.118000000000008185e+03
2.243800000000007913e+03
2.294400000000008276e+03
2.296400000000008276e+03
2.270000000000008185e+03
2.234200000000008458e+03
2.202800000000008367e+03
2.213800000000008367e+03
2.218600000000008095e+03
2.197400000000007822e+03
2.146800000000007913e+03
2.066800000000007913e+03
1.936000000000007731e+03
1.793000000000007503e+03
1.657800000000007458e+03
1.541200000000007321e+03
1.450600000000007412e+03
1.392200000000007321e+03
1.374000000000007503e+03
1.397600000000007640e+03
1.472400000000007367e+03
1.607200000000007321e+03
1.787600000000007185e+03
1.980000000000007503e+03
2.157800000000007458e+03
2.290800000000007458e+03
2.343000000000007731e+03
2.347200000000007549e+03
2.321400000000007822e+03
2.286600000000007640e+03
2.256800000000007458e+03
2.266000000000007276e+03
2.266400000000007367e+03
2.238000000000007276e+03
2.188800000000007003e+03
2.111000000000007276e+03
1.997800000000007230e+03
1.870200000000007321e+03
1.750400000000007140e+03
1.640600000000007412e+03
1.552400000000007594e+03
1.489400000000007367e+03
1.466600000000007412e+03
1.491000000000007276e+03
1.562400000000007594e+03
1.694800000000007458e+03
1.879200000000007549e+03
2.078400000000007367e+03
2.260200000000007549e+03
2.400800000000007458e+03
2.454600000000007640e+03
2.445800000000007458e+03
2.408400000000008276e+03
2.359000000000008185e+03
2.314000000000007731e+03
2.313200000000008004e+03
2.316400000000007822e+03
2.290000000000008185e+03
2.240600000000007640e+03
2.162000000000007731e+03
2.047600000000007640e+03
1.915200000000008004e+03
1.788800000000007685e+03
1.675000000000007503e+03
1.582400000000007367e+03
1.516200000000007776e+03
1.487200000000007549e+03
1.497200000000007549e+03
1.545800000000007913e+03
1.645000000000007731e+03
1.789600000000007867e+03
1.953000000000007503e+03
2.111800000000007458e+03
2.238200000000007094e+03
2.302600000000007640e+03
2.313400000000006912e+03
2.282200000000007094e+03
2.231600000000006730e+03
2.190000000000006821e+03
2.190200000000007094e+03
2.199000000000006821e+03
2.204200000000006639e+03
2.190400000000006912e+03
2.144600000000006730e+03
2.053400000000006912e+03
1.936200000000006867e+03
1.811400000000006912e+03
1.697400000000006685e+03
1.606000000000006594e+03
1.538200000000006639e+03
1.507400000000006457e+03
1.508600000000006503e+03
1.538600000000006730e+03
1.599400000000006685e+03
1.689000000000006821e+03
1.791600000000006730e+03
1.891800000000007003e+03
1.978200000000006639e+03
2.027800000000007003e+03
2.039800000000006776e+03
2.015600000000006958e+03
1.973800000000006776e+03
1.935000000000006821e+03
1.938600000000006958e+03
1.963200000000006867e+03
1.991400000000006457e+03
2.018800000000006548e+03
2.024800000000006548e+03
1.985600000000006503e+03
1.937600000000006958e+03
1.876800000000006776e+03
1.811200000000006867e+03
1.748000000000006821e+03
1.697600000000006730e+03
1.658000000000006594e+03
1.656800000000006548e+03
1.704000000000006594e+03
1.820800000000006548e+03
1.995400000000006912e+03
2.195400000000006912e+03
2.387200000000006185e+03
2.534600000000006730e+03
2.603000000000006366e+03
2.621200000000006639e+03
2.597200000000006639e+03
2.557800000000006548e+03
2.523600000000006730e+03
2.511000000000006366e+03
2.492400000000006912e+03
2.461800000000006548e+03
2.399800000000006548e+03
2.319000000000006366e+03
2.224200000000006639e+03
2.109400000000006003e+03
1.987200000000006412e+03
1.883200000000006412e+03
1.792200000000006412e+03
1.716200000000006639e+03
1.674200000000006412e+03
1.673600000000006503e+03
1.726600000000006503e+03
1.842600000000006503e+03
2.013800000000006548e+03
2.211200000000006639e+03
2.403200000000006639e+03
2.554400000000006912e+03
2.629600000000007185e+03
2.650400000000007822e+03
2.633800000000007003e+03
2.594200000000007549e+03
2.543200000000007094e+03
2.515400000000006912e+03
2.484200000000007549e+03
2.425600000000007640e+03
2.350000000000007276e+03
2.263000000000007276e+03
2.157200000000007549e+03
2.032800000000007003e+03
1.911000000000007049e+03
1.801600000000006958e+03
1.709400000000007140e+03
1.635200000000007094e+03
1.599400000000007367e+03
1.609600000000007412e+03
1.663600000000007412e+03
1.775800000000007458e+03
1.939000000000007503e+03
2.124600000000007185e+03
2.299000000000007276e+03
2.438000000000007276e+03
2.504400000000007367e+03
2.518000000000007276e+03
2.492800000000007003e+03
2.454000000000006821e+03
2.408000000000006366e+03
2.382600000000006276e+03
2.360800000000007003e+03
2.318000000000007276e+03
2.251800000000007003e+03
2.175200000000007549e+03
2.081800000000007458e+03
1.966400000000007594e+03
1.850600000000007867e+03
1.744600000000007640e+03
1.654000000000007731e+03
1.582600000000007412e+03
1.548800000000007458e+03
1.560600000000007412e+03
1.616000000000007503e+03
1.732600000000007412e+03
1.902600000000007412e+03
2.090600000000007640e+03
2.266400000000007822e+03
2.412000000000007731e+03
2.475400000000008276e+03
2.480400000000007822e+03
2.447400000000008276e+03
2.399400000000008276e+03
2.344200000000008004e+03
2.325800000000007913e+03
2.314600000000008095e+03
2.281600000000008549e+03
2.224000000000008640e+03
2.147400000000008731e+03
2.040200000000008913e+03
1.907200000000009140e+03
1.778600000000009004e+03
1.667200000000008913e+03
1.575000000000009095e+03
1.505400000000009186e+03
1.475800000000009049e+03
1.484800000000009277e+03
1.531800000000009277e+03
1.631000000000009550e+03
1.774600000000009004e+03
1.935800000000009277e+03
2.087000000000009550e+03
2.204600000000009004e+03
2.258400000000009186e+03
2.267400000000009186e+03
2.242400000000009186e+03
2.207600000000009459e+03
2.178400000000009186e+03
2.183800000000008822e+03
2.194000000000008640e+03
2.184800000000008822e+03
2.154000000000008640e+03
2.096600000000008549e+03
2.001400000000008731e+03
1.879600000000008777e+03
1.760000000000009095e+03
1.650800000000009049e+03
1.557200000000009368e+03
1.490000000000009095e+03
1.457800000000009277e+03
1.458000000000008868e+03
1.485400000000008731e+03
1.548800000000009049e+03
1.635400000000009186e+03
1.729400000000009186e+03
1.820200000000009368e+03
1.892800000000009732e+03
1.921600000000009459e+03
1.915000000000009095e+03
1.887200000000009140e+03
1.846200000000009595e+03
1.807400000000008959e+03
1.812600000000009004e+03
1.843600000000009231e+03
1.871400000000009186e+03
1.891600000000009004e+03
1.894600000000009004e+03
1.856400000000009186e+03
1.785200000000009595e+03
1.700400000000009413e+03
1.612000000000009777e+03
1.537200000000009595e+03
1.481600000000009686e+03
1.460600000000009686e+03
1.480600000000009686e+03
1.552800000000009504e+03
1.684800000000009049e+03
1.867000000000009322e+03
2.063600000000009004e+03
2.245600000000009004e+03
2.380600000000009004e+03
2.443200000000008913e+03
2.452600000000009004e+03
2.431000000000009550e+03
2.398200000000009368e+03
2.369200000000009368e+03
2.360000000000009095e+03
2.345000000000009550e+03
2.309400000000009641e+03
2.249000000000009550e+03
2.163000000000009095e+03
2.049200000000009368e+03
1.918400000000009413e+03
1.788200000000009368e+03
1.672400000000009186e+03
1.578600000000009231e+03
1.513200000000009368e+03
1.487000000000009322e+03
1.504000000000009550e+03
1.570600000000009459e+03
1.698400000000009413e+03
1.872800000000009277e+03
2.064800000000009277e+03
2.244600000000009459e+03
2.384000000000009550e+03
2.450200000000009823e+03
2.469600000000009459e+03
2.456400000000009186e+03
2.431200000000008913e+03
2.401800000000008822e+03
2.397800000000008822e+03
2.393000000000009095e+03
2.363600000000009004e+03
2.307400000000009186e+03
2.230600000000009004e+03
2.121600000000008549e+03
1.988800000000008595e+03
1.859200000000008686e+03
1.741400000000008731e+03
1.645200000000008686e+03
1.576400000000008504e+03
1.544800000000008367e+03
1.553400000000008504e+03
1.610600000000008777e+03
1.729600000000008549e+03
1.895600000000008777e+03
2.079800000000008822e+03
2.254800000000008822e+03
2.395200000000008913e+03
2.457400000000008731e+03
2.472000000000009095e+03
2.454400000000008731e+03
2.426400000000008731e+03
2.391000000000009095e+03
2.383800000000009277e+03
2.374000000000010004e+03
2.337400000000010095e+03
2.271000000000010004e+03
2.181000000000010004e+03
2.061600000000010368e+03
1.924400000000010323e+03
1.794200000000010277e+03
1.679600000000010596e+03
1.590400000000010550e+03
1.527400000000011005e+03
1.500400000000010778e+03
1.513800000000010868e+03
1.572800000000010868e+03
1.691200000000010959e+03
1.854800000000010868e+03
2.024000000000011141e+03
2.185400000000011005e+03
2.311800000000011096e+03
2.360800000000011096e+03
2.364400000000011005e+03
2.346400000000010550e+03
2.311600000000010823e+03
2.279800000000010641e+03
2.281200000000010732e+03
2.283800000000010641e+03
2.264200000000010732e+03
2.221800000000011096e+03
2.149600000000011278e+03
2.046000000000011141e+03
1.915200000000010732e+03
1.785000000000010914e+03
1.667600000000010823e+03
1.572400000000010778e+03
1.503400000000011005e+03
1.474400000000011005e+03
1.488800000000011096e+03
1.549400000000011005e+03
1.670200000000010732e+03
1.836400000000010778e+03
2.020800000000010414e+03
2.193800000000011096e+03
2.333800000000010641e+03
2.398000000000010914e+03
2.412000000000010914e+03
2.393000000000010914e+03
2.364200000000010732e+03
2.331000000000010459e+03
2.330600000000010368e+03
2.332400000000011005e+03
2.309000000000010459e+03
2.258200000000010732e+03
2.181800000000010641e+03
2.072200000000011187e+03
1.936400000000011005e+03
1.806200000000011187e+03
1.690200000000011187e+03
1.596600000000011278e+03
1.528400000000011460e+03
1.504000000000011141e+03
1.513200000000011414e+03
1.556800000000011096e+03
1.647200000000011187e+03
1.780000000000011369e+03
1.930400000000011460e+03
2.078400000000011460e+03
2.200000000000011369e+03
2.259800000000011096e+03
2.275200000000011187e+03
2.255800000000011096e+03
2.220600000000010823e+03
2.191000000000011369e+03
2.201400000000011460e+03
2.220600000000010823e+03
2.224200000000011187e+03
2.207400000000011005e+03
2.161800000000011096e+03
2.077000000000011369e+03
1.958000000000011141e+03
1.835000000000011596e+03
1.724800000000011096e+03
1.633800000000011096e+03
1.562400000000011005e+03
1.529600000000011050e+03
1.525200000000010959e+03
1.545000000000010687e+03
1.599400000000010778e+03
1.679400000000010778e+03
1.768200000000010959e+03
1.856400000000010550e+03
1.929400000000010778e+03
1.963400000000010778e+03
1.963800000000010414e+03
1.938600000000010141e+03
1.901400000000010323e+03
1.862400000000010550e+03
1.855800000000010641e+03
1.877400000000010778e+03
1.892800000000010414e+03
1.899000000000010459e+03
1.886800000000010186e+03
1.835600000000010368e+03
1.749200000000010732e+03
1.657600000000010823e+03
1.567000000000010687e+03
1.490600000000010823e+03
1.436000000000010914e+03
1.415000000000011141e+03
1.430400000000011005e+03
1.492000000000010914e+03
1.617600000000010823e+03
1.784600000000011050e+03
1.964400000000010778e+03
2.133600000000010823e+03
2.263200000000011187e+03
2.316400000000011005e+03
2.324800000000011096e+03
2.301200000000011642e+03
2.268400000000011460e+03
2.236200000000011642e+03
2.235200000000011187e+03
2.239200000000011642e+03
2.221200000000011187e+03
2.174200000000011642e+03
2.099600000000011732e+03
1.987200000000011642e+03
1.849000000000011596e+03
1.718200000000011187e+03
1.601800000000011551e+03
1.507200000000011187e+03
1.442400000000011460e+03
1.414800000000011551e+03
1.423000000000011369e+03
1.462600000000011505e+03
1.540200000000011414e+03
1.634200000000011187e+03
1.720200000000011187e+03
1.789200000000010959e+03
1.839400000000010778e+03
1.842200000000010732e+03
1.815800000000010868e+03
1.778400000000010550e+03
1.740800000000010868e+03
1.712200000000010732e+03
1.727000000000010914e+03
1.771800000000011096e+03
1.811600000000011050e+03
1.836200000000011187e+03
1.827600000000011050e+03
1.772000000000010914e+03
1.673600000000011050e+03
1.568000000000010914e+03
1.465600000000010823e+03
1.383200000000011187e+03
1.325800000000010868e+03
1.308200000000010732e+03
1.329000000000010914e+03
1.399800000000010868e+03
1.532200000000010732e+03
1.711400000000010778e+03
1.903400000000011005e+03
2.079000000000010914e+03
2.208600000000010368e+03
2.264600000000010823e+03
2.267600000000010823e+03
2.245000000000010914e+03
2.218800000000011096e+03
2.197000000000010914e+03
2.201600000000011278e+03
2.211400000000011005e+03
2.190800000000010641e+03
2.139200000000010732e+03
2.055000000000010914e+03
1.931400000000011005e+03
1.780800000000011323e+03
1.639200000000010959e+03
1.514000000000010914e+03
1.414600000000010823e+03
1.349800000000010868e+03
1.328400000000010550e+03
1.349400000000010778e+03
1.421000000000010687e+03
1.556400000000010550e+03
1.736000000000010687e+03
1.927400000000010778e+03
2.106600000000010823e+03
2.242400000000011460e+03
2.298000000000010914e+03
2.307600000000011278e+03
2.287400000000011005e+03
2.254600000000010823e+03
2.223800000000010641e+03
2.224000000000010914e+03
2.225800000000010641e+03
2.206600000000010368e+03
2.156800000000010641e+03
2.075800000000010186e+03
1.958000000000010459e+03
1.808800000000009959e+03
1.661200000000010050e+03
1.534000000000010232e+03
1.436800000000010414e+03
1.374600000000010368e+03
1.358000000000010232e+03
1.385800000000010414e+03
1.463800000000010186e+03
1.601800000000009959e+03
1.782400000000010095e+03
1.974400000000009868e+03
2.151400000000010095e+03
2.286200000000010277e+03
2.342400000000010095e+03
2.349000000000010004e+03
2.327000000000010004e+03
2.292800000000010186e+03
2.259600000000009913e+03
2.255600000000010368e+03
2.260200000000010277e+03
2.242400000000010095e+03
2.199600000000010368e+03
2.122200000000010277e+03
2.005000000000009550e+03
1.852400000000009413e+03
1.703800000000009732e+03
1.571800000000009732e+03
1.468000000000009550e+03
1.402400000000009641e+03
1.381600000000009913e+03
1.397600000000010141e+03
1.455600000000010141e+03
1.568600000000009686e+03
1.724600000000009913e+03
1.897400000000009641e+03
2.062400000000009641e+03
2.187000000000009550e+03
2.244200000000009823e+03
2.247200000000010277e+03
2.218600000000009913e+03
2.180000000000009550e+03
2.151600000000009913e+03
2.155200000000009823e+03
2.170600000000009459e+03
2.165600000000009913e+03
2.129800000000009732e+03
2.058400000000010095e+03
1.945800000000009732e+03
