4.751440000000000197e+01
4.806519999999999726e+01
4.921959999999999269e+01
4.828219999999999601e+01
4.649040000000000106e+01
4.693319999999999936e+01
4.810080000000000666e+01
4.985420000000000584e+01
5.215520000000000067e+01
5.532480000000000331e+01
5.570660000000000167e+01
5.418719999999999715e+01
5.440739999999999554e+01
5.477239999999999043e+01
5.502939999999998832e+01
5.612759999999999394e+01
5.783419999999999561e+01
5.705780000000000030e+01
5.483959999999999724e+01
5.451780000000000115e+01
5.417619999999999436e+01
5.453560000000000230e+01
5.541140000000000043e+01
5.741080000000000894e+01
5.720700000000000784e+01
5.554480000000000928e+01
5.549840000000001794e+01
5.544520000000001403e+01
5.521060000000001367e+01
5.529640000000001976e+01
5.682400000000001228e+01
5.598780000000001422e+01
5.359440000000002158e+01
5.296780000000002531e+01
5.051480000000002235e+01
4.996440000000002613e+01
5.009820000000001983e+01
5.132340000000001368e+01
5.034880000000001843e+01
5.047700000000001808e+01
5.076040000000001129e+01
5.145340000000000913e+01
5.253580000000000894e+01
5.398580000000000467e+01
5.586840000000000828e+01
5.418340000000000600e+01
5.112560000000000571e+01
4.830599999999999739e+01
4.575340000000000629e+01
4.359100000000000819e+01
4.299240000000001061e+01
4.329500000000001592e+01
4.293260000000001497e+01
4.245660000000001588e+01
4.208500000000001506e+01
4.161400000000001143e+01
4.127360000000000895e+01
4.143820000000000903e+01
4.195960000000000889e+01
4.236480000000001667e+01
4.265700000000001779e+01
4.301260000000001327e+01
4.324260000000001014e+01
4.302660000000001617e+01
4.278280000000000882e+01
4.279180000000000916e+01
4.294160000000001531e+01
4.331960000000001543e+01
4.415120000000000999e+01
4.496820000000001016e+01
4.588560000000001082e+01
4.663180000000001257e+01
4.714860000000000895e+01
4.740400000000001057e+01
4.767840000000001055e+01
4.794800000000001461e+01
4.810780000000001166e+01
4.834740000000000748e+01
4.864380000000001303e+01
4.896800000000000352e+01
4.873540000000000560e+01
4.827280000000000371e+01
4.797919999999999874e+01
4.792600000000000193e+01
4.810199999999999676e+01
4.852020000000000266e+01
4.896660000000000679e+01
4.932180000000001030e+01
4.923000000000001819e+01
4.907020000000001403e+01
4.913940000000000907e+01
4.975000000000001421e+01
4.987760000000001526e+01
5.017160000000001219e+01
5.008320000000001215e+01
4.978120000000000545e+01
4.953119999999999834e+01
4.954400000000000404e+01
4.966340000000000288e+01
5.007440000000000424e+01
5.057280000000000086e+01
5.069360000000000355e+01
5.053120000000000545e+01
5.052040000000000930e+01
5.023320000000001073e+01
4.993920000000001380e+01
4.977760000000002094e+01
5.011560000000001480e+01
4.999620000000001596e+01
4.998120000000001539e+01
5.022060000000001878e+01
5.049340000000002249e+01
5.051160000000002270e+01
5.075220000000003040e+01
5.130000000000003268e+01
5.166320000000003176e+01
5.154560000000003583e+01
5.160920000000002972e+01
5.110680000000003531e+01
4.879120000000002477e+01
4.626840000000002817e+01
4.426580000000002713e+01
4.262600000000003320e+01
4.135580000000003054e+01
4.205920000000003256e+01
4.328080000000004190e+01
4.478820000000003887e+01
4.589060000000004180e+01
4.715080000000003935e+01
4.757100000000003348e+01
4.717500000000002558e+01
4.733100000000003149e+01
4.724280000000003099e+01
4.713500000000003354e+01
4.732360000000004163e+01
4.813320000000003063e+01
4.803300000000003678e+01
4.749080000000004276e+01
4.782480000000003884e+01
4.822140000000003823e+01
4.856540000000003232e+01
4.917720000000002756e+01
5.046660000000002810e+01
5.058740000000003079e+01
5.011800000000003052e+01
5.027260000000002549e+01
4.973020000000002483e+01
4.907860000000001577e+01
4.862340000000001794e+01
4.850320000000002096e+01
4.708300000000001262e+01
4.531120000000002079e+01
4.466640000000001720e+01
4.412960000000001770e+01
4.416180000000001371e+01
4.484680000000000888e+01
4.646140000000000470e+01
4.675280000000000058e+01
4.600420000000000442e+01
4.581620000000000203e+01
4.537859999999999161e+01
4.451659999999999684e+01
4.385319999999998686e+01
4.427019999999998845e+01
4.389979999999999194e+01
4.329439999999998889e+01
4.405499999999999261e+01
4.506139999999999901e+01
4.619780000000000086e+01
4.722540000000000049e+01
4.843319999999999936e+01
4.797820000000000107e+01
4.672060000000000457e+01
4.603300000000000125e+01
4.537620000000000431e+01
4.494840000000000657e+01
4.513900000000001000e+01
4.602060000000001594e+01
4.585720000000001306e+01
4.528040000000000731e+01
4.523780000000000712e+01
4.466380000000000194e+01
4.404560000000000031e+01
4.344100000000000961e+01
4.377100000000000790e+01
4.344000000000001194e+01
4.311860000000001492e+01
4.388940000000000907e+01
4.488440000000001362e+01
4.503320000000000789e+01
4.546420000000001238e+01
4.608680000000000376e+01
4.478580000000000894e+01
4.351900000000000546e+01
4.357900000000000773e+01
4.348280000000001166e+01
4.366360000000000952e+01
4.467160000000001219e+01
4.558820000000001471e+01
4.488680000000001513e+01
4.410960000000001457e+01
4.425360000000000582e+01
4.454300000000000637e+01
4.501340000000000430e+01
4.621620000000000061e+01
4.721800000000000352e+01
4.681320000000000192e+01
4.549580000000000268e+01
4.510200000000001097e+01
4.459640000000000271e+01
4.489860000000000895e+01
4.577660000000001617e+01
4.779260000000000730e+01
4.897420000000001039e+01
4.973040000000001015e+01
5.052480000000000615e+01
5.128659999999999997e+01
5.199499999999999034e+01
5.243119999999998981e+01
5.338319999999998799e+01
5.276919999999999078e+01
5.115459999999999496e+01
5.023619999999999663e+01
4.944639999999999702e+01
4.871279999999998722e+01
4.877619999999998157e+01
4.967099999999997806e+01
4.936739999999997508e+01
4.842819999999997549e+01
4.875419999999997600e+01
4.895319999999996696e+01
4.864759999999996865e+01
4.895199999999996976e+01
5.004379999999996187e+01
4.941539999999996979e+01
4.842299999999996629e+01
4.908399999999996055e+01
4.949239999999996797e+01
4.980559999999996990e+01
5.058099999999996754e+01
5.160199999999996123e+01
5.185419999999997032e+01
5.061819999999996611e+01
5.065739999999997423e+01
5.082079999999997000e+01
5.166319999999997492e+01
5.225539999999997320e+01
5.431419999999998538e+01
5.487199999999997857e+01
5.427079999999998705e+01
5.267759999999998399e+01
5.274999999999997868e+01
5.280339999999998923e+01
5.261099999999999000e+01
5.334279999999998978e+01
5.433239999999998560e+01
5.262919999999998311e+01
5.221659999999997126e+01
5.266019999999997481e+01
5.336099999999996868e+01
5.442079999999996431e+01
5.625979999999997005e+01
5.638199999999998369e+01
5.511039999999998429e+01
5.473639999999998196e+01
5.427999999999998693e+01
5.411919999999997799e+01
5.430979999999997432e+01
5.522139999999997428e+01
5.465519999999996514e+01
5.314979999999997062e+01
5.304239999999997224e+01
5.301919999999997657e+01
5.320119999999997162e+01
5.358699999999996777e+01
5.487859999999996319e+01
5.434759999999995728e+01
5.287519999999994980e+01
5.255219999999995650e+01
5.215939999999996246e+01
5.161719999999995423e+01
5.118419999999996151e+01
5.170619999999996708e+01
5.052119999999997191e+01
4.934519999999996998e+01
4.883539999999997860e+01
4.971159999999998291e+01
5.060639999999998651e+01
5.202079999999998705e+01
5.331259999999998911e+01
5.383339999999998327e+01
5.223059999999998126e+01
5.141559999999998354e+01
5.067119999999998470e+01
5.046479999999998256e+01
5.064819999999998146e+01
5.160499999999998266e+01
5.113179999999998415e+01
5.012519999999999243e+01
5.010479999999999023e+01
5.074059999999998638e+01
5.153659999999997865e+01
5.229039999999996269e+01
5.337099999999995958e+01
5.284319999999995332e+01
5.066639999999996036e+01
4.961639999999996320e+01
4.916799999999996373e+01
4.923859999999997683e+01
5.009619999999996764e+01
5.164359999999997086e+01
5.149539999999997519e+01
4.998339999999997474e+01
4.902779999999997074e+01
4.785779999999996903e+01
4.719839999999997104e+01
4.716439999999996502e+01
4.845859999999996859e+01
4.857919999999996463e+01
4.743019999999995662e+01
4.710099999999995646e+01
4.656459999999996313e+01
4.591879999999996187e+01
4.562959999999996796e+01
4.614739999999996911e+01
4.605119999999997304e+01
4.543659999999997012e+01
4.539659999999997098e+01
4.506099999999997152e+01
4.504979999999996920e+01
4.501999999999996760e+01
4.564679999999997051e+01
4.586719999999997555e+01
4.513479999999997716e+01
4.532819999999997407e+01
4.520939999999997383e+01
4.506159999999996302e+01
4.500019999999996401e+01
4.650879999999996528e+01
4.677559999999996165e+01
4.641899999999996140e+01
4.780779999999995766e+01
4.900639999999996377e+01
4.936319999999996355e+01
4.980279999999995511e+01
5.029999999999995453e+01
4.810839999999996053e+01
4.730519999999997083e+01
4.712639999999996832e+01
4.717759999999996978e+01
4.749799999999997624e+01
4.883819999999997918e+01
4.852619999999997447e+01
4.715519999999997225e+01
4.656399999999997874e+01
4.499859999999998195e+01
4.431219999999998294e+01
4.401839999999999264e+01
4.481119999999999237e+01
4.453939999999998633e+01
