1.972482299804687500e+01
1.992634010314941406e+01
1.978405570983886719e+01
1.915348052978515625e+01
1.851135826110839844e+01
1.774302101135253906e+01
1.670849609375000000e+01
1.586405658721923828e+01
1.536310482025146484e+01
1.527582740783691406e+01
1.550962829589843750e+01
1.606940078735351562e+01
1.655017852783203125e+01
1.851035499572753906e+01
2.043194961547851562e+01
2.261793518066406250e+01
2.347628211975097656e+01
2.314758682250976562e+01
2.251984024047851562e+01
2.204348754882812500e+01
2.175973701477050781e+01
2.083771896362304688e+01
2.016422080993652344e+01
1.998583984375000000e+01
1.999899482727050781e+01
2.051621818542480469e+01
2.042182922363281250e+01
1.969239807128906250e+01
1.923951721191406250e+01
1.821060943603515625e+01
1.741670799255371094e+01
1.640112495422363281e+01
1.581212997436523438e+01
1.544677162170410156e+01
1.578612136840820312e+01
1.621059799194335938e+01
1.686828804016113281e+01
1.892747879028320312e+01
2.084011077880859375e+01
2.293027305603027344e+01
2.369526100158691406e+01
2.293650627136230469e+01
2.266766929626464844e+01
2.188231277465820312e+01
2.192022323608398438e+01
2.091171646118164062e+01
2.037229537963867188e+01
2.007001495361328125e+01
2.042269897460937500e+01
2.078479766845703125e+01
2.057119560241699219e+01
1.990576934814453125e+01
1.941391372680664062e+01
1.889858627319335938e+01
1.787035179138183594e+01
1.687141036987304688e+01
1.629253387451171875e+01
1.597794151306152344e+01
1.600147819519042969e+01
1.643911933898925781e+01
1.719166946411132812e+01
1.926381492614746094e+01
2.121876525878906250e+01
2.325739097595214844e+01
2.408818817138671875e+01
2.389277267456054688e+01
2.327602386474609375e+01
2.264423561096191406e+01
2.258325195312500000e+01
2.178115081787109375e+01
2.109657478332519531e+01
2.067660140991210938e+01
2.056991195678710938e+01
2.119814109802246094e+01
2.106312370300292969e+01
2.055089759826660156e+01
2.007586479187011719e+01
1.959168434143066406e+01
1.850212860107421875e+01
1.753623962402343750e+01
1.675436973571777344e+01
1.633572387695312500e+01
1.637025070190429688e+01
1.659801101684570312e+01
1.736764717102050781e+01
1.890130996704101562e+01
2.001585388183593750e+01
2.170551490783691406e+01
2.247620201110839844e+01
2.207076263427734375e+01
2.147531509399414062e+01
2.090579414367675781e+01
2.093957710266113281e+01
2.034211730957031250e+01
1.975138854980468750e+01
1.960560798645019531e+01
1.977465820312500000e+01
2.063958740234375000e+01
2.097904014587402344e+01
2.059521865844726562e+01
2.013637924194335938e+01
1.969951629638671875e+01
1.860378074645996094e+01
1.748555183410644531e+01
1.681738281250000000e+01
1.627944755554199219e+01
1.616064262390136719e+01
1.687547111511230469e+01
1.672548294067382812e+01
1.702958297729492188e+01
1.742775917053222656e+01
1.824172973632812500e+01
1.845101928710937500e+01
1.854376792907714844e+01
1.811918830871582031e+01
1.756337165832519531e+01
1.699242401123046875e+01
1.635851287841796875e+01
1.661426544189453125e+01
1.735693168640136719e+01
1.819360733032226562e+01
1.873532676696777344e+01
1.869505500793457031e+01
1.825270462036132812e+01
1.803313827514648438e+01
1.761838912963867188e+01
1.689829254150390625e+01
1.593602561950683594e+01
1.536246013641357422e+01
1.503857135772705078e+01
1.526525592803955078e+01
1.583356666564941406e+01
1.634192657470703125e+01
1.771830940246582031e+01
2.001877975463867188e+01
2.244877815246582031e+01
2.376919746398925781e+01
2.352527999877929688e+01
2.232879829406738281e+01
2.167769241333007812e+01
2.130121994018554688e+01
2.034709930419921875e+01
1.961133766174316406e+01
1.931226730346679688e+01
1.959543609619140625e+01
1.996930503845214844e+01
1.970934677124023438e+01
1.897478294372558594e+01
1.836817550659179688e+01
1.770728302001953125e+01
1.666654968261718750e+01
1.574719047546386719e+01
1.512816143035888672e+01
1.496467018127441406e+01
1.521556949615478516e+01
1.582697296142578125e+01
1.640135192871093750e+01
1.863623619079589844e+01
2.015919303894042969e+01
2.210746955871582031e+01
2.261710548400878906e+01
2.208057403564453125e+01
2.166764068603515625e+01
2.081553840637207031e+01
2.063710594177246094e+01
1.981440925598144531e+01
1.939142036437988281e+01
1.936166000366210938e+01
1.985299301147460938e+01
1.994297790527343750e+01
1.939146423339843750e+01
1.855946540832519531e+01
1.774074363708496094e+01
1.692296028137207031e+01
1.599526786804199219e+01
1.527312278747558594e+01
1.489990329742431641e+01
1.490692996978759766e+01
1.510595512390136719e+01
1.557028007507324219e+01
1.604796218872070312e+01
1.778319549560546875e+01
1.996107482910156250e+01
2.159056282043457031e+01
2.200214576721191406e+01
2.156246185302734375e+01
2.101256561279296875e+01
2.014390563964843750e+01
1.983444404602050781e+01
1.921171379089355469e+01
1.906880760192871094e+01
1.922886848449707031e+01
1.956115341186523438e+01
1.980199432373046875e+01
1.941926193237304688e+01
1.862901496887207031e+01
1.762518310546875000e+01
1.681023216247558594e+01
1.570139122009277344e+01
1.494330787658691406e+01
1.450271892547607422e+01
1.470140933990478516e+01
1.499242210388183594e+01
1.562263298034667969e+01
1.584694671630859375e+01
1.760016822814941406e+01
1.985169601440429688e+01
2.207520484924316406e+01
2.261592102050781250e+01
2.196392631530761719e+01
2.130786132812500000e+01
2.042861175537109375e+01
1.992234039306640625e+01
1.925687026977539062e+01
1.892163658142089844e+01
1.928282356262207031e+01
1.961703491210937500e+01
1.963807296752929688e+01
1.909730720520019531e+01
1.818082237243652344e+01
1.692331695556640625e+01
1.600673866271972656e+01
1.519362545013427734e+01
1.454565334320068359e+01
1.424300670623779297e+01
1.431931018829345703e+01
1.485595417022705078e+01
1.530426216125488281e+01
1.578413581848144531e+01
1.732315826416015625e+01
1.977370071411132812e+01
2.185999488830566406e+01
2.248775100708007812e+01
2.187812042236328125e+01
2.123617362976074219e+01
2.068736076354980469e+01
2.038369178771972656e+01
1.969622421264648438e+01
1.952549171447753906e+01
1.953872871398925781e+01
1.978475189208984375e+01
1.965219116210937500e+01
1.895316696166992188e+01
1.790717887878417969e+01
1.697181320190429688e+01
1.610335350036621094e+01
1.522598743438720703e+01
1.457147312164306641e+01
1.421179199218750000e+01
1.426378726959228516e+01
1.489960956573486328e+01
1.526226902008056641e+01
1.577524375915527344e+01
1.705839920043945312e+01
1.904152107238769531e+01
2.094079589843750000e+01
2.148647117614746094e+01
2.116509437561035156e+01
2.024219512939453125e+01
2.009948539733886719e+01
1.978298759460449219e+01
1.968570327758789062e+01
1.942309570312500000e+01
1.939786338806152344e+01
1.951207923889160156e+01
2.004576492309570312e+01
1.956801605224609375e+01
1.887023544311523438e+01
1.806253814697265625e+01
1.750530815124511719e+01
1.650170516967773438e+01
1.569963645935058594e+01
1.512775516510009766e+01
1.515468502044677734e+01
1.551257610321044922e+01
1.616786956787109375e+01
1.611234855651855469e+01
1.669496154785156250e+01
1.733426284790039062e+01
1.826003456115722656e+01
1.862892150878906250e+01
1.852874755859375000e+01
1.823677825927734375e+01
1.773471832275390625e+01
1.748983955383300781e+01
1.757976722717285156e+01
1.776294326782226562e+01
1.792071533203125000e+01
1.813281440734863281e+01
1.926823806762695312e+01
1.929568099975585938e+01
1.925808715820312500e+01
1.904798507690429688e+01
1.868827629089355469e+01
1.789097023010253906e+01
1.680611228942871094e+01
1.612356185913085938e+01
1.565325355529785156e+01
1.594572448730468750e+01
1.656927108764648438e+01
1.708731460571289062e+01
1.852811813354492188e+01
2.052441406250000000e+01
2.279714202880859375e+01
2.417248535156250000e+01
2.418189811706542969e+01
2.290317344665527344e+01
2.232548713684082031e+01
2.205672073364257812e+01
2.133420181274414062e+01
2.055861854553222656e+01
2.021542358398437500e+01
2.037585067749023438e+01
2.107946014404296875e+01
2.092274475097656250e+01
2.037918090820312500e+01
1.983117675781250000e+01
1.936165809631347656e+01
1.839544486999511719e+01
1.728337860107421875e+01
1.665224647521972656e+01
1.626494789123535156e+01
1.619272804260253906e+01
1.655984306335449219e+01
1.709786605834960938e+01
1.928594589233398438e+01
2.117385482788085938e+01
2.340862655639648438e+01
2.427602577209472656e+01
2.371355247497558594e+01
2.300765800476074219e+01
2.234105110168457031e+01
2.224424743652343750e+01
2.186697959899902344e+01
2.090994071960449219e+01
2.064800262451171875e+01
2.086091995239257812e+01
2.153931999206542969e+01
2.135483360290527344e+01
2.066431617736816406e+01
2.055197525024414062e+01
1.982586479187011719e+01
1.873748397827148438e+01
1.766137123107910156e+01
1.690517425537109375e+01
1.642235755920410156e+01
1.636803817749023438e+01
1.682312011718750000e+01
1.741822052001953125e+01
1.947966003417968750e+01
2.125703239440917969e+01
2.369221687316894531e+01
2.462097167968750000e+01
2.414709854125976562e+01
2.325315666198730469e+01
2.266630554199218750e+01
2.278708648681640625e+01
2.212445068359375000e+01
2.163829040527343750e+01
2.104824447631835938e+01
2.100784683227539062e+01
2.191588020324707031e+01
2.166612052917480469e+01
2.138569068908691406e+01
2.118935775756835938e+01
2.074290657043457031e+01
1.941563415527343750e+01
1.794458198547363281e+01
1.703103446960449219e+01
1.657681465148925781e+01
1.649746894836425781e+01
1.697312736511230469e+01
1.743488121032714844e+01
1.913254165649414062e+01
2.144527816772460938e+01
2.397866249084472656e+01
2.496693420410156250e+01
2.444537925720214844e+01
2.498396301269531250e+01
2.232662582397460938e+01
2.252709960937500000e+01
2.228635787963867188e+01
2.132420921325683594e+01
2.080523109436035156e+01
2.066595268249511719e+01
2.012417984008789062e+01
2.070773887634277344e+01
2.035728645324707031e+01
2.138896751403808594e+01
2.085178947448730469e+01
1.892229843139648438e+01
1.755974769592285156e+01
1.666974067687988281e+01
1.611408805847167969e+01
1.604038429260253906e+01
1.662858963012695312e+01
1.765270996093750000e+01
1.961995887756347656e+01
2.118576049804687500e+01
2.323339271545410156e+01
2.405117607116699219e+01
2.398037338256835938e+01
2.222085189819335938e+01
2.200769615173339844e+01
2.182545471191406250e+01
2.057793807983398438e+01
2.018743896484375000e+01
1.999494361877441406e+01
2.044857025146484375e+01
2.116760826110839844e+01
2.085620498657226562e+01
2.017100715637207031e+01
1.954605102539062500e+01
1.882199287414550781e+01
1.804023933410644531e+01
1.720065498352050781e+01
1.657524871826171875e+01
1.613927459716796875e+01
1.595101928710937500e+01
1.640463066101074219e+01
1.723306846618652344e+01
1.847546577453613281e+01
1.949028396606445312e+01
2.115677261352539062e+01
2.144010162353515625e+01
2.101239967346191406e+01
2.128124427795410156e+01
2.022090721130371094e+01
1.995391654968261719e+01
1.941401100158691406e+01
1.918040847778320312e+01
1.915158653259277344e+01
1.952398681640625000e+01
2.055900955200195312e+01
2.028574752807617188e+01
1.980198669433593750e+01
1.950509452819824219e+01
1.912326049804687500e+01
1.837219810485839844e+01
1.727005767822265625e+01
1.654964256286621094e+01
1.614266395568847656e+01
1.598644828796386719e+01
1.674642181396484375e+01
1.665017318725585938e+01
1.705786514282226562e+01
1.749187469482421875e+01
1.835653114318847656e+01
1.898033332824707031e+01
1.914469909667968750e+01
1.841073989868164062e+01
1.774164009094238281e+01
1.724633026123046875e+01
1.662223243713378906e+01
1.697906112670898438e+01
1.762309455871582031e+01
1.803470611572265625e+01
1.930279159545898438e+01
1.935435295104980469e+01
1.906188583374023438e+01
1.867447662353515625e+01
1.860178947448730469e+01
1.750860214233398438e+01
1.649938583374023438e+01
1.582186126708984375e+01
1.532883644104003906e+01
1.540418624877929688e+01
1.624699211120605469e+01
1.653937530517578125e+01
1.794316482543945312e+01
2.006706428527832031e+01
2.248991775512695312e+01
2.372347068786621094e+01
2.309390640258789062e+01
2.193104743957519531e+01
2.130521965026855469e+01
2.072830200195312500e+01
1.991222381591796875e+01
1.965964508056640625e+01
1.954931068420410156e+01
1.975782394409179688e+01
2.031687927246093750e+01
1.994023132324218750e+01
1.944521713256835938e+01
1.888795852661132812e+01
1.819098281860351562e+01
1.726307678222656250e+01
1.628819274902343750e+01
1.568092155456542969e+01
1.544949817657470703e+01
1.558698463439941406e+01
1.592313385009765625e+01
1.654829025268554688e+01
1.840174865722656250e+01
2.069172668457031250e+01
2.279036521911621094e+01
2.327667045593261719e+01
2.284356880187988281e+01
2.133689308166503906e+01
2.127339172363281250e+01
2.044547653198242188e+01
1.959185028076171875e+01
1.927381134033203125e+01
1.965733528137207031e+01
1.986238479614257812e+01
2.054133033752441406e+01
2.018311309814453125e+01
1.897409820556640625e+01
1.828379058837890625e+01
1.711285400390625000e+01
1.629783439636230469e+01
1.550081825256347656e+01
1.506332111358642578e+01
1.495905494689941406e+01
1.526118469238281250e+01
1.571429729461669922e+01
1.620266723632812500e+01
1.804088592529296875e+01
2.067694854736328125e+01
2.297459793090820312e+01
2.368697166442871094e+01
2.304608345031738281e+01
2.241716194152832031e+01
2.120451545715332031e+01
2.094249916076660156e+01
2.043041610717773438e+01
2.010347938537597656e+01
2.056731796264648438e+01
2.063505172729492188e+01
2.082814788818359375e+01
2.020546340942382812e+01
1.921330261230468750e+01
1.843512153625488281e+01
1.754194831848144531e+01
1.660284996032714844e+01
1.572065162658691406e+01
1.510018253326416016e+01
1.490583801269531250e+01
1.564688873291015625e+01
1.626678085327148438e+01
1.682609176635742188e+01
1.874507522583007812e+01
2.075698471069335938e+01
2.322290420532226562e+01
2.361720466613769531e+01
2.299533843994140625e+01
2.220377349853515625e+01
2.129356575012207031e+01
2.127511978149414062e+01
2.114577102661132812e+01
2.055092239379882812e+01
2.033177947998046875e+01
2.050657081604003906e+01
2.168090057373046875e+01
2.046876144409179688e+01
1.922973442077636719e+01
1.846842002868652344e+01
1.734586334228515625e+01
1.652649307250976562e+01
1.573583221435546875e+01
1.533271789550781250e+01
1.523576641082763672e+01
1.553593254089355469e+01
1.601272583007812500e+01
1.639645195007324219e+01
1.833256530761718750e+01
2.061580276489257812e+01
2.300518989562988281e+01
2.382627487182617188e+01
2.344074440002441406e+01
2.254062461853027344e+01
2.193462562561035156e+01
2.197015571594238281e+01
2.133007621765136719e+01
2.093369865417480469e+01
2.075330352783203125e+01
2.046582412719726562e+01
2.101115226745605469e+01
2.053592681884765625e+01
1.968874740600585938e+01
1.887521743774414062e+01
1.815082168579101562e+01
1.720886993408203125e+01
1.630287361145019531e+01
1.567737960815429688e+01
1.537679958343505859e+01
1.566655921936035156e+01
1.627070045471191406e+01
1.688983535766601562e+01
1.840834426879882812e+01
1.960551071166992188e+01
2.094627189636230469e+01
2.136852264404296875e+01
2.122976684570312500e+01
2.071068382263183594e+01
1.986768341064453125e+01
1.986213874816894531e+01
1.942039108276367188e+01
1.964624023437500000e+01
1.947977447509765625e+01
1.945642089843750000e+01
2.023534393310546875e+01
1.980331993103027344e+01
1.947190093994140625e+01
1.908796501159667969e+01
1.871925735473632812e+01
1.810935020446777344e+01
1.705751228332519531e+01
1.643957710266113281e+01
1.604375076293945312e+01
1.598006629943847656e+01
1.650086975097656250e+01
1.648483848571777344e+01
1.689633941650390625e+01
1.747301673889160156e+01
1.857196617126464844e+01
1.908962249755859375e+01
1.893751144409179688e+01
1.857525062561035156e+01
1.786325836181640625e+01
1.766717720031738281e+01
1.748126411437988281e+01
1.780199623107910156e+01
1.813691711425781250e+01
1.824357795715332031e+01
1.949823188781738281e+01
1.945346069335937500e+01
1.919478607177734375e+01
1.895862197875976562e+01
1.861921882629394531e+01
1.772727394104003906e+01
1.678823661804199219e+01
1.607939529418945312e+01
1.556429100036621094e+01
1.570943450927734375e+01
1.646526718139648438e+01
1.685363006591796875e+01
1.813936042785644531e+01
2.016980743408203125e+01
2.262950706481933594e+01
2.349599266052246094e+01
2.247651290893554688e+01
2.161518859863281250e+01
2.076836585998535156e+01
2.039956283569335938e+01
1.992006874084472656e+01
1.926284217834472656e+01
1.905747604370117188e+01
1.949890518188476562e+01
1.990615272521972656e+01
1.939436721801757812e+01
1.904015731811523438e+01
1.834812736511230469e+01
1.783901977539062500e+01
1.689266967773437500e+01
1.607458114624023438e+01
1.569185256958007812e+01
1.566038703918457031e+01
1.548939323425292969e+01
1.569883728027343750e+01
1.603978919982910156e+01
1.758845901489257812e+01
1.927288055419921875e+01
2.103986358642578125e+01
2.159322929382324219e+01
2.104380035400390625e+01
2.016044998168945312e+01
1.940150260925292969e+01
1.885610961914062500e+01
1.860653305053710938e+01
1.859472465515136719e+01
1.894183921813964844e+01
1.929072570800781250e+01
1.954792594909667969e+01
1.888854026794433594e+01
1.838331031799316406e+01
1.772784805297851562e+01
1.732452964782714844e+01
1.669010353088378906e+01
1.603000068664550781e+01
1.563199806213378906e+01
1.548548316955566406e+01
1.569664096832275391e+01
1.608330154418945312e+01
1.640244483947753906e+01
1.778075981140136719e+01
1.954065513610839844e+01
2.205459022521972656e+01
2.300410270690917969e+01
2.241084671020507812e+01
2.135110092163085938e+01
2.045951652526855469e+01
1.997167778015136719e+01
1.903686714172363281e+01
1.866396331787109375e+01
1.864150810241699219e+01
1.867621994018554688e+01
1.850082778930664062e+01
1.808602905273437500e+01
1.733785438537597656e+01
1.653185844421386719e+01
1.573802757263183594e+01
1.495936393737792969e+01
1.450062084197998047e+01
1.432570743560791016e+01
1.449819183349609375e+01
1.459491062164306641e+01
1.498758220672607422e+01
1.546703147888183594e+01
1.701030349731445312e+01
1.870544815063476562e+01
2.018957138061523438e+01
2.116552543640136719e+01
2.115873146057128906e+01
2.057133102416992188e+01
2.012250518798828125e+01
1.959454727172851562e+01
1.887364578247070312e+01
1.871284484863281250e+01
1.897390747070312500e+01
1.909661102294921875e+01
1.897871208190917969e+01
1.818623352050781250e+01
1.715321159362792969e+01
1.630831718444824219e+01
1.537121105194091797e+01
1.472758483886718750e+01
1.414647388458251953e+01
1.393348789215087891e+01
1.391920280456542969e+01
1.470999431610107422e+01
1.507673358917236328e+01
1.562094116210937500e+01
1.746259117126464844e+01
1.988583374023437500e+01
2.180776023864746094e+01
2.235826683044433594e+01
2.187322807312011719e+01
2.138173866271972656e+01
2.108652877807617188e+01
2.101620483398437500e+01
2.054279708862304688e+01
2.034489059448242188e+01
2.042064857482910156e+01
2.021449661254882812e+01
2.026082801818847656e+01
1.943044471740722656e+01
1.812490463256835938e+01
1.710745429992675781e+01
1.635432052612304688e+01
1.569310569763183594e+01
1.492936038970947266e+01
1.448635387420654297e+01
1.439934253692626953e+01
1.504441356658935547e+01
1.550617599487304688e+01
1.583747100830078125e+01
1.722176170349121094e+01
1.897726058959960938e+01
2.122639846801757812e+01
2.205172348022460938e+01
2.177516174316406250e+01
2.104482078552246094e+01
2.040701293945312500e+01
1.994462203979492188e+01
1.925529861450195312e+01
1.907774162292480469e+01
1.949799919128417969e+01
1.969445610046386719e+01
2.004851913452148438e+01
1.949181175231933594e+01
1.880311012268066406e+01
1.771240806579589844e+01
1.688539123535156250e+01
1.609275054931640625e+01
1.534454441070556641e+01
1.489518928527832031e+01
1.486210441589355469e+01
1.520333480834960938e+01
1.588697433471679688e+01
1.584477519989013672e+01
1.653693008422851562e+01
1.730119323730468750e+01
1.896058845520019531e+01
1.958206176757812500e+01
1.952607536315917969e+01
1.887865257263183594e+01
1.837912178039550781e+01
1.796258354187011719e+01
1.784104728698730469e+01
1.787667655944824219e+01
1.802424240112304688e+01
1.841945838928222656e+01
1.935972213745117188e+01
1.950901222229003906e+01
1.854818725585937500e+01
1.861051750183105469e+01
1.777166557312011719e+01
1.706465911865234375e+01
1.602882385253906250e+01
1.546861648559570312e+01
1.500107669830322266e+01
1.542248916625976562e+01
1.631489372253417969e+01
1.708343696594238281e+01
1.897078323364257812e+01
2.125503921508789062e+01
2.372364425659179688e+01
2.475141334533691406e+01
2.406016540527343750e+01
2.270714950561523438e+01
2.223914718627929688e+01
2.204440689086914062e+01
2.135890197753906250e+01
2.103097152709960938e+01
2.132012176513671875e+01
2.131051254272460938e+01
2.129623794555664062e+01
2.047408676147460938e+01
1.954815101623535156e+01
1.858494567871093750e+01
1.784285163879394531e+01
1.676795196533203125e+01
1.587748050689697266e+01
1.533398723602294922e+01
1.518582057952880859e+01
1.563039779663085938e+01
1.620367431640625000e+01
1.692508125305175781e+01
1.900289154052734375e+01
2.132516288757324219e+01
2.344934463500976562e+01
2.409329986572265625e+01
2.357921981811523438e+01
2.273937988281250000e+01
2.209772300720214844e+01
2.176713180541992188e+01
2.126896858215332031e+01
2.094823837280273438e+01
2.110805320739746094e+01
2.114221763610839844e+01
2.115641784667968750e+01
2.042390441894531250e+01
1.938071060180664062e+01
1.807728958129882812e+01
1.743320465087890625e+01
1.649580192565917969e+01
1.573460960388183594e+01
1.523468971252441406e+01
1.504486751556396484e+01
1.545765304565429688e+01
1.587624740600585938e+01
1.673817062377929688e+01
1.859781837463378906e+01
2.032290267944335938e+01
2.230838203430175781e+01
2.304658126831054688e+01
2.242661285400390625e+01
2.159671974182128906e+01
2.100793266296386719e+01
2.034750938415527344e+01
1.961809349060058594e+01
1.950170516967773438e+01
1.971058654785156250e+01
2.016372489929199219e+01
2.016995811462402344e+01
1.969098663330078125e+01
1.876166152954101562e+01
1.773575401306152344e+01
1.704342079162597656e+01
1.607948684692382812e+01
1.539198017120361328e+01
1.498121929168701172e+01
1.499468517303466797e+01
1.517025279998779297e+01
1.586848831176757812e+01
1.638159561157226562e+01
1.847006607055664062e+01
2.097615242004394531e+01
2.334376716613769531e+01
2.417613029479980469e+01
2.351405715942382812e+01
2.276959609985351562e+01
2.211703300476074219e+01
2.162436103820800781e+01
2.091636848449707031e+01
2.097893524169921875e+01
2.083209800720214844e+01
2.084785842895507812e+01
2.069258689880371094e+01
1.969020462036132812e+01
1.844210815429687500e+01
1.734371948242187500e+01
1.638924217224121094e+01
1.577215194702148438e+01
1.500781440734863281e+01
1.460873126983642578e+01
1.451020622253417969e+01
1.509006118774414062e+01
1.572645854949951172e+01
1.649388885498046875e+01
1.841549491882324219e+01
2.063585662841796875e+01
2.248704147338867188e+01
2.289899826049804688e+01
2.269630050659179688e+01
2.206129264831542969e+01
2.155900382995605469e+01
2.089793395996093750e+01
2.030481147766113281e+01
2.008518218994140625e+01
2.011435699462890625e+01
2.035385513305664062e+01
2.030028152465820312e+01
1.959606552124023438e+01
1.836562919616699219e+01
1.712931632995605469e+01
1.611461639404296875e+01
1.581233024597167969e+01
1.495258426666259766e+01
1.468426799774169922e+01
1.455918407440185547e+01
1.504345226287841797e+01
1.505686092376708984e+01
1.695923042297363281e+01
1.679268836975097656e+01
1.860879516601562500e+01
1.919742584228515625e+01
1.952137184143066406e+01
1.879200172424316406e+01
1.860777473449707031e+01
1.797691726684570312e+01
1.752600288391113281e+01
1.736440277099609375e+01
1.750500869750976562e+01
1.774874496459960938e+01
1.841512298583984375e+01
1.895242691040039062e+01
1.834082221984863281e+01
1.761427307128906250e+01
1.699405097961425781e+01
1.641731452941894531e+01
1.576086235046386719e+01
1.509006786346435547e+01
1.463310146331787109e+01
1.454024791717529297e+01
1.487771511077880859e+01
1.563511657714843750e+01
1.595758438110351562e+01
1.656842231750488281e+01
1.733263015747070312e+01
1.880148315429687500e+01
1.960868072509765625e+01
1.935437011718750000e+01
1.856518554687500000e+01
1.798753356933593750e+01
1.734539794921875000e+01
1.702037239074707031e+01
1.731843376159667969e+01
1.767706871032714844e+01
1.836540603637695312e+01
1.884863853454589844e+01
1.834644508361816406e+01
1.774846458435058594e+01
1.726809120178222656e+01
1.676279067993164062e+01
1.593094253540039062e+01
1.514350223541259766e+01
1.466159152984619141e+01
1.450940608978271484e+01
1.485217380523681641e+01
1.572851943969726562e+01
1.656787490844726562e+01
1.841466331481933594e+01
2.101980972290039062e+01
2.338756561279296875e+01
2.427412986755371094e+01
2.359279823303222656e+01
2.242003440856933594e+01
2.165512847900390625e+01
2.101121520996093750e+01
2.029500579833984375e+01
2.013391113281250000e+01
2.043201255798339844e+01
2.046161079406738281e+01
2.051378822326660156e+01
1.944409942626953125e+01
1.828227996826171875e+01
1.709431266784667969e+01
1.615727615356445312e+01
1.523535537719726562e+01
1.461554145812988281e+01
1.417468547821044922e+01
1.419831752777099609e+01
1.489397239685058594e+01
1.554780769348144531e+01
1.639153671264648438e+01
1.848588752746582031e+01
2.079599761962890625e+01
2.262919044494628906e+01
2.318880653381347656e+01
2.292232894897460938e+01
2.264585494995117188e+01
2.175345993041992188e+01
2.151327896118164062e+01
2.122391891479492188e+01
2.097691535949707031e+01
2.082761383056640625e+01
2.074004936218261719e+01
2.077382087707519531e+01
1.970617294311523438e+01
1.844830513000488281e+01
1.727118682861328125e+01
1.644755935668945312e+01
1.561504745483398438e+01
1.491397190093994141e+01
1.441952800750732422e+01
1.430912208557128906e+01
1.498215293884277344e+01
1.557078933715820312e+01
1.629598999023437500e+01
1.837463760375976562e+01
2.086738204956054688e+01
2.296224021911621094e+01
2.365801429748535156e+01
2.311563491821289062e+01
2.264253997802734375e+01
2.180853843688964844e+01
2.172833251953125000e+01
2.141043281555175781e+01
2.101892471313476562e+01
2.099605941772460938e+01
2.091505050659179688e+01
2.087895965576171875e+01
1.988768386840820312e+01
1.881743049621582031e+01
1.756766319274902344e+01
1.669854927062988281e+01
1.582958793640136719e+01
1.514014244079589844e+01
1.458356571197509766e+01
1.441989231109619141e+01
1.510149478912353516e+01
1.579080581665039062e+01
1.666024589538574219e+01
1.895992851257324219e+01
2.116141319274902344e+01
2.308844375610351562e+01
2.362944793701171875e+01
2.275760841369628906e+01
2.227416229248046875e+01
2.169538879394531250e+01
2.115412139892578125e+01
2.089372444152832031e+01
2.062699127197265625e+01
2.095025444030761719e+01
2.083655548095703125e+01
2.095685958862304688e+01
1.986158752441406250e+01
1.866847610473632812e+01
1.738641357421875000e+01
1.654386520385742188e+01
1.577281379699707031e+01
1.510142898559570312e+01
1.468111705780029297e+01
1.471513271331787109e+01
1.530542755126953125e+01
1.589197349548339844e+01
1.663939285278320312e+01
1.885247421264648438e+01
2.072287368774414062e+01
2.260994529724121094e+01
2.309932899475097656e+01
2.254220771789550781e+01
2.217723846435546875e+01
2.166057205200195312e+01
2.081195640563964844e+01
2.020473861694335938e+01
2.020848083496093750e+01
2.009317398071289062e+01
2.041528892517089844e+01
2.051796722412109375e+01
1.963882446289062500e+01
1.860960006713867188e+01
1.723141479492187500e+01
1.628813552856445312e+01
1.550675964355468750e+01
1.501103782653808594e+01
1.465117645263671875e+01
1.467971324920654297e+01
1.504055404663085938e+01
1.566856765747070312e+01
1.623484992980957031e+01
1.793461036682128906e+01
1.879749488830566406e+01
1.984261131286621094e+01
2.003494644165039062e+01
1.951305007934570312e+01
1.882085418701171875e+01
1.814855766296386719e+01
1.799306106567382812e+01
1.790193176269531250e+01
1.801221275329589844e+01
1.824053764343261719e+01
1.885782241821289062e+01
1.939891433715820312e+01
1.860698890686035156e+01
1.793204879760742188e+01
1.720712280273437500e+01
1.662829589843750000e+01
1.599485969543457031e+01
1.536877822875976562e+01
1.497408485412597656e+01
1.486297130584716797e+01
1.520139694213867188e+01
1.593774986267089844e+01
1.617614746093750000e+01
1.707271766662597656e+01
1.786032485961914062e+01
1.947415924072265625e+01
2.006097793579101562e+01
1.972489547729492188e+01
1.881719970703125000e+01
1.799066925048828125e+01
1.759590148925781250e+01
1.734790802001953125e+01
1.771625900268554688e+01
1.797031402587890625e+01
1.867745590209960938e+01
1.924289321899414062e+01
1.881516647338867188e+01
1.832743835449218750e+01
1.763895606994628906e+01
1.714621162414550781e+01
1.633758163452148438e+01
1.555937957763671875e+01
1.508213996887207031e+01
1.488175678253173828e+01
1.518931484222412109e+01
1.616980361938476562e+01
1.671156883239746094e+01
1.873347282409667969e+01
2.092366409301757812e+01
2.355227279663085938e+01
2.481389808654785156e+01
2.389665412902832031e+01
2.285507774353027344e+01
2.216576194763183594e+01
2.176321601867675781e+01
2.128741836547851562e+01
2.103698730468750000e+01
2.125291633605957031e+01
2.111731338500976562e+01
2.126305580139160156e+01
2.020629882812500000e+01
1.904256820678710938e+01
1.786521339416503906e+01
1.705841255187988281e+01
1.616472816467285156e+01
1.544460868835449219e+01
1.493095874786376953e+01
1.488068199157714844e+01
1.537840747833251953e+01
1.597067260742187500e+01
1.665687179565429688e+01
1.906154632568359375e+01
2.135914421081542969e+01
2.352596092224121094e+01
2.423054504394531250e+01
2.362948799133300781e+01
2.280399322509765625e+01
2.250008010864257812e+01
2.242012023925781250e+01
2.219694709777832031e+01
2.161366081237792969e+01
2.157822990417480469e+01
2.145156860351562500e+01
2.158014869689941406e+01
2.043580627441406250e+01
1.941392135620117188e+01
1.836298370361328125e+01
1.731351661682128906e+01
1.633246231079101562e+01
1.561573219299316406e+01
1.509666347503662109e+01
1.494577598571777344e+01
1.551912307739257812e+01
1.620370292663574219e+01
1.685197257995605469e+01
1.909112358093261719e+01
2.149501037597656250e+01
2.359123992919921875e+01
2.417279434204101562e+01
2.367946052551269531e+01
2.293389701843261719e+01
2.219064712524414062e+01
2.230658721923828125e+01
2.196100425720214844e+01
2.164034843444824219e+01
2.170637702941894531e+01
2.144448089599609375e+01
2.194209861755371094e+01
2.079475593566894531e+01
1.961839294433593750e+01
1.845214080810546875e+01
1.751046943664550781e+01
1.669823646545410156e+01
1.587897109985351562e+01
1.536779117584228516e+01
1.518294429779052734e+01
1.571510028839111328e+01
1.633905982971191406e+01
1.695205307006835938e+01
1.904324340820312500e+01
2.164244461059570312e+01
2.386939239501953125e+01
2.446536064147949219e+01
2.379191589355468750e+01
2.322219467163085938e+01
2.249311828613281250e+01
2.234444427490234375e+01
2.198468780517578125e+01
2.157165145874023438e+01
2.159389495849609375e+01
2.170204734802246094e+01
2.178331947326660156e+01
2.072108268737792969e+01
1.963682174682617188e+01
1.859838867187500000e+01
1.763795089721679688e+01
1.678798294067382812e+01
1.594991493225097656e+01
1.542755889892578125e+01
1.531349849700927734e+01
1.580331611633300781e+01
1.644278335571289062e+01
1.707423782348632812e+01
1.905782699584960938e+01
2.121833610534667969e+01
2.318835830688476562e+01
2.352726173400878906e+01
2.294110679626464844e+01
2.282932662963867188e+01
2.181858825683593750e+01
2.139394569396972656e+01
2.072503662109375000e+01
2.040988922119140625e+01
2.084457778930664062e+01
2.118979263305664062e+01
2.102772903442382812e+01
2.000971031188964844e+01
1.906815528869628906e+01
1.804898452758789062e+01
1.710880279541015625e+01
1.622316741943359375e+01
1.556565856933593750e+01
1.524221324920654297e+01
1.537394618988037109e+01
1.569080734252929688e+01
1.611074447631835938e+01
1.657040023803710938e+01
1.787750244140625000e+01
1.935011482238769531e+01
2.148202323913574219e+01
2.204674530029296875e+01
2.167190361022949219e+01
2.129563522338867188e+01
2.030096435546875000e+01
2.025836181640625000e+01
1.957046127319335938e+01
1.956275367736816406e+01
1.971776580810546875e+01
2.053183364868164062e+01
2.060036277770996094e+01
1.971208763122558594e+01
1.868441200256347656e+01
1.758794021606445312e+01
1.660859298706054688e+01
1.575579071044921875e+01
1.504125976562500000e+01
1.469144153594970703e+01
1.475812625885009766e+01
1.519329166412353516e+01
1.574434852600097656e+01
1.585792922973632812e+01
1.648099708557128906e+01
1.756127357482910156e+01
1.889771461486816406e+01
1.973358726501464844e+01
1.926876258850097656e+01
1.863803291320800781e+01
1.822676849365234375e+01
1.751621055603027344e+01
1.703749656677246094e+01
1.727168083190917969e+01
1.780261230468750000e+01
1.868634986877441406e+01
1.912363052368164062e+01
1.830339431762695312e+01
1.767376136779785156e+01
1.696746253967285156e+01
1.626651763916015625e+01
1.550738716125488281e+01
1.480982112884521484e+01
1.446542835235595703e+01
1.452584362030029297e+01
1.485845279693603516e+01
1.576933479309082031e+01
1.636273193359375000e+01
1.859103584289550781e+01
2.096820449829101562e+01
2.365040397644042969e+01
2.407586288452148438e+01
2.325672531127929688e+01
2.284434890747070312e+01
2.151676940917968750e+01
2.114672088623046875e+01
2.093788719177246094e+01
2.103848266601562500e+01
2.106184387207031250e+01
2.097932815551757812e+01
2.078219604492187500e+01
1.959763336181640625e+01
1.819215393066406250e+01
1.706932830810546875e+01
1.621735000610351562e+01
1.528485202789306641e+01
1.456626129150390625e+01
1.412775135040283203e+01
1.412987327575683594e+01
1.497164249420166016e+01
1.573243331909179688e+01
1.639999961853027344e+01
1.831342697143554688e+01
2.024550247192382812e+01
2.217301177978515625e+01
2.315336036682128906e+01
2.272702789306640625e+01
2.190427017211914062e+01
2.130017852783203125e+01
2.111268615722656250e+01
2.054886054992675781e+01
2.044199371337890625e+01
2.061086273193359375e+01
2.081748580932617188e+01
2.076625061035156250e+01
1.976045799255371094e+01
1.870312118530273438e+01
1.781859779357910156e+01
1.688830947875976562e+01
1.605750656127929688e+01
1.525252342224121094e+01
1.472256374359130859e+01
1.482522487640380859e+01
1.534301757812500000e+01
1.616291809082031250e+01
1.657296371459960938e+01
1.946702003479003906e+01
2.181767082214355469e+01
2.404813194274902344e+01
2.494696998596191406e+01
2.420648956298828125e+01
2.358094215393066406e+01
2.291006088256835938e+01
2.293018722534179688e+01
2.272471427917480469e+01
2.233110618591308594e+01
2.198844528198242188e+01
2.187614250183105469e+01
2.198713684082031250e+01
2.072818374633789062e+01
1.976467132568359375e+01
1.875732231140136719e+01
1.793929481506347656e+01
1.670265769958496094e+01
1.571917343139648438e+01
1.516073322296142578e+01
1.496013069152832031e+01
1.542385673522949219e+01
1.624001312255859375e+01
1.710037994384765625e+01
1.924404144287109375e+01
2.179400825500488281e+01
2.406090164184570312e+01
2.500110626220703125e+01
2.476016616821289062e+01
2.404077720642089844e+01
2.336961174011230469e+01
2.374758148193359375e+01
2.345263290405273438e+01
2.281340408325195312e+01
2.266004180908203125e+01
2.249943733215332031e+01
2.236735343933105469e+01
2.124575042724609375e+01
2.011031532287597656e+01
1.910488128662109375e+01
1.808131599426269531e+01
1.699104309082031250e+01
1.595530319213867188e+01
1.536268520355224609e+01
1.499336624145507812e+01
1.542268371582031250e+01
1.642854309082031250e+01
1.727121353149414062e+01
1.930408668518066406e+01
2.202528190612792969e+01
2.435936546325683594e+01
2.549190902709960938e+01
2.524499511718750000e+01
2.498038864135742188e+01
2.411236953735351562e+01
2.488787078857421875e+01
2.495975494384765625e+01
2.387828445434570312e+01
2.350803756713867188e+01
2.345050621032714844e+01
2.328131675720214844e+01
2.191980171203613281e+01
2.140261268615722656e+01
2.082237243652343750e+01
1.982942581176757812e+01
1.892776489257812500e+01
1.768296051025390625e+01
1.676905441284179688e+01
1.604861068725585938e+01
1.612035560607910156e+01
1.723965644836425781e+01
1.769837188720703125e+01
1.883883285522460938e+01
2.144681549072265625e+01
2.427802085876464844e+01
2.563834953308105469e+01
2.526772308349609375e+01
2.409632301330566406e+01
2.350554084777832031e+01
2.415897369384765625e+01
2.376778411865234375e+01
2.340776824951171875e+01
2.310184097290039062e+01
2.307936477661132812e+01
2.392225837707519531e+01
2.296910095214843750e+01
2.255632591247558594e+01
2.229352188110351562e+01
2.173011016845703125e+01
2.074635696411132812e+01
1.933068466186523438e+01
1.826055145263671875e+01
1.780904197692871094e+01
1.786056900024414062e+01
1.832845687866210938e+01
1.829709053039550781e+01
1.852033424377441406e+01
1.937328147888183594e+01
2.091198348999023438e+01
2.239898300170898438e+01
2.222681999206542969e+01
2.163439178466796875e+01
2.111748886108398438e+01
2.100288391113281250e+01
2.073219299316406250e+01
1.997973632812500000e+01
2.023606109619140625e+01
2.129384040832519531e+01
2.267056465148925781e+01
2.256756973266601562e+01
2.181121444702148438e+01
2.172553634643554688e+01
2.107827377319335938e+01
2.011092376708984375e+01
1.854858779907226562e+01
1.792238616943359375e+01
1.735206413269042969e+01
1.733433151245117188e+01
1.785557746887207031e+01
1.801873588562011719e+01
1.932800865173339844e+01
2.197670173645019531e+01
2.526029586791992188e+01
2.696277618408203125e+01
2.618953704833984375e+01
2.518191337585449219e+01
2.421766853332519531e+01
2.467260932922363281e+01
2.429586791992187500e+01
2.368702316284179688e+01
2.330066299438476562e+01
2.345637512207031250e+01
2.380426788330078125e+01
2.253854179382324219e+01
2.228082275390625000e+01
2.137723350524902344e+01
2.063359260559082031e+01
1.949696731567382812e+01
1.812066459655761719e+01
1.730066299438476562e+01
1.679455947875976562e+01
1.697265052795410156e+01
1.776012802124023438e+01
1.811034393310546875e+01
1.991735076904296875e+01
2.282398986816406250e+01
2.569721221923828125e+01
2.644090843200683594e+01
2.587076377868652344e+01
2.474874877929687500e+01
2.447171211242675781e+01
2.535347175598144531e+01
2.485018539428710938e+01
2.466863441467285156e+01
2.402287292480468750e+01
2.353053855895996094e+01
2.373212051391601562e+01
2.274845504760742188e+01
2.221808242797851562e+01
2.193451118469238281e+01
2.142902183532714844e+01
2.026179122924804688e+01
1.880847358703613281e+01
1.787872886657714844e+01
1.741641426086425781e+01
1.756509399414062500e+01
1.780444908142089844e+01
1.834604263305664062e+01
1.994946861267089844e+01
2.296840667724609375e+01
2.632573318481445312e+01
2.768214607238769531e+01
2.677529525756835938e+01
2.578837585449218750e+01
2.534123229980468750e+01
2.638416290283203125e+01
2.650739860534667969e+01
2.511412429809570312e+01
2.450792694091796875e+01
2.473291397094726562e+01
2.470321273803710938e+01
2.339009666442871094e+01
2.253704071044921875e+01
2.232786750793457031e+01
2.181097221374511719e+01
2.049488639831542969e+01
1.906873130798339844e+01
1.799556732177734375e+01
1.742973136901855469e+01
1.764645576477050781e+01
1.809052085876464844e+01
1.829955482482910156e+01
1.974933624267578125e+01
2.275389480590820312e+01
2.577423095703125000e+01
2.699547576904296875e+01
2.656765556335449219e+01
2.516483497619628906e+01
2.464064025878906250e+01
2.555195999145507812e+01
2.516404724121093750e+01
2.473997497558593750e+01
2.409743309020996094e+01
2.438389778137207031e+01
2.407041740417480469e+01
2.306851387023925781e+01
2.270798110961914062e+01
2.240964698791503906e+01
2.204039382934570312e+01
2.070255661010742188e+01
1.916811943054199219e+01
1.818762779235839844e+01
1.768902206420898438e+01
1.783783531188964844e+01
1.831389236450195312e+01
1.844353103637695312e+01
2.013852882385253906e+01
2.329878044128417969e+01
2.628828239440917969e+01
2.778653717041015625e+01
2.773342895507812500e+01
2.665149688720703125e+01
2.558319282531738281e+01
2.675610733032226562e+01
2.597780036926269531e+01
2.471300315856933594e+01
2.406889915466308594e+01
2.377222633361816406e+01
2.341750335693359375e+01
2.211935806274414062e+01
2.159585189819335938e+01
2.101523590087890625e+01
2.053324890136718750e+01
1.942812156677246094e+01
1.806934547424316406e+01
1.709379386901855469e+01
1.652826499938964844e+01
1.661194419860839844e+01
1.724590682983398438e+01
1.801800537109375000e+01
1.899946022033691406e+01
2.061602973937988281e+01
2.288274002075195312e+01
2.437308311462402344e+01
2.414120864868164062e+01
2.320174789428710938e+01
2.256061935424804688e+01
2.258932685852050781e+01
2.185967445373535156e+01
2.106773757934570312e+01
2.142440032958984375e+01
2.206731796264648438e+01
2.236348342895507812e+01
2.171608161926269531e+01
2.088445091247558594e+01
2.008254623413085938e+01
1.923191833496093750e+01
1.821412658691406250e+01
1.727741050720214844e+01
1.665301704406738281e+01
1.638849067687988281e+01
1.638661766052246094e+01
1.664513778686523438e+01
1.681000328063964844e+01
1.768692398071289062e+01
1.862983322143554688e+01
1.995725440979003906e+01
2.032170295715332031e+01
2.045303916931152344e+01
1.988681602478027344e+01
1.935457801818847656e+01
1.908727836608886719e+01
1.871390533447265625e+01
1.876572799682617188e+01
1.902617263793945312e+01
1.989396286010742188e+01
2.115471458435058594e+01
2.021772766113281250e+01
1.974689292907714844e+01
1.944109153747558594e+01
1.920985031127929688e+01
1.820646667480468750e+01
1.728025245666503906e+01
1.645093536376953125e+01
1.612567901611328125e+01
1.613531875610351562e+01
1.715758514404296875e+01
1.736573028564453125e+01
1.935653686523437500e+01
2.190509605407714844e+01
2.501515579223632812e+01
2.646850204467773438e+01
2.556335067749023438e+01
2.460642242431640625e+01
2.382076644897460938e+01
2.387747001647949219e+01
2.314792251586914062e+01
2.252929496765136719e+01
2.266094589233398438e+01
2.279760551452636719e+01
2.239822196960449219e+01
2.103125572204589844e+01
2.020417594909667969e+01
1.895190429687500000e+01
1.812161445617675781e+01
1.724342536926269531e+01
1.637900352478027344e+01
1.580193710327148438e+01
1.544061660766601562e+01
1.570178604125976562e+01
1.646250724792480469e+01
1.736559867858886719e+01
1.922503280639648438e+01
2.189551162719726562e+01
2.419648170471191406e+01
2.525707817077636719e+01
2.476730728149414062e+01
2.413300704956054688e+01
2.346513748168945312e+01
2.365541267395019531e+01
2.348824691772460938e+01
2.295509910583496094e+01
2.290213394165039062e+01
2.303937721252441406e+01
2.262393951416015625e+01
2.138675308227539062e+01
2.043191909790039062e+01
1.947593116760253906e+01
1.867806625366210938e+01
1.821854209899902344e+01
1.686262130737304688e+01
1.609891128540039062e+01
1.564851188659667969e+01
1.625433731079101562e+01
1.645128631591796875e+01
1.699950790405273438e+01
1.916059112548828125e+01
2.203635597229003906e+01
2.481895828247070312e+01
2.625620460510253906e+01
2.548470878601074219e+01
2.429068756103515625e+01
2.342486953735351562e+01
2.374654579162597656e+01
2.338585472106933594e+01
2.273109626770019531e+01
2.283296585083007812e+01
2.307030487060546875e+01
2.278616714477539062e+01
2.160586166381835938e+01
2.079736137390136719e+01
1.977249908447265625e+01
1.887628555297851562e+01
1.797776412963867188e+01
1.695899772644042969e+01
1.624656105041503906e+01
1.575056648254394531e+01
1.592419052124023438e+01
1.678976631164550781e+01
1.754809188842773438e+01
1.952111434936523438e+01
2.207327270507812500e+01
2.492071342468261719e+01
2.554991722106933594e+01
2.468991470336914062e+01
2.385583114624023438e+01
2.292174720764160156e+01
2.282179832458496094e+01
2.239451599121093750e+01
2.217714118957519531e+01
2.225413703918457031e+01
2.287916183471679688e+01
2.237798881530761719e+01
2.103071784973144531e+01
1.997314071655273438e+01
1.898960685729980469e+01
1.813760185241699219e+01
1.729231643676757812e+01
1.647560882568359375e+01
1.596764850616455078e+01
1.582508087158203125e+01
1.610217094421386719e+01
1.672477531433105469e+01
1.752865982055664062e+01
1.949553871154785156e+01
2.214994812011718750e+01
2.466221046447753906e+01
2.517505836486816406e+01
2.416974258422851562e+01
2.374305152893066406e+01
2.310663414001464844e+01
2.292253875732421875e+01
2.246236801147460938e+01
2.243100357055664062e+01
2.236640930175781250e+01
2.267839813232421875e+01
2.250465583801269531e+01
2.129313659667968750e+01
2.024311637878417969e+01
1.861677360534667969e+01
1.797023200988769531e+01
1.704699134826660156e+01
1.641807937622070312e+01
1.594541931152343750e+01
1.567043495178222656e+01
1.613377571105957031e+01
1.654874038696289062e+01
1.732551956176757812e+01
1.837272071838378906e+01
2.042418289184570312e+01
2.319018173217773438e+01
2.406517982482910156e+01
2.340754699707031250e+01
2.330412292480468750e+01
2.241556930541992188e+01
2.224509811401367188e+01
2.170525169372558594e+01
2.140485382080078125e+01
2.172852325439453125e+01
2.252009010314941406e+01
2.261333465576171875e+01
2.136147308349609375e+01
2.025415802001953125e+01
1.918952751159667969e+01
1.824065780639648438e+01
1.746597480773925781e+01
1.660913085937500000e+01
1.596739196777343750e+01
1.567032241821289062e+01
1.602564620971679688e+01
1.643923187255859375e+01
1.662976837158203125e+01
1.740644073486328125e+01
1.852196884155273438e+01
1.982084274291992188e+01
2.103951644897460938e+01
2.074861907958984375e+01
2.022894859313964844e+01
1.967507553100585938e+01
1.953277397155761719e+01
1.913846588134765625e+01
1.919306373596191406e+01
1.940642738342285156e+01
2.059372520446777344e+01
2.121036911010742188e+01
2.035872840881347656e+01
1.911034774780273438e+01
2.010006332397460938e+01
1.907071876525878906e+01
1.809093475341796875e+01
1.711785888671875000e+01
1.641636085510253906e+01
1.606970405578613281e+01
1.628282928466796875e+01
1.730369377136230469e+01
1.798737907409667969e+01
2.029233551025390625e+01
2.333972930908203125e+01
2.641688728332519531e+01
2.740739822387695312e+01
2.639313507080078125e+01
2.561900520324707031e+01
2.476494407653808594e+01
2.533646392822265625e+01
2.497889518737792969e+01
2.419421958923339844e+01
2.439411926269531250e+01
2.396996307373046875e+01
2.295128250122070312e+01
2.158391571044921875e+01
2.050908660888671875e+01
1.978887748718261719e+01
1.901413536071777344e+01
1.804198837280273438e+01
1.693922424316406250e+01
1.612550354003906250e+01
1.573911380767822266e+01
1.617782974243164062e+01
1.705532455444335938e+01
1.801480293273925781e+01
1.979857826232910156e+01
2.255456733703613281e+01
2.493663024902343750e+01
2.585967254638671875e+01
2.545370292663574219e+01
2.458243751525878906e+01
2.361348342895507812e+01
2.382713317871093750e+01
2.333886528015136719e+01
2.291489028930664062e+01
2.315485191345214844e+01
2.336944007873535156e+01
2.286334419250488281e+01
2.156462669372558594e+01
2.034663391113281250e+01
1.906145858764648438e+01
1.784889221191406250e+01
1.693191528320312500e+01
1.611164093017578125e+01
1.560750007629394531e+01
1.539632320404052734e+01
1.586044883728027344e+01
1.653280258178710938e+01
1.716096305847167969e+01
1.902852058410644531e+01
2.156471443176269531e+01
2.376845932006835938e+01
2.435519409179687500e+01
2.381108474731445312e+01
2.322101402282714844e+01
2.246249771118164062e+01
2.208659172058105469e+01
2.134922790527343750e+01
2.096918678283691406e+01
2.157798385620117188e+01
2.212431335449218750e+01
2.206414031982421875e+01
2.086211585998535156e+01
1.950469398498535156e+01
1.825194168090820312e+01
1.700813102722167969e+01
1.608975791931152344e+01
1.536040306091308594e+01
1.498897552490234375e+01
1.494960689544677734e+01
1.552317237854003906e+01
1.616315078735351562e+01
1.708374023437500000e+01
1.969821357727050781e+01
2.253525161743164062e+01
2.498858261108398438e+01
2.583006286621093750e+01
2.511103630065917969e+01
2.435869598388671875e+01
2.373872756958007812e+01
2.411571502685546875e+01
2.378209686279296875e+01
2.335093688964843750e+01
2.329956245422363281e+01
2.354938888549804688e+01
2.294067764282226562e+01
2.145823478698730469e+01
2.021500778198242188e+01
1.905682373046875000e+01
1.819985580444335938e+01
1.708674621582031250e+01
1.614729881286621094e+01
1.555662155151367188e+01
1.527262496948242188e+01
1.568588638305664062e+01
1.681729698181152344e+01
1.750765991210937500e+01
1.992428016662597656e+01
2.317298889160156250e+01
2.561387443542480469e+01
2.640869522094726562e+01
2.548044967651367188e+01
2.438814544677734375e+01
2.397834014892578125e+01
2.419780349731445312e+01
2.387526893615722656e+01
2.343036460876464844e+01
2.323185348510742188e+01
2.348800849914550781e+01
2.289127731323242188e+01
2.150305175781250000e+01
2.023729896545410156e+01
1.922090721130371094e+01
1.830464935302734375e+01
1.726004028320312500e+01
1.633357620239257812e+01
1.572020149230957031e+01
1.540195751190185547e+01
1.596854877471923828e+01
1.666921234130859375e+01
1.731992149353027344e+01
1.869716644287109375e+01
2.106521415710449219e+01
2.334936714172363281e+01
2.426297760009765625e+01
2.395434188842773438e+01
2.302127075195312500e+01
2.232425308227539062e+01
2.246252059936523438e+01
2.207234191894531250e+01
2.176154899597167969e+01
2.190954589843750000e+01
2.261861038208007812e+01
2.292984580993652344e+01
2.170503807067871094e+01
2.053514099121093750e+01
1.957583427429199219e+01
1.842275047302246094e+01
1.759967041015625000e+01
1.673472404479980469e+01
1.613351058959960938e+01
1.586391448974609375e+01
1.613113975524902344e+01
1.663384628295898438e+01
1.693975448608398438e+01
1.763836288452148438e+01
1.874126625061035156e+01
2.042907333374023438e+01
2.087683105468750000e+01
2.064343070983886719e+01
2.021776390075683594e+01
1.964598464965820312e+01
1.931367301940917969e+01
1.920617103576660156e+01
1.918798637390136719e+01
1.951111030578613281e+01
2.054504776000976562e+01
2.148294639587402344e+01
2.047159194946289062e+01
2.004436302185058594e+01
1.967514038085937500e+01
1.905824661254882812e+01
1.802178955078125000e+01
1.705340957641601562e+01
1.650048828125000000e+01
1.625585937500000000e+01
1.634143447875976562e+01
1.734701728820800781e+01
1.756567001342773438e+01
1.975560569763183594e+01
2.293716621398925781e+01
2.578716659545898438e+01
2.646621322631835938e+01
2.593133163452148438e+01
2.518029785156250000e+01
2.364894485473632812e+01
2.429009056091308594e+01
2.412308502197265625e+01
2.361171913146972656e+01
2.380696487426757812e+01
2.379628372192382812e+01
2.334480667114257812e+01
2.194479751586914062e+01
2.075826835632324219e+01
1.980459403991699219e+01
1.894885063171386719e+01
1.832540130615234375e+01
1.720888137817382812e+01
1.649142646789550781e+01
1.613410568237304688e+01
1.648305702209472656e+01
1.689076614379882812e+01
1.790621757507324219e+01
1.970781898498535156e+01
2.289497184753417969e+01
2.504348373413085938e+01
2.637466239929199219e+01
2.571860313415527344e+01
2.479068946838378906e+01
2.412321090698242188e+01
2.485447502136230469e+01
2.466997718811035156e+01
2.426434516906738281e+01
2.395171165466308594e+01
2.385785865783691406e+01
2.384850311279296875e+01
2.225361251831054688e+01
2.115611076354980469e+01
2.040423202514648438e+01
1.963061332702636719e+01
1.859659767150878906e+01
1.757208061218261719e+01
1.663691329956054688e+01
1.623308372497558594e+01
1.640973091125488281e+01
1.722237968444824219e+01
1.749212646484375000e+01
2.006694412231445312e+01
2.308391189575195312e+01
2.570891189575195312e+01
2.703511619567871094e+01
2.594832992553710938e+01
2.516760253906250000e+01
2.442199134826660156e+01
2.499869346618652344e+01
2.469253921508789062e+01
2.411284828186035156e+01
2.374614334106445312e+01
2.399568557739257812e+01
2.371906280517578125e+01
2.206745147705078125e+01
2.144617080688476562e+01
2.071086883544921875e+01
1.976064300537109375e+01
1.881669235229492188e+01
1.771227073669433594e+01
1.693745803833007812e+01
1.650878524780273438e+01
1.661538887023925781e+01
1.743071937561035156e+01
1.793400382995605469e+01
2.011787033081054688e+01
2.307085609436035156e+01
2.607430458068847656e+01
2.688751220703125000e+01
2.599481201171875000e+01
2.467574882507324219e+01
2.411603355407714844e+01
2.477631378173828125e+01
2.451391220092773438e+01
2.410059738159179688e+01
2.381130409240722656e+01
2.439668083190917969e+01
2.403073310852050781e+01
2.269741630554199219e+01
2.183034324645996094e+01
2.111864280700683594e+01
1.982827377319335938e+01
1.864586067199707031e+01
1.777371978759765625e+01
1.715250396728515625e+01
1.694961929321289062e+01
1.742901992797851562e+01
1.798500823974609375e+01
1.835734558105468750e+01
1.915486526489257812e+01
2.055632400512695312e+01
2.247020721435546875e+01
2.338204002380371094e+01
2.308075714111328125e+01
2.387057495117187500e+01
2.245100975036621094e+01
2.261896705627441406e+01
2.267507934570312500e+01
2.200440025329589844e+01
2.229411697387695312e+01
2.331224822998046875e+01
2.325579452514648438e+01
2.276782798767089844e+01
2.227087974548339844e+01
2.169349479675292969e+01
2.103255462646484375e+01
1.972702789306640625e+01
1.844076538085937500e+01
1.764303588867187500e+01
1.724882888793945312e+01
1.741306495666503906e+01
1.801725196838378906e+01
1.835999679565429688e+01
1.959614562988281250e+01
2.271608734130859375e+01
2.575719833374023438e+01
2.697057723999023438e+01
2.599690437316894531e+01
2.519075202941894531e+01
2.420548248291015625e+01
2.514317703247070312e+01
2.475567245483398438e+01
2.397062301635742188e+01
2.405840492248535156e+01
2.447564315795898438e+01
2.294459533691406250e+01
2.205580520629882812e+01
2.109307861328125000e+01
2.025406074523925781e+01
1.952807807922363281e+01
1.858992195129394531e+01
1.761821746826171875e+01
1.681870079040527344e+01
1.631991577148437500e+01
1.630225181579589844e+01
1.687406730651855469e+01
1.716403198242187500e+01
1.801331520080566406e+01
1.875535202026367188e+01
2.022342109680175781e+01
2.105246162414550781e+01
2.096266174316406250e+01
2.072957038879394531e+01
1.998608589172363281e+01
1.947274017333984375e+01
1.916523361206054688e+01
1.899100875854492188e+01
1.970204544067382812e+01
2.119587707519531250e+01
2.124937057495117188e+01
2.068977165222167969e+01
2.008908462524414062e+01
1.965229034423828125e+01
1.922393798828125000e+01
1.816045188903808594e+01
1.713271903991699219e+01
1.650251960754394531e+01
1.623696136474609375e+01
1.646536254882812500e+01
1.754338645935058594e+01
1.816751480102539062e+01
2.035809516906738281e+01
2.365926361083984375e+01
2.654528999328613281e+01
2.750537872314453125e+01
2.675292396545410156e+01
2.485735321044921875e+01
2.413598823547363281e+01
2.531220054626464844e+01
2.494112968444824219e+01
2.462861824035644531e+01
2.426248931884765625e+01
2.426256370544433594e+01
2.364854240417480469e+01
2.221669006347656250e+01
2.121642875671386719e+01
2.033807373046875000e+01
1.976920318603515625e+01
1.874023628234863281e+01
1.762261581420898438e+01
1.672433090209960938e+01
1.631897354125976562e+01
1.674326133728027344e+01
1.736811256408691406e+01
1.811475372314453125e+01
1.999899673461914062e+01
2.350022506713867188e+01
2.645070648193359375e+01
2.743812179565429688e+01
2.662287712097167969e+01
2.583251571655273438e+01
2.510886383056640625e+01
2.595842742919921875e+01
2.575884628295898438e+01
2.497111701965332031e+01
2.450803947448730469e+01
2.460174369812011719e+01
2.400974655151367188e+01
2.272838211059570312e+01
2.165389823913574219e+01
2.102582168579101562e+01
2.041213417053222656e+01
1.927158737182617188e+01
1.801271057128906250e+01
1.721419525146484375e+01
1.671409797668457031e+01
1.698705863952636719e+01
1.784726142883300781e+01
1.856130218505859375e+01
2.062788200378417969e+01
2.412864494323730469e+01
2.698317718505859375e+01
2.817712974548339844e+01
2.731042861938476562e+01
2.636360931396484375e+01
2.567813873291015625e+01
2.670006752014160156e+01
2.647495841979980469e+01
2.578635406494140625e+01
2.520883178710937500e+01
2.505947303771972656e+01
2.451626014709472656e+01
2.311342239379882812e+01
2.210014915466308594e+01
2.170437431335449219e+01
2.108593368530273438e+01
2.011731910705566406e+01
1.876882171630859375e+01
1.782340431213378906e+01
1.733779525756835938e+01
1.770450973510742188e+01
1.825030326843261719e+01
1.911330032348632812e+01
2.115945243835449219e+01
2.438418579101562500e+01
2.730229187011718750e+01
2.831608200073242188e+01
2.773551368713378906e+01
2.679252815246582031e+01
2.597121429443359375e+01
2.681990242004394531e+01
2.639389419555664062e+01
2.525362014770507812e+01
2.493753242492675781e+01
2.507279396057128906e+01
2.440447616577148438e+01
2.287108612060546875e+01
2.222580337524414062e+01
2.215474319458007812e+01
2.166924095153808594e+01
2.057455062866210938e+01
1.913434982299804688e+01
1.799492645263671875e+01
1.750240516662597656e+01
1.780956077575683594e+01
1.816544914245605469e+01
1.905442047119140625e+01
2.105722236633300781e+01
2.464251136779785156e+01
2.765803527832031250e+01
2.833944511413574219e+01
2.765749549865722656e+01
2.678823661804199219e+01
2.625193786621093750e+01
2.736626815795898438e+01
2.701358604431152344e+01
2.604440307617187500e+01
2.534605407714843750e+01
2.534498786926269531e+01
2.494179725646972656e+01
2.347526168823242188e+01
2.325119590759277344e+01
2.205052757263183594e+01
2.249366950988769531e+01
2.135051536560058594e+01
1.970909500122070312e+01
1.855286788940429688e+01
1.811293411254882812e+01
1.829817390441894531e+01
1.866189575195312500e+01
1.917483901977539062e+01
2.036876106262207031e+01
2.296916198730468750e+01
2.573513221740722656e+01
2.698016738891601562e+01
2.661007308959960938e+01
2.593986320495605469e+01
2.497760963439941406e+01
2.634545707702636719e+01
2.542343139648437500e+01
2.458717918395996094e+01
2.509696960449218750e+01
2.550479316711425781e+01
2.503638076782226562e+01
2.382824707031250000e+01
2.310321044921875000e+01
2.281343460083007812e+01
2.245919036865234375e+01
2.104422760009765625e+01
1.955903816223144531e+01
1.847254371643066406e+01
1.787560462951660156e+01
1.796987152099609375e+01
1.841950225830078125e+01
1.837924194335937500e+01
1.868133926391601562e+01
1.977836608886718750e+01
2.188316917419433594e+01
2.286429786682128906e+01
2.268081474304199219e+01
2.248670196533203125e+01
2.193844413757324219e+01
2.161093902587890625e+01
2.086061477661132812e+01
2.039006614685058594e+01
2.080162811279296875e+01
2.252428817749023438e+01
2.322470092773437500e+01
2.316770744323730469e+01
2.296050071716308594e+01
2.315580177307128906e+01
2.282345581054687500e+01
2.064013290405273438e+01
1.960000991821289062e+01
1.848962020874023438e+01
1.833859252929687500e+01
1.807319831848144531e+01
1.909556961059570312e+01
1.968009376525878906e+01
2.157456398010253906e+01
2.396213150024414062e+01
2.696618270874023438e+01
2.103037261962890625e+01
1.736710166931152344e+01
1.534352779388427734e+01
1.816097259521484375e+01
2.286748313903808594e+01
2.611204147338867188e+01
2.562879371643066406e+01
2.384836578369140625e+01
2.253734779357910156e+01
2.369068717956542969e+01
2.360283279418945312e+01
2.192417907714843750e+01
2.176549530029296875e+01
2.299749755859375000e+01
2.045071792602539062e+01
1.826211357116699219e+01
1.738927459716796875e+01
1.656667518615722656e+01
1.628322982788085938e+01
1.665881347656250000e+01
1.693886756896972656e+01
1.886348342895507812e+01
2.155744361877441406e+01
2.434850883483886719e+01
2.697155570983886719e+01
2.778493881225585938e+01
2.715165710449218750e+01
2.650628662109375000e+01
2.761984443664550781e+01
2.693946456909179688e+01
2.585589027404785156e+01
2.556598663330078125e+01
2.573158073425292969e+01
2.477212333679199219e+01
2.321819114685058594e+01
2.235430717468261719e+01
2.202396583557128906e+01
2.154915809631347656e+01
2.014825057983398438e+01
1.866693496704101562e+01
1.751507186889648438e+01
1.698230171203613281e+01
1.732812500000000000e+01
1.796011352539062500e+01
1.856295013427734375e+01
2.071058845520019531e+01
2.430375099182128906e+01
2.730046844482421875e+01
2.883116340637207031e+01
2.862668609619140625e+01
2.679779052734375000e+01
2.594774627685546875e+01
2.706955337524414062e+01
2.639530563354492188e+01
2.577833366394042969e+01
2.567190170288085938e+01
2.629811286926269531e+01
2.520644187927246094e+01
2.375842094421386719e+01
2.371519470214843750e+01
2.366348075866699219e+01
2.351766395568847656e+01
2.066151428222656250e+01
1.798350715637207031e+01
1.712423133850097656e+01
1.692583465576171875e+01
1.783085250854492188e+01
1.897973823547363281e+01
1.977104949951171875e+01
2.024972152709960938e+01
2.272624778747558594e+01
2.645826721191406250e+01
2.849091529846191406e+01
2.773837471008300781e+01
2.705234527587890625e+01
2.570235633850097656e+01
2.671616363525390625e+01
2.602562522888183594e+01
2.487435150146484375e+01
2.507023239135742188e+01
2.535826110839843750e+01
2.423293876647949219e+01
2.279863739013671875e+01
2.181224060058593750e+01
2.120976638793945312e+01
2.047531890869140625e+01
1.943327331542968750e+01
1.817351150512695312e+01
1.710841751098632812e+01
1.642447853088378906e+01
1.670613098144531250e+01
1.757835006713867188e+01
1.854524993896484375e+01
2.058918952941894531e+01
2.405362510681152344e+01
2.700359153747558594e+01
2.795857048034667969e+01
2.730876350402832031e+01
2.710803413391113281e+01
2.542852592468261719e+01
2.574875259399414062e+01
2.548035430908203125e+01
2.451860618591308594e+01
2.431779479980468750e+01
2.527702140808105469e+01
2.446958541870117188e+01
2.315580368041992188e+01
2.180739974975585938e+01
2.093028640747070312e+01
2.005308532714843750e+01
1.908156394958496094e+01
1.793078422546386719e+01
1.710767936706542969e+01
1.663932037353515625e+01
1.687302398681640625e+01
1.770921516418457031e+01
1.784230613708496094e+01
1.942200088500976562e+01
2.215385055541992188e+01
2.488821601867675781e+01
2.607246971130371094e+01
2.607890892028808594e+01
2.433358955383300781e+01
2.350830841064453125e+01
2.420781326293945312e+01
2.372993850708007812e+01
2.330517768859863281e+01
2.318321037292480469e+01
2.411545372009277344e+01
2.403050422668457031e+01
2.277797126770019531e+01
2.166139602661132812e+01
2.061101150512695312e+01
1.968818855285644531e+01
1.890167427062988281e+01
1.783970832824707031e+01
1.705043601989746094e+01
1.658751487731933594e+01
1.670273590087890625e+01
1.722239494323730469e+01
1.736612510681152344e+01
1.805836105346679688e+01
1.906704711914062500e+01
2.053392791748046875e+01
2.157718658447265625e+01
2.173906898498535156e+01
2.044708061218261719e+01
2.007668304443359375e+01
1.977974319458007812e+01
1.947814178466796875e+01
1.949717712402343750e+01
2.088419151306152344e+01
2.130903053283691406e+01
2.281038665771484375e+01
2.150358200073242188e+01
2.106149864196777344e+01
2.088201141357421875e+01
2.012748527526855469e+01
1.913607025146484375e+01
1.783642005920410156e+01
1.709567832946777344e+01
1.691185188293457031e+01
1.712975311279296875e+01
1.814393424987792969e+01
1.865431594848632812e+01
2.073423957824707031e+01
2.408473968505859375e+01
2.726023483276367188e+01
2.842374229431152344e+01
2.794562339782714844e+01
2.591144752502441406e+01
2.510436439514160156e+01
2.628432464599609375e+01
2.551017951965332031e+01
2.513081550598144531e+01
2.474591445922851562e+01
2.515462112426757812e+01
2.455335807800292969e+01
2.310844802856445312e+01
2.215867805480957031e+01
2.147207069396972656e+01
2.087631988525390625e+01
1.990143966674804688e+01
1.863502120971679688e+01
1.756895446777343750e+01
1.708453559875488281e+01
1.741448593139648438e+01
1.813596534729003906e+01
1.878841781616210938e+01
2.122367477416992188e+01
2.483751487731933594e+01
2.784281539916992188e+01
2.884851074218750000e+01
2.861499214172363281e+01
2.724018859863281250e+01
2.646000099182128906e+01
2.753299903869628906e+01
2.645622825622558594e+01
2.571658897399902344e+01
2.541698837280273438e+01
2.606377410888671875e+01
2.545563316345214844e+01
2.412751007080078125e+01
2.321485900878906250e+01
2.293896102905273438e+01
2.240888214111328125e+01
2.097033500671386719e+01
1.953367042541503906e+01
1.843199539184570312e+01
1.788970947265625000e+01
1.819290351867675781e+01
1.882219505310058594e+01
1.938263511657714844e+01
2.135420989990234375e+01
2.501998138427734375e+01
2.832146263122558594e+01
2.958291053771972656e+01
2.891052246093750000e+01
2.763966560363769531e+01
2.667294120788574219e+01
2.789056015014648438e+01
2.753533363342285156e+01
2.657865524291992188e+01
2.603778839111328125e+01
2.649575042724609375e+01
2.597993850708007812e+01
2.448109626770019531e+01
2.350374794006347656e+01
2.296682167053222656e+01
2.231885528564453125e+01
2.073272323608398438e+01
1.926643180847167969e+01
1.824655914306640625e+01
1.776490020751953125e+01
1.807864761352539062e+01
1.892004776000976562e+01
1.928823852539062500e+01
2.154158210754394531e+01
2.507674789428710938e+01
2.818312072753906250e+01
2.935813140869140625e+01
2.877899360656738281e+01
2.758549880981445312e+01
2.711809158325195312e+01
2.822245216369628906e+01
2.766092491149902344e+01
2.672073364257812500e+01
2.613691711425781250e+01
2.659278106689453125e+01
2.545839500427246094e+01
2.366992378234863281e+01
2.272111320495605469e+01
2.165219116210937500e+01
2.134209823608398438e+01
2.032786178588867188e+01
1.897746276855468750e+01
1.794734573364257812e+01
1.736244010925292969e+01
1.770653915405273438e+01
1.828974342346191406e+01
1.881683158874511719e+01
2.058982276916503906e+01
2.377743530273437500e+01
2.664337158203125000e+01
2.765353393554687500e+01
2.786112594604492188e+01
2.723985290527343750e+01
2.624252319335937500e+01
2.758260345458984375e+01
2.700412750244140625e+01
2.619076156616210938e+01
2.585164642333984375e+01
2.638282585144042969e+01
2.565362548828125000e+01
2.429090118408203125e+01
2.338323211669921875e+01
2.310269165039062500e+01
2.238367652893066406e+01
2.121899032592773438e+01
1.975914764404296875e+01
1.872322082519531250e+01
1.798950386047363281e+01
1.811428451538085938e+01
1.898811721801757812e+01
1.926124763488769531e+01
2.053872108459472656e+01
2.308093070983886719e+01
2.574902343750000000e+01
2.722332954406738281e+01
2.652291870117187500e+01
2.534750366210937500e+01
2.467331504821777344e+01
2.542264556884765625e+01
2.468735885620117188e+01
2.402239608764648438e+01
2.422543907165527344e+01
2.512926864624023438e+01
2.496171569824218750e+01
2.409492874145507812e+01
2.328812789916992188e+01
2.289742851257324219e+01
2.208068466186523438e+01
2.162196731567382812e+01
1.985939216613769531e+01
1.882721519470214844e+01
1.834236907958984375e+01
1.846134376525878906e+01
1.872797203063964844e+01
1.890149116516113281e+01
1.899351310729980469e+01
1.972625923156738281e+01
2.123806571960449219e+01
2.156282806396484375e+01
2.121828842163085938e+01
2.107769775390625000e+01
2.068050384521484375e+01
2.081639289855957031e+01
2.067807960510253906e+01
2.057657623291015625e+01
2.100533103942871094e+01
2.292363548278808594e+01
2.305688858032226562e+01
2.288386154174804688e+01
2.284390449523925781e+01
2.221013069152832031e+01
2.225442695617675781e+01
2.049906158447265625e+01
1.929962539672851562e+01
1.842837142944335938e+01
1.809140014648437500e+01
1.813095664978027344e+01
1.890317535400390625e+01
1.897560882568359375e+01
2.061352729797363281e+01
2.375811958312988281e+01
2.729786682128906250e+01
2.826030921936035156e+01
2.726684951782226562e+01
2.649952697753906250e+01
2.557483673095703125e+01
2.713890457153320312e+01
2.688861274719238281e+01
2.622310066223144531e+01
2.612299346923828125e+01
2.640121459960937500e+01
2.534758377075195312e+01
2.371755027770996094e+01
2.295086288452148438e+01
2.215077590942382812e+01
2.120856094360351562e+01
2.013310241699218750e+01
1.888305664062500000e+01
1.791023063659667969e+01
1.723369979858398438e+01
1.723340606689453125e+01
1.790047836303710938e+01
1.804424667358398438e+01
2.008062744140625000e+01
2.305834197998046875e+01
2.626990509033203125e+01
2.792823982238769531e+01
2.723323249816894531e+01
2.591728210449218750e+01
2.519810676574707031e+01
2.638445281982421875e+01
2.608855247497558594e+01
2.543362236022949219e+01
2.516453552246093750e+01
2.565399551391601562e+01
2.497885322570800781e+01
2.378116416931152344e+01
2.284890937805175781e+01
2.223026275634765625e+01
2.154666137695312500e+01
2.024188613891601562e+01
1.887840461730957031e+01
1.777644348144531250e+01
1.709530830383300781e+01
1.733219909667968750e+01
1.814578437805175781e+01
1.845855712890625000e+01
2.055635643005371094e+01
2.371111488342285156e+01
2.703360748291015625e+01
2.879760742187500000e+01
2.753044319152832031e+01
2.678603553771972656e+01
2.577292633056640625e+01
2.689737510681152344e+01
2.668348503112792969e+01
2.582635116577148438e+01
2.541715812683105469e+01
2.583190536499023438e+01
2.504531669616699219e+01
2.384781074523925781e+01
2.294176483154296875e+01
2.220941543579101562e+01
2.170758819580078125e+01
2.037826347351074219e+01
1.896774101257324219e+01
1.786999320983886719e+01
1.718085098266601562e+01
1.737522888183593750e+01
1.814275169372558594e+01
1.873900413513183594e+01
2.076256370544433594e+01
2.428315734863281250e+01
2.743624877929687500e+01
2.860875701904296875e+01
2.759588813781738281e+01
2.645396041870117188e+01
2.579133987426757812e+01
2.673215484619140625e+01
2.635369110107421875e+01
2.571769905090332031e+01
2.547453308105468750e+01
2.601489067077636719e+01
2.512803077697753906e+01
2.387263107299804688e+01
2.304527282714843750e+01
2.269390678405761719e+01
2.221208381652832031e+01
2.075683403015136719e+01
1.935453414916992188e+01
1.821856307983398438e+01
1.757610893249511719e+01
1.762395286560058594e+01
1.828478622436523438e+01
1.845073699951171875e+01
2.068297386169433594e+01
2.358504867553710938e+01
2.678510093688964844e+01
2.810267829895019531e+01
2.671646690368652344e+01
2.568287277221679688e+01
2.482583999633789062e+01
2.569447517395019531e+01
2.532255363464355469e+01
2.491099548339843750e+01
2.484093093872070312e+01
2.560675239562988281e+01
2.496535110473632812e+01
2.351836204528808594e+01
2.251501846313476562e+01
2.184977149963378906e+01
2.127226257324218750e+01
2.008209991455078125e+01
1.878197669982910156e+01
1.774627685546875000e+01
1.712327384948730469e+01
1.732582664489746094e+01
1.769470405578613281e+01
1.828295707702636719e+01
1.930406951904296875e+01
2.223026275634765625e+01
2.516477012634277344e+01
2.632601737976074219e+01
2.558038330078125000e+01
2.451224708557128906e+01
2.381148719787597656e+01
2.447982597351074219e+01
2.451292800903320312e+01
2.431706237792968750e+01
2.420499992370605469e+01
2.506509017944335938e+01
2.456764984130859375e+01
2.339484596252441406e+01
2.228762054443359375e+01
2.126019859313964844e+01
2.048090934753417969e+01
1.921376800537109375e+01
1.800161361694335938e+01
1.690164184570312500e+01
1.636309814453125000e+01
1.724868774414062500e+01
1.757081604003906250e+01
1.771029853820800781e+01
1.820589447021484375e+01
1.870388793945312500e+01
2.072066879272460938e+01
2.074447059631347656e+01
2.122957038879394531e+01
2.076371383666992188e+01
2.025299453735351562e+01
2.006497192382812500e+01
2.001925277709960938e+01
1.982058143615722656e+01
2.031403350830078125e+01
2.184620475769042969e+01
2.201604843139648438e+01
2.190336990356445312e+01
2.116704177856445312e+01
2.063176536560058594e+01
2.020649909973144531e+01
1.898526573181152344e+01
1.779665374755859375e+01
1.699841117858886719e+01
1.674713706970214844e+01
1.706616210937500000e+01
1.799740409851074219e+01
1.856576919555664062e+01
2.060240173339843750e+01
2.411824226379394531e+01
2.725603294372558594e+01
2.836206245422363281e+01
2.751372337341308594e+01
2.654671859741210938e+01
2.557288169860839844e+01
2.688106918334960938e+01
2.670503234863281250e+01
2.604645347595214844e+01
2.576865386962890625e+01
2.618238449096679688e+01
2.534325981140136719e+01
2.376635551452636719e+01
2.281150627136230469e+01
2.203664588928222656e+01
2.119956779479980469e+01
1.996563720703125000e+01
1.862686538696289062e+01
1.754637145996093750e+01
1.702379226684570312e+01
1.743294906616210938e+01
1.846797943115234375e+01
1.884267807006835938e+01
2.081577682495117188e+01
2.427172470092773438e+01
2.733790588378906250e+01
2.810289764404296875e+01
2.737235450744628906e+01
2.652027320861816406e+01
2.572985649108886719e+01
2.673197555541992188e+01
2.654462432861328125e+01
2.573670387268066406e+01
2.588107681274414062e+01
2.634937667846679688e+01
2.547455787658691406e+01
2.426686096191406250e+01
2.258035850524902344e+01
2.184996223449707031e+01
2.100028228759765625e+01
2.017959976196289062e+01
1.890631484985351562e+01
1.785312271118164062e+01
1.717390060424804688e+01
1.752470016479492188e+01
1.818004417419433594e+01
1.874958610534667969e+01
2.093729019165039062e+01
2.428965187072753906e+01
2.716523933410644531e+01
2.797785377502441406e+01
2.704436874389648438e+01
2.643003463745117188e+01
2.561892700195312500e+01
2.632528495788574219e+01
2.632807731628417969e+01
2.565815925598144531e+01
2.559821510314941406e+01
2.597246742248535156e+01
2.513177871704101562e+01
2.382971382141113281e+01
2.290604209899902344e+01
2.213315582275390625e+01
2.145432853698730469e+01
1.999835014343261719e+01
1.873867797851562500e+01
1.756319999694824219e+01
1.710597991943359375e+01
1.736229133605957031e+01
1.822379684448242188e+01
1.889156341552734375e+01
2.075960159301757812e+01
2.384606933593750000e+01
2.703143501281738281e+01
2.902085494995117188e+01
2.718594169616699219e+01
2.572988700866699219e+01
2.455374717712402344e+01
2.562449836730957031e+01
2.572726631164550781e+01
2.567379188537597656e+01
2.574217605590820312e+01
2.577388381958007812e+01
2.512481307983398438e+01
2.345003128051757812e+01
2.227025794982910156e+01
2.114103889465332031e+01
2.033165740966796875e+01
1.903530502319335938e+01
1.787435531616210938e+01
1.704601669311523438e+01
1.664596176147460938e+01
1.722748947143554688e+01
1.779104614257812500e+01
1.812775421142578125e+01
1.992456626892089844e+01
2.332479858398437500e+01
2.609470558166503906e+01
2.703732681274414062e+01
2.658867645263671875e+01
2.538938903808593750e+01
2.482811355590820312e+01
2.590471267700195312e+01
2.552949523925781250e+01
2.477399635314941406e+01
2.548715972900390625e+01
2.565072631835937500e+01
2.457035064697265625e+01
2.350662231445312500e+01
2.212964439392089844e+01
2.098596572875976562e+01
2.001529121398925781e+01
1.899566268920898438e+01
1.780469894409179688e+01
1.682370185852050781e+01
1.641493034362792969e+01
1.672227859497070312e+01
1.774211883544921875e+01
1.789137268066406250e+01
1.943481445312500000e+01
2.170627593994140625e+01
2.439517402648925781e+01
2.589649391174316406e+01
2.499899291992187500e+01
2.421367645263671875e+01
2.358680534362792969e+01
2.434639739990234375e+01
2.461079597473144531e+01
2.436400222778320312e+01
2.469209098815917969e+01
2.555225181579589844e+01
2.447222900390625000e+01
2.351449775695800781e+01
2.242352867126464844e+01
2.102001953125000000e+01
2.003961944580078125e+01
1.904122543334960938e+01
1.789261436462402344e+01
1.708300018310546875e+01
1.662674331665039062e+01
1.685230445861816406e+01
1.793683433532714844e+01
1.781593704223632812e+01
1.824481201171875000e+01
1.935614776611328125e+01
2.070356750488281250e+01
2.156556892395019531e+01
2.147693824768066406e+01
2.108444023132324219e+01
2.071319961547851562e+01
2.076432609558105469e+01
2.054117012023925781e+01
2.051159667968750000e+01
2.110129928588867188e+01
2.263295555114746094e+01
2.275602722167968750e+01
2.252227020263671875e+01
2.162945175170898438e+01
2.130579185485839844e+01
2.031186103820800781e+01
1.909264564514160156e+01
1.782849693298339844e+01
1.715373611450195312e+01
1.695854377746582031e+01
1.726564598083496094e+01
1.806149101257324219e+01
1.901994323730468750e+01
2.039347457885742188e+01
2.388450050354003906e+01
2.693458747863769531e+01
2.742715263366699219e+01
2.661660766601562500e+01
2.596235275268554688e+01
2.507630538940429688e+01
2.588325881958007812e+01
2.585304260253906250e+01
2.543306350708007812e+01
2.522176170349121094e+01
2.578639411926269531e+01
2.457991218566894531e+01
2.308930587768554688e+01
2.305147933959960938e+01
2.093720626831054688e+01
1.954604148864746094e+01
1.859851837158203125e+01
1.754634475708007812e+01
1.670830917358398438e+01
1.626744651794433594e+01
1.672507095336914062e+01
1.774557685852050781e+01
1.824758529663085938e+01
2.020337677001953125e+01
2.337969970703125000e+01
2.609399604797363281e+01
2.670926094055175781e+01
2.572665405273437500e+01
2.492327880859375000e+01
2.436161041259765625e+01
2.506393432617187500e+01
2.454815673828125000e+01
2.468553352355957031e+01
2.493487358093261719e+01
2.550748825073242188e+01
2.449138450622558594e+01
2.341219902038574219e+01
2.181441688537597656e+01
1.994334602355957031e+01
1.865382385253906250e+01
1.777935028076171875e+01
1.679059982299804688e+01
1.609912109375000000e+01
1.581068229675292969e+01
1.635740280151367188e+01
1.719479179382324219e+01
1.767970848083496094e+01
1.920792961120605469e+01
2.250436019897460938e+01
2.521333885192871094e+01
2.598736953735351562e+01
2.515896224975585938e+01
2.416576576232910156e+01
2.361155319213867188e+01
2.423897171020507812e+01
2.408372879028320312e+01
2.401215934753417969e+01
2.431304168701171875e+01
2.499625778198242188e+01
2.368267440795898438e+01
2.216997718811035156e+01
2.083291435241699219e+01
1.919559288024902344e+01
1.777196884155273438e+01
1.665372848510742188e+01
1.572265625000000000e+01
1.513850688934326172e+01
1.491534805297851562e+01
1.551413440704345703e+01
1.666135597229003906e+01
1.718863487243652344e+01
1.894878196716308594e+01
2.194724273681640625e+01
2.446811294555664062e+01
2.522037696838378906e+01
2.460281562805175781e+01
2.409291839599609375e+01
2.340241050720214844e+01
2.400065803527832031e+01
2.417148208618164062e+01
2.401909637451171875e+01
2.418065261840820312e+01
2.484766006469726562e+01
2.360437774658203125e+01
2.221051216125488281e+01
2.102410316467285156e+01
1.936925125122070312e+01
1.747149658203125000e+01
1.652739715576171875e+01
1.551451110839843750e+01
1.494446945190429688e+01
1.471657943725585938e+01
1.529113483428955078e+01
1.683633613586425781e+01
1.738378906250000000e+01
1.923938560485839844e+01
2.212296295166015625e+01
2.471751022338867188e+01
2.568615531921386719e+01
2.532138061523437500e+01
2.491521835327148438e+01
2.421115303039550781e+01
2.496820068359375000e+01
2.480350494384765625e+01
2.394068145751953125e+01
2.385025596618652344e+01
2.471643066406250000e+01
2.357339096069335938e+01
2.237841415405273438e+01
2.144500160217285156e+01
1.992482566833496094e+01
1.855555534362792969e+01
1.757730484008789062e+01
1.653377723693847656e+01
1.582752037048339844e+01
1.543947982788085938e+01
1.584899139404296875e+01
1.767216110229492188e+01
1.831785964965820312e+01
1.927771568298339844e+01
2.015032958984375000e+01
2.080399894714355469e+01
2.109296417236328125e+01
2.083708572387695312e+01
2.056694412231445312e+01
2.033592224121093750e+01
2.032056045532226562e+01
2.022888755798339844e+01
2.032583045959472656e+01
2.127197456359863281e+01
2.321502494812011719e+01
2.274103736877441406e+01
2.196055603027343750e+01
2.183413124084472656e+01
2.081068420410156250e+01
2.013134956359863281e+01
1.886422348022460938e+01
1.781946754455566406e+01
1.716839981079101562e+01
1.710864830017089844e+01
1.740245437622070312e+01
1.821569633483886719e+01
1.805242156982421875e+01
1.802201652526855469e+01
1.858054161071777344e+01
1.970878791809082031e+01
2.039661026000976562e+01
2.021040344238281250e+01
1.977032470703125000e+01
1.965568733215332031e+01
1.962922668457031250e+01
1.962726974487304688e+01
1.961376571655273438e+01
2.020905494689941406e+01
2.228951644897460938e+01
2.215821075439453125e+01
2.168187522888183594e+01
2.170126342773437500e+01
2.057781028747558594e+01
2.015104484558105469e+01
1.912127304077148438e+01
1.790254974365234375e+01
1.721669960021972656e+01
1.689065742492675781e+01
1.744018936157226562e+01
1.802520942687988281e+01
1.836539268493652344e+01
1.872452163696289062e+01
1.967027282714843750e+01
2.119108390808105469e+01
2.255715751647949219e+01
2.179361915588378906e+01
2.083941841125488281e+01
2.042357635498046875e+01
2.048221588134765625e+01
2.060352134704589844e+01
2.044845771789550781e+01
2.109441947937011719e+01
2.280928421020507812e+01
2.262958145141601562e+01
2.251362800598144531e+01
2.193537521362304688e+01
2.085917663574218750e+01
2.066702842712402344e+01
1.940268325805664062e+01
1.807943153381347656e+01
1.756570625305175781e+01
1.715197944641113281e+01
1.776951789855957031e+01
1.836708450317382812e+01
1.927853775024414062e+01
2.025867843627929688e+01
2.333738136291503906e+01
2.641941452026367188e+01
2.745526695251464844e+01
2.693194961547851562e+01
2.612946891784667969e+01
2.533347320556640625e+01
2.654856681823730469e+01
2.620290756225585938e+01
2.548119926452636719e+01
2.506760787963867188e+01
2.574178886413574219e+01
2.490981292724609375e+01
2.362273216247558594e+01
2.280933380126953125e+01
2.200064277648925781e+01
2.105783462524414062e+01
1.999841499328613281e+01
1.880733871459960938e+01
1.784510040283203125e+01
1.733380508422851562e+01
1.753772544860839844e+01
1.849804496765136719e+01
1.865585136413574219e+01
2.043552017211914062e+01
2.359700965881347656e+01
2.662898635864257812e+01
2.782083511352539062e+01
2.704996490478515625e+01
2.643367767333984375e+01
2.551436042785644531e+01
2.664072608947753906e+01
2.622937202453613281e+01
2.559238243103027344e+01
2.554564857482910156e+01
2.612501144409179688e+01
2.507960510253906250e+01
2.379836654663085938e+01
2.298026084899902344e+01
2.212644195556640625e+01
2.135797691345214844e+01
2.017389678955078125e+01
1.884530639648437500e+01
1.775127029418945312e+01
1.722663688659667969e+01
1.752198791503906250e+01
1.856082153320312500e+01
1.901798629760742188e+01
2.116108512878417969e+01
2.440255737304687500e+01
2.714190483093261719e+01
2.812678909301757812e+01
2.747532081604003906e+01
2.649658966064453125e+01
2.593833160400390625e+01
2.658903312683105469e+01
2.624102020263671875e+01
2.536393547058105469e+01
2.508724975585937500e+01
2.578070831298828125e+01
2.456199645996093750e+01
2.312759971618652344e+01
2.238832092285156250e+01
2.090451049804687500e+01
1.995097160339355469e+01
1.883222198486328125e+01
1.773320770263671875e+01
1.689349555969238281e+01
1.657013130187988281e+01
1.694761085510253906e+01
1.795861053466796875e+01
1.843832588195800781e+01
2.037531852722167969e+01
2.331682395935058594e+01
2.592584609985351562e+01
2.714815521240234375e+01
2.656616973876953125e+01
2.583669090270996094e+01
2.510019683837890625e+01
2.599328422546386719e+01
2.561076164245605469e+01
2.484824752807617188e+01
2.483873939514160156e+01
2.543154716491699219e+01
2.443110847473144531e+01
2.272853279113769531e+01
2.154130172729492188e+01
2.024421691894531250e+01
1.925968933105468750e+01
1.824964904785156250e+01
1.721936035156250000e+01
1.640053749084472656e+01
1.601590728759765625e+01
1.644795799255371094e+01
1.766230010986328125e+01
1.802614212036132812e+01
1.931838417053222656e+01
2.158499526977539062e+01
2.407556533813476562e+01
2.519260215759277344e+01
2.486754798889160156e+01
2.414883804321289062e+01
2.323905754089355469e+01
2.397072029113769531e+01
2.411908912658691406e+01
2.343019485473632812e+01
2.308078002929687500e+01
2.464500427246093750e+01
2.377623176574707031e+01
2.247207641601562500e+01
2.137524032592773438e+01
1.985580062866210938e+01
1.874524497985839844e+01
1.780860900878906250e+01
1.689942359924316406e+01
1.624048423767089844e+01
1.595595169067382812e+01
1.631529426574707031e+01
1.711088371276855469e+01
1.737411117553710938e+01
1.797740554809570312e+01
1.906567382812500000e+01
2.016814994812011719e+01
2.096282958984375000e+01
2.116571617126464844e+01
2.069926452636718750e+01
2.016451644897460938e+01
2.013749313354492188e+01
1.982577705383300781e+01
1.974210357666015625e+01
2.021475791931152344e+01
2.160783767700195312e+01
2.210017776489257812e+01
2.153359413146972656e+01
2.078158950805664062e+01
1.997333908081054688e+01
1.913909530639648438e+01
1.780851936340332031e+01
1.686178779602050781e+01
1.621631431579589844e+01
1.618034744262695312e+01
1.658716964721679688e+01
1.764985847473144531e+01
1.800128173828125000e+01
1.996263313293457031e+01
2.320478248596191406e+01
2.625931930541992188e+01
2.735145950317382812e+01
2.657011413574218750e+01
2.528830909729003906e+01
2.407139205932617188e+01
2.453169250488281250e+01
2.425895500183105469e+01
2.368338203430175781e+01
2.373571968078613281e+01
2.452182388305664062e+01
2.347784042358398438e+01
2.218656921386718750e+01
2.056722831726074219e+01
1.901983451843261719e+01
1.804959106445312500e+01
1.692902374267578125e+01
1.605570030212402344e+01
1.544109153747558594e+01
1.517737674713134766e+01
1.575896835327148438e+01
1.716901206970214844e+01
1.798703384399414062e+01
1.978750610351562500e+01
2.267507743835449219e+01
2.505123519897460938e+01
2.576593971252441406e+01
2.533022689819335938e+01
2.471989631652832031e+01
2.406211471557617188e+01
2.483155632019042969e+01
2.456683731079101562e+01
2.415687942504882812e+01
2.445746040344238281e+01
2.500167465209960938e+01
2.395282936096191406e+01
2.229501152038574219e+01
2.051359558105468750e+01
1.943224525451660156e+01
1.820007514953613281e+01
1.727756309509277344e+01
1.635198211669921875e+01
1.575317478179931641e+01
1.556409263610839844e+01
1.613507461547851562e+01
1.727197265625000000e+01
1.806038665771484375e+01
2.033322715759277344e+01
2.347055625915527344e+01
2.592332649230957031e+01
2.673733901977539062e+01
2.609841537475585938e+01
2.518259429931640625e+01
2.470564651489257812e+01
2.548361968994140625e+01
2.505911064147949219e+01
2.433906364440917969e+01
2.485210418701171875e+01
2.527242660522460938e+01
2.398112106323242188e+01
2.257915687561035156e+01
2.110637474060058594e+01
1.966481399536132812e+01
