2.474936097860336304e-01 3.377408683300018311e-01 3.790369927883148193e-01 3.289952576160430908e-01 3.934563100337982178e-01 3.329232931137084961e-01 2.530175149440765381e-01 2.451677471399307251e-01 3.117982745170593262e-01 2.472472190856933594e-01 3.226175606250762939e-01 3.383449018001556396e-01 2.799656391143798828e-01 2.739132046699523926e-01 2.687961459159851074e-01
3.216243982315063477e-01 3.870591223239898682e-01 3.808769285678863525e-01 3.920476436614990234e-01 4.945597052574157715e-01 3.446192741394042969e-01 2.529723644256591797e-01 2.440264821052551270e-01 3.407582342624664307e-01 2.769555747509002686e-01 2.873277366161346436e-01 3.372434079647064209e-01 3.253377377986907959e-01 3.613942861557006836e-01 3.551488518714904785e-01
4.784590899944305420e-01 4.468419253826141357e-01 3.986455202102661133e-01 4.435090422630310059e-01 5.177040100097656250e-01 3.869559168815612793e-01 2.795957922935485840e-01 3.405032753944396973e-01 4.070213139057159424e-01 3.000703752040863037e-01 3.739394247531890869e-01 3.661035299301147461e-01 4.389714300632476807e-01 4.179596602916717529e-01 4.036215841770172119e-01
5.024023652076721191e-01 4.544592201709747314e-01 4.032710492610931396e-01 4.406887292861938477e-01 4.309900701045989990e-01 4.024393260478973389e-01 3.254169821739196777e-01 4.204814732074737549e-01 4.337431490421295166e-01 3.734043240547180176e-01 4.322779476642608643e-01 4.051012694835662842e-01 4.606869220733642578e-01 4.050874412059783936e-01 3.984540402889251709e-01
4.467682540416717529e-01 4.197847247123718262e-01 4.236215949058532715e-01 4.303728640079498291e-01 4.096395969390869141e-01 4.060817062854766846e-01 3.752763867378234863e-01 4.297322928905487061e-01 4.504413008689880371e-01 4.178613424301147461e-01 4.300896227359771729e-01 4.248709380626678467e-01 4.325300157070159912e-01 3.886374831199645996e-01 3.948943614959716797e-01
4.021296501159667969e-01 4.230035841464996338e-01 4.347652792930603027e-01 4.111357629299163818e-01 4.089883863925933838e-01 4.182908833026885986e-01 3.769830465316772461e-01 4.173212647438049316e-01 4.243379533290863037e-01 3.857758343219757080e-01 4.010627269744873047e-01 4.254169166088104248e-01 4.092996418476104736e-01 3.870008289813995361e-01 4.065242409706115723e-01
3.951738476753234863e-01 4.022805392742156982e-01 4.167769551277160645e-01 3.900131881237030029e-01 4.127214252948760986e-01 3.938048183917999268e-01 3.606091439723968506e-01 4.072787463665008545e-01 4.109492599964141846e-01 3.533769547939300537e-01 3.946420550346374512e-01 3.925240039825439453e-01 4.203086495399475098e-01 3.592032790184020996e-01 3.814556598663330078e-01
4.546041488647460938e-01 4.068585038185119629e-01 4.141360223293304443e-01 4.346958100795745850e-01 4.255364835262298584e-01 3.860925436019897461e-01 3.781134486198425293e-01 4.020903408527374268e-01 4.412714838981628418e-01 4.069676101207733154e-01 4.416207075119018555e-01 4.053848385810852051e-01 4.475880563259124756e-01 4.055844843387603760e-01 4.024378061294555664e-01
3.978469371795654297e-01 4.680159986019134521e-01 4.193238615989685059e-01 4.219968020915985107e-01 4.095505475997924805e-01 4.143129885196685791e-01 3.701314032077789307e-01 4.175226092338562012e-01 4.080428481101989746e-01 3.714895248413085938e-01 3.969399034976959229e-01 4.236416518688201904e-01 3.976930081844329834e-01 4.190908968448638916e-01 4.202468991279602051e-01
4.495775103569030762e-01 4.012588262557983398e-01 4.439246058464050293e-01 4.356100261211395264e-01 4.185828268527984619e-01 4.260968863964080811e-01 3.895768821239471436e-01 4.010961651802062988e-01 4.547575116157531738e-01 4.154060781002044678e-01 4.413278400897979736e-01 4.259392917156219482e-01 4.333910346031188965e-01 4.060609638690948486e-01 4.103207290172576904e-01
4.101605713367462158e-01 4.628272354602813721e-01 4.284428060054779053e-01 4.159005582332611084e-01 4.195964932441711426e-01 4.389261901378631592e-01 3.611482381820678711e-01 4.005730450153350830e-01 4.038926959037780762e-01 3.416290283203125000e-01 3.878182470798492432e-01 4.253419637680053711e-01 3.983939290046691895e-01 4.135922491550445557e-01 4.017282128334045410e-01
4.685749709606170654e-01 4.188261330127716064e-01 4.308442473411560059e-01 4.401715099811553955e-01 4.488346576690673828e-01 4.175924360752105713e-01 3.549993932247161865e-01 4.021890759468078613e-01 4.549507498741149902e-01 3.655064404010772705e-01 4.177121818065643311e-01 3.975760340690612793e-01 4.524232149124145508e-01 4.132704436779022217e-01 4.224225282669067383e-01
3.926697969436645508e-01 4.450196325778961182e-01 4.105723500251770020e-01 4.052154421806335449e-01 3.971518278121948242e-01 4.322532713413238525e-01 3.645925819873809814e-01 3.890231251716613770e-01 3.876236975193023682e-01 3.442932963371276855e-01 3.852387666702270508e-01 4.453764855861663818e-01 3.890806436538696289e-01 3.904941976070404053e-01 3.772806227207183838e-01
3.768101036548614502e-01 3.707955181598663330e-01 3.927766978740692139e-01 3.941487967967987061e-01 4.080387651920318604e-01 3.637932538986206055e-01 3.337607979774475098e-01 3.537327051162719727e-01 3.914730250835418701e-01 3.457068204879760742e-01 3.777341544628143311e-01 3.723523318767547607e-01 3.782525062561035156e-01 3.544544279575347900e-01 3.436036705970764160e-01
3.977569043636322021e-01 4.026041924953460693e-01 3.936342597007751465e-01 3.896239101886749268e-01 4.091971218585968018e-01 3.853072524070739746e-01 3.240621387958526611e-01 3.704515993595123291e-01 3.862292170524597168e-01 3.236157596111297607e-01 3.785907030105590820e-01 3.916605710983276367e-01 3.874633014202117920e-01 3.636319935321807861e-01 3.710823655128479004e-01
3.930878341197967529e-01 4.086596667766571045e-01 3.854922652244567871e-01 3.840435743331909180e-01 3.963472545146942139e-01 3.903466165065765381e-01 3.120008707046508789e-01 3.618449866771697998e-01 3.802562654018402100e-01 3.076795637607574463e-01 3.733508884906768799e-01 3.893999755382537842e-01 3.940981626510620117e-01 3.604505360126495361e-01 3.667229413986206055e-01
3.077139854431152344e-01 3.803799450397491455e-01 3.839657008647918701e-01 3.554615378379821777e-01 3.894515931606292725e-01 3.790799081325531006e-01 3.053665459156036377e-01 3.073350489139556885e-01 3.510122299194335938e-01 2.871391475200653076e-01 3.636122941970825195e-01 3.895153105258941650e-01 3.439316153526306152e-01 3.168907761573791504e-01 3.298732638359069824e-01
3.257833123207092285e-01 3.793362379074096680e-01 3.760475516319274902e-01 3.655824363231658936e-01 4.475246667861938477e-01 3.414171636104583740e-01 2.684211730957031250e-01 2.794489860534667969e-01 3.460995852947235107e-01 2.789156138896942139e-01 3.195375204086303711e-01 3.467316329479217529e-01 3.505963683128356934e-01 3.370236456394195557e-01 3.463624119758605957e-01
4.382255673408508301e-01 4.408531785011291504e-01 4.073078036308288574e-01 4.264465570449829102e-01 4.842714667320251465e-01 3.857191205024719238e-01 3.117927908897399902e-01 3.584083318710327148e-01 4.012373685836791992e-01 3.150724470615386963e-01 3.864454925060272217e-01 3.972616195678710938e-01 4.241928756237030029e-01 4.084136188030242920e-01 4.073467552661895752e-01
4.802189469337463379e-01 4.679940044879913330e-01 4.133897423744201660e-01 4.671625196933746338e-01 4.594903886318206787e-01 4.012901782989501953e-01 3.423470556735992432e-01 4.101000428199768066e-01 4.432900846004486084e-01 3.825629055500030518e-01 4.291097819805145264e-01 4.202271699905395508e-01 4.602533876895904541e-01 4.334188103675842285e-01 4.287479221820831299e-01
4.677160978317260742e-01 4.411041438579559326e-01 4.360124468803405762e-01 4.348178207874298096e-01 4.269134998321533203e-01 4.250008761882781982e-01 3.743414282798767090e-01 4.320116341114044189e-01 4.481000006198883057e-01 4.106614589691162109e-01 4.437202811241149902e-01 4.416756927967071533e-01 4.448197484016418457e-01 4.008471965789794922e-01 4.082935750484466553e-01
4.170422554016113281e-01 4.241034984588623047e-01 4.436269998550415039e-01 4.077490866184234619e-01 4.083399772644042969e-01 4.282050132751464844e-01 3.831553459167480469e-01 4.154598116874694824e-01 4.287713468074798584e-01 3.879870474338531494e-01 4.169757068157196045e-01 4.334801435470581055e-01 4.161413908004760742e-01 3.872136771678924561e-01 3.764409422874450684e-01
3.576264381408691406e-01 3.870477974414825439e-01 4.063869416713714600e-01 3.815828859806060791e-01 3.884031772613525391e-01 3.955617547035217285e-01 3.652061522006988525e-01 3.807420134544372559e-01 3.866083323955535889e-01 3.544278144836425781e-01 3.730871677398681641e-01 4.016256928443908691e-01 3.727070391178131104e-01 3.538492321968078613e-01 3.387466371059417725e-01
3.454459905624389648e-01 3.528330028057098389e-01 3.713251650333404541e-01 3.745370805263519287e-01 3.878169059753417969e-01 3.532446026802062988e-01 3.238955140113830566e-01 3.378298580646514893e-01 3.611923754215240479e-01 3.374774456024169922e-01 3.533222973346710205e-01 3.624619841575622559e-01 3.447282016277313232e-01 3.310559689998626709e-01 3.172262310981750488e-01
3.635598123073577881e-01 3.784102201461791992e-01 3.606257438659667969e-01 3.789804875850677490e-01 3.992083370685577393e-01 3.539679050445556641e-01 2.914924919605255127e-01 3.410581052303314209e-01 3.555674552917480469e-01 3.012265264987945557e-01 3.421988785266876221e-01 3.646130263805389404e-01 3.510548770427703857e-01 3.409727215766906738e-01 3.363440334796905518e-01
3.612109124660491943e-01 3.896509706974029541e-01 3.712051212787628174e-01 3.857547342777252197e-01 3.989973664283752441e-01 3.695015311241149902e-01 2.952176034450531006e-01 3.374878466129302979e-01 3.697807192802429199e-01 2.965992391109466553e-01 3.579259216785430908e-01 3.712591826915740967e-01 3.647880852222442627e-01 3.466400802135467529e-01 3.442931771278381348e-01
3.634835183620452881e-01 3.981049656867980957e-01 3.774256706237792969e-01 3.961190283298492432e-01 4.290168881416320801e-01 3.689281046390533447e-01 2.823537588119506836e-01 3.209418654441833496e-01 3.635626733303070068e-01 2.950023412704467773e-01 3.424729108810424805e-01 3.738997578620910645e-01 3.574855327606201172e-01 3.607420921325683594e-01 3.578355312347412109e-01
4.173298180103302002e-01 4.032245576381683350e-01 3.913234770298004150e-01 4.000935256481170654e-01 4.483022093772888184e-01 3.749476969242095947e-01 2.668315768241882324e-01 3.377421200275421143e-01 3.772118091583251953e-01 2.860622406005859375e-01 3.595065176486968994e-01 3.767643868923187256e-01 3.843720853328704834e-01 3.657685518264770508e-01 3.637373745441436768e-01
4.279460012912750244e-01 4.107726514339447021e-01 3.832755982875823975e-01 3.985734879970550537e-01 4.290091395378112793e-01 3.726634383201599121e-01 2.866756319999694824e-01 3.630403876304626465e-01 3.833591043949127197e-01 3.000793159008026123e-01 3.845877051353454590e-01 3.910476565361022949e-01 4.100878238677978516e-01 3.589645028114318848e-01 3.604361116886138916e-01
4.586353898048400879e-01 4.147986769676208496e-01 4.018424153327941895e-01 4.098456501960754395e-01 4.193920493125915527e-01 3.866485953330993652e-01 3.299489915370941162e-01 3.894844949245452881e-01 4.148655533790588379e-01 3.539360761642456055e-01 4.240077435970306396e-01 4.053847789764404297e-01 4.368394613265991211e-01 3.789160549640655518e-01 3.745039999485015869e-01
4.766929447650909424e-01 4.397000670433044434e-01 4.413387179374694824e-01 4.418841898441314697e-01 4.242095649242401123e-01 4.342731535434722900e-01 3.802186250686645508e-01 4.241754412651062012e-01 4.563969671726226807e-01 4.029926657676696777e-01 4.553268551826477051e-01 4.511944353580474854e-01 4.460323452949523926e-01 4.160220324993133545e-01 4.024140834808349609e-01
4.566400051116943359e-01 4.630946218967437744e-01 4.518575072288513184e-01 4.616732299327850342e-01 4.334158003330230713e-01 4.481112957000732422e-01 3.948192596435546875e-01 4.242209494113922119e-01 4.553160071372985840e-01 4.167997837066650391e-01 4.305308461189270020e-01 4.473609626293182373e-01 4.280564486980438232e-01 4.550551176071166992e-01 4.231566488742828369e-01
4.710212349891662598e-01 4.309763908386230469e-01 4.570765495300292969e-01 4.413151443004608154e-01 4.288628399372100830e-01 4.523705542087554932e-01 4.176702201366424561e-01 4.317506253719329834e-01 4.540042281150817871e-01 4.321065247058868408e-01 4.634470045566558838e-01 4.605792760848999023e-01 4.371747374534606934e-01 4.336435496807098389e-01 3.997008502483367920e-01
4.934183955192565918e-01 4.749059975147247314e-01 4.663269519805908203e-01 5.066020488739013672e-01 4.669870734214782715e-01 4.470275938510894775e-01 4.513875842094421387e-01 4.478684365749359131e-01 4.852401912212371826e-01 4.960345625877380371e-01 4.867355823516845703e-01 4.882243871688842773e-01 4.615159034729003906e-01 5.079095959663391113e-01 4.434699416160583496e-01
4.952249825000762939e-01 5.208190083503723145e-01 4.943136572837829590e-01 4.991870820522308350e-01 4.832640290260314941e-01 4.867196977138519287e-01 4.604778885841369629e-01 4.869328439235687256e-01 4.796676933765411377e-01 4.720797836780548096e-01 4.766550362110137939e-01 4.858601093292236328e-01 4.482275545597076416e-01 5.377445816993713379e-01 4.609586596488952637e-01
5.311847329139709473e-01 5.047881603240966797e-01 5.065805912017822266e-01 5.287097096443176270e-01 5.037747025489807129e-01 4.887145757675170898e-01 4.908060729503631592e-01 5.023995637893676758e-01 5.228473544120788574e-01 4.945131242275238037e-01 5.126535892486572266e-01 4.896576106548309326e-01 5.094794034957885742e-01 5.431811213493347168e-01 4.720175862312316895e-01
4.961128830909729004e-01 5.066354274749755859e-01 4.843500852584838867e-01 4.919171035289764404e-01 4.637852311134338379e-01 4.910511076450347900e-01 4.748000204563140869e-01 4.955474436283111572e-01 4.876376688480377197e-01 4.595034122467041016e-01 4.837533831596374512e-01 4.893230199813842773e-01 4.696972966194152832e-01 5.118256807327270508e-01 4.381505250930786133e-01
4.278244674205780029e-01 4.486949741840362549e-01 4.703009724617004395e-01 4.418761730194091797e-01 4.403066933155059814e-01 4.659079909324645996e-01 4.411882460117340088e-01 4.529448151588439941e-01 4.530398845672607422e-01 4.074173271656036377e-01 4.197706580162048340e-01 4.517234265804290771e-01 4.274769127368927002e-01 4.401786029338836670e-01 3.812693357467651367e-01
3.794985711574554443e-01 3.654396831989288330e-01 4.168297052383422852e-01 4.104653894901275635e-01 4.230930209159851074e-01 4.058861136436462402e-01 3.796553015708923340e-01 3.792292475700378418e-01 4.035297334194183350e-01 3.735853135585784912e-01 3.732764124870300293e-01 4.125558137893676758e-01 3.669030070304870605e-01 3.568444252014160156e-01 3.205797970294952393e-01
3.610391318798065186e-01 3.832584917545318604e-01 4.102816581726074219e-01 3.930023610591888428e-01 4.352125823497772217e-01 3.860301673412322998e-01 3.435192108154296875e-01 3.684182763099670410e-01 3.792281150817871094e-01 3.394712805747985840e-01 3.615509569644927979e-01 4.069802463054656982e-01 3.574143052101135254e-01 3.668016195297241211e-01 3.161589801311492920e-01
3.755085766315460205e-01 3.783976137638092041e-01 4.223360419273376465e-01 3.851296603679656982e-01 4.371144473552703857e-01 3.959302604198455811e-01 3.205022811889648438e-01 3.424475491046905518e-01 3.785209655761718750e-01 3.402459919452667236e-01 3.763643801212310791e-01 4.004651308059692383e-01 3.526161015033721924e-01 3.572639524936676025e-01 3.042986094951629639e-01
4.031909704208374023e-01 4.041949510574340820e-01 4.352591335773468018e-01 4.301590621471405029e-01 4.591494798660278320e-01 4.130946695804595947e-01 3.225690424442291260e-01 3.466368317604064941e-01 3.855719268321990967e-01 3.666789233684539795e-01 3.770879209041595459e-01 4.176990985870361328e-01 3.471952676773071289e-01 3.837683796882629395e-01 2.944114208221435547e-01
4.262645244598388672e-01 4.173960983753204346e-01 4.408762156963348389e-01 4.262602925300598145e-01 4.618832468986511230e-01 4.227822124958038330e-01 3.164674937725067139e-01 3.661183714866638184e-01 3.806855380535125732e-01 3.398202061653137207e-01 3.794358670711517334e-01 4.115356206893920898e-01 3.387987911701202393e-01 3.932383954524993896e-01 2.762591540813446045e-01
4.533580839633941650e-01 3.936260640621185303e-01 4.108612239360809326e-01 4.456033110618591309e-01 4.480192959308624268e-01 3.944259583950042725e-01 3.161564767360687256e-01 3.887462019920349121e-01 4.019567966461181641e-01 3.464744687080383301e-01 3.856703042984008789e-01 3.882890939712524414e-01 3.695831000804901123e-01 3.851764202117919922e-01 2.783774435520172119e-01
4.205713570117950439e-01 4.012369513511657715e-01 3.819867074489593506e-01 4.237544834613800049e-01 4.135834872722625732e-01 3.774525821208953857e-01 3.297548294067382812e-01 4.064853489398956299e-01 3.943933248519897461e-01 3.257783651351928711e-01 3.760743141174316406e-01 3.755846023559570312e-01 3.700031638145446777e-01 3.813262283802032471e-01 3.065211176872253418e-01
4.417188465595245361e-01 3.816053569316864014e-01 3.868571519851684570e-01 4.267193377017974854e-01 4.124909341335296631e-01 3.844493627548217773e-01 3.464285731315612793e-01 4.164401590824127197e-01 4.263526797294616699e-01 3.423724770545959473e-01 3.910149633884429932e-01 3.840829133987426758e-01 4.114175140857696533e-01 3.752777576446533203e-01 3.405586779117584229e-01
4.401052296161651611e-01 3.813876509666442871e-01 3.871051967144012451e-01 4.008641242980957031e-01 3.902110159397125244e-01 4.082029759883880615e-01 3.389815688133239746e-01 3.877051174640655518e-01 3.999978899955749512e-01 3.469766676425933838e-01 3.914479017257690430e-01 4.114922285079956055e-01 3.954004645347595215e-01 3.652902841567993164e-01 3.304570019245147705e-01
3.348901271820068359e-01 3.810745179653167725e-01 4.239695966243743896e-01 3.645114600658416748e-01 3.688918054103851318e-01 4.322229325771331787e-01 3.497748374938964844e-01 3.490953147411346436e-01 3.703257441520690918e-01 3.281380534172058105e-01 3.612340092658996582e-01 4.217526912689208984e-01 3.143277466297149658e-01 3.527951240539550781e-01 2.779401540756225586e-01
4.031054675579071045e-01 3.566998839378356934e-01 4.208408594131469727e-01 4.357556402683258057e-01 4.615642428398132324e-01 3.933270275592803955e-01 3.176620304584503174e-01 3.298296034336090088e-01 3.762267827987670898e-01 3.763534128665924072e-01 3.530366718769073486e-01 4.079804718494415283e-01 3.225541710853576660e-01 3.708777725696563721e-01 2.909752130508422852e-01
4.949090480804443359e-01 4.428311586380004883e-01 4.514868557453155518e-01 4.547577202320098877e-01 4.968856275081634521e-01 4.096154868602752686e-01 3.249784111976623535e-01 4.112243950366973877e-01 4.180386662483215332e-01 3.653802275657653809e-01 4.121725559234619141e-01 4.317479133605957031e-01 3.933266401290893555e-01 4.502789974212646484e-01 3.493344187736511230e-01
4.790981709957122803e-01 4.657995104789733887e-01 4.250865280628204346e-01 4.897738993167877197e-01 4.759997427463531494e-01 4.149080812931060791e-01 3.384154736995697021e-01 4.218593239784240723e-01 4.262678921222686768e-01 3.594000041484832764e-01 3.964241743087768555e-01 4.112396538257598877e-01 3.894044458866119385e-01 4.670827686786651611e-01 3.580390810966491699e-01
4.843002557754516602e-01 4.058283269405364990e-01 4.221309423446655273e-01 4.535894393920898438e-01 4.351364076137542725e-01 4.062807559967041016e-01 3.880261480808258057e-01 4.571300446987152100e-01 4.600364863872528076e-01 4.071474373340606689e-01 4.420180618762969971e-01 4.147641360759735107e-01 4.407863914966583252e-01 4.114066958427429199e-01 3.675720989704132080e-01
4.593911468982696533e-01 4.158740341663360596e-01 4.270222187042236328e-01 4.363542497158050537e-01 4.111776351928710938e-01 4.304364323616027832e-01 4.118765890598297119e-01 4.396088719367980957e-01 4.420433044433593750e-01 4.308130741119384766e-01 4.493255019187927246e-01 4.606673419475555420e-01 4.276274740695953369e-01 4.170613288879394531e-01 3.618307113647460938e-01
4.049039185047149658e-01 4.055249094963073730e-01 4.208060801029205322e-01 4.047294855117797852e-01 3.950278162956237793e-01 4.211258292198181152e-01 3.840162456035614014e-01 3.997580409049987793e-01 3.983651101589202881e-01 3.975971341133117676e-01 4.004405140876770020e-01 4.279559850692749023e-01 3.754258751869201660e-01 4.031019806861877441e-01 3.210781216621398926e-01
3.792427480220794678e-01 3.595762252807617188e-01 4.006938338279724121e-01 3.868814408779144287e-01 4.096414446830749512e-01 3.816327154636383057e-01 3.726033866405487061e-01 3.854938745498657227e-01 3.826206624507904053e-01 3.891820907592773438e-01 3.769506216049194336e-01 3.998211026191711426e-01 3.559994995594024658e-01 3.709370791912078857e-01 2.963390946388244629e-01
3.927079737186431885e-01 3.720205128192901611e-01 3.916883170604705811e-01 3.984276950359344482e-01 4.225074648857116699e-01 3.691316246986389160e-01 3.604238629341125488e-01 3.854906558990478516e-01 3.744916021823883057e-01 4.026082158088684082e-01 3.824416100978851318e-01 4.152216315269470215e-01 3.561720252037048340e-01 3.830582797527313232e-01 3.040473461151123047e-01
4.229193329811096191e-01 3.859689533710479736e-01 3.951320648193359375e-01 4.061650335788726807e-01 4.300277829170227051e-01 3.679084777832031250e-01 3.568586111068725586e-01 3.958190381526947021e-01 3.761595785617828369e-01 4.143651425838470459e-01 4.084118306636810303e-01 4.155662655830383301e-01 3.702085316181182861e-01 4.001625478267669678e-01 3.041960299015045166e-01
4.467362165451049805e-01 4.054199755191802979e-01 3.846981823444366455e-01 4.335022866725921631e-01 4.254688024520874023e-01 3.539229035377502441e-01 3.719183802604675293e-01 4.260546565055847168e-01 4.106740057468414307e-01 4.189107120037078857e-01 4.323098361492156982e-01 3.897230923175811768e-01 4.148743450641632080e-01 4.212622940540313721e-01 3.329610824584960938e-01
4.811777472496032715e-01 4.232780337333679199e-01 4.002367258071899414e-01 4.568112492561340332e-01 4.355545938014984131e-01 3.859570920467376709e-01 4.053450524806976318e-01 4.638591408729553223e-01 4.619497358798980713e-01 4.312044084072113037e-01 4.557181000709533691e-01 3.986426889896392822e-01 4.605202078819274902e-01 4.418854117393493652e-01 4.082611203193664551e-01
4.697890579700469971e-01 4.541406631469726562e-01 4.246557652950286865e-01 4.448013305664062500e-01 4.123958647251129150e-01 4.461515545845031738e-01 4.167435765266418457e-01 4.528900086879730225e-01 4.525948464870452881e-01 4.058602452278137207e-01 4.494175612926483154e-01 4.420678019523620605e-01 4.628751873970031738e-01 4.489482641220092773e-01 4.435718655586242676e-01
4.458827078342437744e-01 4.340987503528594971e-01 4.353995621204376221e-01 4.312044978141784668e-01 4.131140112876892090e-01 4.443067014217376709e-01 4.122581183910369873e-01 4.362907409667968750e-01 4.551942050457000732e-01 3.776430487632751465e-01 4.348975121974945068e-01 4.305664002895355225e-01 4.585976600646972656e-01 4.202714860439300537e-01 4.237720072269439697e-01
3.717357516288757324e-01 4.158700704574584961e-01 4.126981198787689209e-01 3.943860828876495361e-01 3.847500383853912354e-01 4.239044487476348877e-01 3.850253224372863770e-01 4.025419950485229492e-01 4.038974046707153320e-01 3.287106752395629883e-01 3.839676678180694580e-01 4.201178550720214844e-01 3.931331932544708252e-01 3.783327639102935791e-01 3.719484508037567139e-01
3.653815388679504395e-01 3.578048944473266602e-01 3.906624913215637207e-01 3.660977184772491455e-01 3.942818343639373779e-01 3.791425526142120361e-01 3.295717835426330566e-01 3.365713059902191162e-01 3.748649954795837402e-01 3.115735948085784912e-01 3.612423241138458252e-01 3.809269368648529053e-01 3.671332597732543945e-01 3.396016657352447510e-01 3.272373378276824951e-01
3.604772686958312988e-01 3.682173788547515869e-01 3.848375082015991211e-01 3.752767145633697510e-01 3.775677084922790527e-01 3.772093057632446289e-01 3.222907483577728271e-01 3.362760543823242188e-01 3.610951304435729980e-01 3.428970277309417725e-01 3.569502234458923340e-01 4.039925038814544678e-01 3.412584364414215088e-01 3.386579751968383789e-01 3.146823942661285400e-01
3.808664679527282715e-01 3.840977847576141357e-01 3.787009418010711670e-01 4.083230495452880859e-01 3.969469666481018066e-01 3.564754724502563477e-01 3.279995620250701904e-01 3.561365604400634766e-01 3.727897703647613525e-01 3.779638409614562988e-01 3.719302117824554443e-01 3.848659098148345947e-01 3.414483368396759033e-01 3.796431422233581543e-01 3.301895260810852051e-01
4.223794639110565186e-01 4.096395075321197510e-01 3.970574140548706055e-01 4.130478501319885254e-01 4.166826903820037842e-01 3.886693716049194336e-01 3.357010185718536377e-01 3.873343467712402344e-01 3.897132873535156250e-01 3.787537217140197754e-01 3.894309997558593750e-01 3.919159471988677979e-01 3.710846304893493652e-01 4.028653502464294434e-01 3.551412820816040039e-01
