1.766201538085937500e+03
1.952108764648437500e+03
2.219169433593750000e+03
2.446005615234375000e+03
2.559004394531250000e+03
2.523199951171875000e+03
2.489358398437500000e+03
2.447599853515625000e+03
2.503156982421875000e+03
2.472790527343750000e+03
2.373629638671875000e+03
2.339709472656250000e+03
2.290546875000000000e+03
2.219366455078125000e+03
2.101536865234375000e+03
2.152400634765625000e+03
2.127470947265625000e+03
2.003004028320312500e+03
1.885047485351562500e+03
1.731242919921875000e+03
1.669570190429687500e+03
1.587356323242187500e+03
1.607647705078125000e+03
1.737669189453125000e+03
1.810942260742187500e+03
1.920901733398437500e+03
2.128921386718750000e+03
2.360355957031250000e+03
2.531540039062500000e+03
2.523692871093750000e+03
2.413388183593750000e+03
2.378239501953125000e+03
2.434304687500000000e+03
2.364992431640625000e+03
2.351214355468750000e+03
2.322706298828125000e+03
2.294872558593750000e+03
2.350974853515625000e+03
2.213751953125000000e+03
2.242621337890625000e+03
2.282286376953125000e+03
2.216728515625000000e+03
2.081700195312500000e+03
1.917203125000000000e+03
1.814307739257812500e+03
1.818449462890625000e+03
1.799262939453125000e+03
1.850292236328125000e+03
1.851894775390625000e+03
1.896504638671875000e+03
1.972612060546875000e+03
2.062559814453125000e+03
2.215874267578125000e+03
2.279160400390625000e+03
2.233415771484375000e+03
2.138948730468750000e+03
2.085599609375000000e+03
2.085279052734375000e+03
2.036396240234375000e+03
2.039629028320312500e+03
2.137133300781250000e+03
2.272755126953125000e+03
2.232333251953125000e+03
2.137128173828125000e+03
2.112483154296875000e+03
2.078827636718750000e+03
1.988473510742187500e+03
1.820940185546875000e+03
1.781181518554687500e+03
1.739658325195312500e+03
1.705080078125000000e+03
1.745173828125000000e+03
1.769580078125000000e+03
1.938587524414062500e+03
2.212219238281250000e+03
2.445569335937500000e+03
2.578188720703125000e+03
2.586736572265625000e+03
2.493989257812500000e+03
2.425970947265625000e+03
2.453200927734375000e+03
2.396449707031250000e+03
2.385915283203125000e+03
2.337569824218750000e+03
2.329240966796875000e+03
2.310248291015625000e+03
2.143577880859375000e+03
2.181736572265625000e+03
2.113456054687500000e+03
2.045372924804687500e+03
1.919780761718750000e+03
1.761088623046875000e+03
1.726298095703125000e+03
1.677830322265625000e+03
1.701176635742187500e+03
1.803960449218750000e+03
1.858644897460937500e+03
2.025818115234375000e+03
2.262078369140625000e+03
2.519324218750000000e+03
2.615235107421875000e+03
2.594301269531250000e+03
2.468407958984375000e+03
2.506203369140625000e+03
2.532945556640625000e+03
2.473515625000000000e+03
2.489683593750000000e+03
2.413199218750000000e+03
2.295233642578125000e+03
2.262477783203125000e+03
2.170607177734375000e+03
2.173555419921875000e+03
2.228863525390625000e+03
2.169298339843750000e+03
2.017623168945312500e+03
1.862582397460937500e+03
1.771691162109375000e+03
1.757052612304687500e+03
1.745519653320312500e+03
1.811477661132812500e+03
1.861832031250000000e+03
2.019369140625000000e+03
2.272375244140625000e+03
2.582665283203125000e+03
2.714294189453125000e+03
2.673023925781250000e+03
2.568796142578125000e+03
2.578085449218750000e+03
2.645602783203125000e+03
2.645877929687500000e+03
2.515532470703125000e+03
2.462062255859375000e+03
2.428395751953125000e+03
2.364566894531250000e+03
2.243202880859375000e+03
2.221926757812500000e+03
2.256546142578125000e+03
2.202544433593750000e+03
2.030982910156250000e+03
1.872386962890625000e+03
1.789937988281250000e+03
1.768611572265625000e+03
1.777204101562500000e+03
1.812008300781250000e+03
1.834551269531250000e+03
2.002830322265625000e+03
2.260054443359375000e+03
2.489202636718750000e+03
2.632088134765625000e+03
2.657047851562500000e+03
2.538579345703125000e+03
2.512424804687500000e+03
2.555770263671875000e+03
2.503193359375000000e+03
2.489207519531250000e+03
2.435554199218750000e+03
2.406445068359375000e+03
2.302721679687500000e+03
2.214025390625000000e+03
2.213982421875000000e+03
2.233686279296875000e+03
2.207133056640625000e+03
2.056174804687500000e+03
1.874848876953125000e+03
1.815879638671875000e+03
1.794530151367187500e+03
1.782451293945312500e+03
1.857708374023437500e+03
1.890344970703125000e+03
2.056647460937500000e+03
2.316550537109375000e+03
2.553067871093750000e+03
2.726734375000000000e+03
2.771865722656250000e+03
2.684600341796875000e+03
2.611384277343750000e+03
2.674093017578125000e+03
2.590850341796875000e+03
2.465979980468750000e+03
2.393519531250000000e+03
2.303947021484375000e+03
2.199730712890625000e+03
2.064536376953125000e+03
2.074684814453125000e+03
2.063116210937500000e+03
2.039894653320312500e+03
1.901101074218750000e+03
1.736936035156250000e+03
1.678693725585937500e+03
1.644659423828125000e+03
1.649493408203125000e+03
1.723680297851562500e+03
1.780079223632812500e+03
1.867568237304687500e+03
2.021956787109375000e+03
2.259748779296875000e+03
2.445050048828125000e+03
2.425291748046875000e+03
2.324677734375000000e+03
2.237912353515625000e+03
2.253974609375000000e+03
2.172673095703125000e+03
2.094284179687500000e+03
2.139286132812500000e+03
2.208116699218750000e+03
2.188502197265625000e+03
2.076999755859375000e+03
2.005037475585937500e+03
1.975680541992187500e+03
1.919354980468750000e+03
1.799720703125000000e+03
1.688382690429687500e+03
1.637060913085937500e+03
1.623032592773437500e+03
1.616240356445312500e+03
1.688878662109375000e+03
1.723704101562500000e+03
1.777546142578125000e+03
1.864053344726562500e+03
1.964692626953125000e+03
2.020129760742187500e+03
2.056567382812500000e+03
1.966849365234375000e+03
1.889240844726562500e+03
1.873913818359375000e+03
1.833904296875000000e+03
1.831249267578125000e+03
1.847298095703125000e+03
1.926269897460937500e+03
2.103031250000000000e+03
1.989822753906250000e+03
1.948988159179687500e+03
1.931558959960937500e+03
1.919640747070312500e+03
1.812012084960937500e+03
1.700684570312500000e+03
1.614809082031250000e+03
1.601484130859375000e+03
1.603757080078125000e+03
1.667446533203125000e+03
1.709091552734375000e+03
1.896587402343750000e+03
2.182262451171875000e+03
2.430923828125000000e+03
2.517993652343750000e+03
2.484043212890625000e+03
2.416287353515625000e+03
2.377288330078125000e+03
2.382067871093750000e+03
2.311192382812500000e+03
2.266646972656250000e+03
2.258366699218750000e+03
2.238313232421875000e+03
2.130311279296875000e+03
1.980426269531250000e+03
1.968361328125000000e+03
1.863948486328125000e+03
1.796463989257812500e+03
1.708552124023437500e+03
1.603109008789062500e+03
1.576063354492187500e+03
1.549616333007812500e+03
1.573385742187500000e+03
1.675856567382812500e+03
1.765799316406250000e+03
1.932060424804687500e+03
2.205941894531250000e+03
2.445298095703125000e+03
2.541704101562500000e+03
2.479949707031250000e+03
2.398551757812500000e+03
2.365470947265625000e+03
2.363938964843750000e+03
2.320463134765625000e+03
2.287341552734375000e+03
2.289430908203125000e+03
2.268031250000000000e+03
2.169504394531250000e+03
2.039843505859375000e+03
2.004054077148437500e+03
1.938701049804687500e+03
1.857386230468750000e+03
1.825484252929687500e+03
1.613524658203125000e+03
1.594201293945312500e+03
1.565553344726562500e+03
1.630919677734375000e+03
1.699256347656250000e+03
1.715851562500000000e+03
1.931536621093750000e+03
2.193127441406250000e+03
2.463433593750000000e+03
2.623166015625000000e+03
2.563645263671875000e+03
2.449635498046875000e+03
2.340906738281250000e+03
2.356541503906250000e+03
2.304574707031250000e+03
2.274170410156250000e+03
2.296649414062500000e+03
2.281183349609375000e+03
2.193178710937500000e+03
2.086640625000000000e+03
2.041860961914062500e+03
1.948976074218750000e+03
1.871469848632812500e+03
1.780461914062500000e+03
1.658930908203125000e+03
1.610833374023437500e+03
1.570806762695312500e+03
1.606287963867187500e+03
1.727701538085937500e+03
1.807274658203125000e+03
1.977852783203125000e+03
2.188761230468750000e+03
2.480357910156250000e+03
2.539884277343750000e+03
2.483629150390625000e+03
2.366695068359375000e+03
2.294863769531250000e+03
2.287490234375000000e+03
2.214199218750000000e+03
2.216021240234375000e+03
2.226978271484375000e+03
2.273733886718750000e+03
2.129732177734375000e+03
1.988099609375000000e+03
1.929684082031250000e+03
1.873608764648437500e+03
1.810860961914062500e+03
1.706274047851562500e+03
1.623719360351562500e+03
1.583545532226562500e+03
1.596667236328125000e+03
1.608670043945312500e+03
1.713860473632812500e+03
1.806878051757812500e+03
1.955239135742187500e+03
2.216071777343750000e+03
2.480476318359375000e+03
2.526479980468750000e+03
2.427632812500000000e+03
2.349312011718750000e+03
2.308189697265625000e+03
2.289990478515625000e+03
2.210301757812500000e+03
2.236156738281250000e+03
2.228876220703125000e+03
2.238123535156250000e+03
2.164705566406250000e+03
2.030913330078125000e+03
1.984051269531250000e+03
1.816828857421875000e+03
1.777597778320312500e+03
1.694220336914062500e+03
1.615795166015625000e+03
1.592477294921875000e+03
1.556962890625000000e+03
1.617662597656250000e+03
1.697361816406250000e+03
1.782555175781250000e+03
1.854321289062500000e+03
2.032126586914062500e+03
2.338802246093750000e+03
2.416889404296875000e+03
2.346645751953125000e+03
2.302008056640625000e+03
2.229960937500000000e+03
2.231685546875000000e+03
2.141913085937500000e+03
2.120591796875000000e+03
2.170580566406250000e+03
2.267250244140625000e+03
2.194622070312500000e+03
2.028417602539062500e+03
1.969697509765625000e+03
1.915165771484375000e+03
1.828011108398437500e+03
1.732882690429687500e+03
1.639109008789062500e+03
1.577996582031250000e+03
1.568184326171875000e+03
1.595780395507812500e+03
1.664410644531250000e+03
1.725388916015625000e+03
1.768505859375000000e+03
1.862771362304687500e+03
1.972788818359375000e+03
2.107975585937500000e+03
2.095248046875000000e+03
2.009551391601562500e+03
1.927416992187500000e+03
1.931334350585937500e+03
1.908819824218750000e+03
1.915940429687500000e+03
1.917554809570312500e+03
2.028469848632812500e+03
2.108876708984375000e+03
1.987491455078125000e+03
1.843109741210937500e+03
2.019159545898437500e+03
1.936279907226562500e+03
1.831449096679687500e+03
1.692367553710937500e+03
1.617755126953125000e+03
1.617282836914062500e+03
1.620368530273437500e+03
1.671007202148437500e+03
1.755619018554687500e+03
2.002039916992187500e+03
2.288090087890625000e+03
2.548420654296875000e+03
2.623496337890625000e+03
2.590475585937500000e+03
2.523900146484375000e+03
2.487115478515625000e+03
2.515562744140625000e+03
2.482180419921875000e+03
2.397505615234375000e+03
2.438565429687500000e+03
2.335908447265625000e+03
2.165549560546875000e+03
2.046874633789062500e+03
2.011492309570312500e+03
1.993719116210937500e+03
1.923388061523437500e+03
1.774539916992187500e+03
1.658136230468750000e+03
1.600103393554687500e+03
1.583220581054687500e+03
1.622313720703125000e+03
1.742461791992187500e+03
1.841597778320312500e+03
2.000070922851562500e+03
2.244776123046875000e+03
2.488357666015625000e+03
2.597080322265625000e+03
2.561456787109375000e+03
2.456529296875000000e+03
2.376014404296875000e+03
2.388800537109375000e+03
2.305913330078125000e+03
2.273130859375000000e+03
2.317721923828125000e+03
2.301632812500000000e+03
2.185877197265625000e+03
2.053268066406250000e+03
1.966439819335937500e+03
1.863569213867187500e+03
1.747182128906250000e+03
1.669333618164062500e+03
1.582517456054687500e+03
1.550419433593750000e+03
1.545802978515625000e+03
1.591110351562500000e+03
1.696786132812500000e+03
1.766010986328125000e+03
1.926926391601562500e+03
2.162778564453125000e+03
2.383247314453125000e+03
2.447059326171875000e+03
2.389034667968750000e+03
2.301939697265625000e+03
2.236853271484375000e+03
2.195130371093750000e+03
2.092208251953125000e+03
2.074484619140625000e+03
2.153880859375000000e+03
2.179666259765625000e+03
2.128167236328125000e+03
1.981330810546875000e+03
1.901301147460937500e+03
1.813086914062500000e+03
1.678388549804687500e+03
1.588265380859375000e+03
1.521875732421875000e+03
1.503872924804687500e+03
1.519684936523437500e+03
1.549947387695312500e+03
1.648585693359375000e+03
1.754765869140625000e+03
1.971083618164062500e+03
2.248438476562500000e+03
2.484650146484375000e+03
2.571348632812500000e+03
2.512788818359375000e+03
2.431580322265625000e+03
2.381831787109375000e+03
2.405387451171875000e+03
2.342794433593750000e+03
2.321864990234375000e+03
2.320089599609375000e+03
2.317888916015625000e+03
2.218794921875000000e+03
2.085411376953125000e+03
2.004152465820312500e+03
1.899923950195312500e+03
1.810206054687500000e+03
1.677812988281250000e+03
1.583219848632812500e+03
1.546777343750000000e+03
1.542590087890625000e+03
1.603583740234375000e+03
1.724673217773437500e+03
1.820843872070312500e+03
2.024922607421875000e+03
2.306029052734375000e+03
2.551868164062500000e+03
2.629389648437500000e+03
2.551214355468750000e+03
2.440770019531250000e+03
2.429012451171875000e+03
2.416639892578125000e+03
2.369763183593750000e+03
2.345882324218750000e+03
2.328537841796875000e+03
2.306211425781250000e+03
2.193897216796875000e+03
2.064125732421875000e+03
1.982756591796875000e+03
1.908026123046875000e+03
1.811784423828125000e+03
1.696036132812500000e+03
1.599123046875000000e+03
1.561734252929687500e+03
1.548240844726562500e+03
1.613651489257812500e+03
1.713229370117187500e+03
1.778289062500000000e+03
1.892506835937500000e+03
2.095975585937500000e+03
2.327984863281250000e+03
2.433890869140625000e+03
2.406399658203125000e+03
2.295804931640625000e+03
2.226100585937500000e+03
2.243975341796875000e+03
2.198032714843750000e+03
2.180935302734375000e+03
2.193690185546875000e+03
2.239301757812500000e+03
2.240704833984375000e+03
2.075096191406250000e+03
2.004327148437500000e+03
1.950789306640625000e+03
1.836514892578125000e+03
1.754150756835937500e+03
1.651007812500000000e+03
1.585173583984375000e+03
1.586486206054687500e+03
1.596924194335937500e+03
1.688949951171875000e+03
1.755978393554687500e+03
1.806437255859375000e+03
1.894474243164062500e+03
2.025785888671875000e+03
2.089691650390625000e+03
2.076162109375000000e+03
2.007396362304687500e+03
1.936626831054687500e+03
1.916627441406250000e+03
1.917718750000000000e+03
1.913023193359375000e+03
1.919148803710937500e+03
2.018319946289062500e+03
2.129994873046875000e+03
2.002090087890625000e+03
1.980688842773437500e+03
1.958523559570312500e+03
1.906946533203125000e+03
1.789984130859375000e+03
1.673186523437500000e+03
1.625219482421875000e+03
1.619778808593750000e+03
1.605687377929687500e+03
1.680014038085937500e+03
1.734711303710937500e+03
1.951207885742187500e+03
2.289066650390625000e+03
2.487573730468750000e+03
2.529217529296875000e+03
2.524770996093750000e+03
2.464303710937500000e+03
2.369696289062500000e+03
2.413921875000000000e+03
2.375898437500000000e+03
2.360493896484375000e+03
2.390762207031250000e+03
2.342654785156250000e+03
2.232094970703125000e+03
2.104653808593750000e+03
2.030268066406250000e+03
1.965922363281250000e+03
1.883626342773437500e+03
1.835492187500000000e+03
1.683546264648437500e+03
1.626167236328125000e+03
1.616198974609375000e+03
1.655763061523437500e+03
1.731240112304687500e+03
1.843103393554687500e+03
2.020137573242187500e+03
2.296440429687500000e+03
2.478368408203125000e+03
2.658946533203125000e+03
2.594974365234375000e+03
2.504664550781250000e+03
2.434952880859375000e+03
2.487233398437500000e+03
2.448418701171875000e+03
2.443364257812500000e+03
2.402782226562500000e+03
2.339738525390625000e+03
2.314659667968750000e+03
2.114882812500000000e+03
2.057455566406250000e+03
2.035503906250000000e+03
1.964600708007812500e+03
1.858994506835937500e+03
1.714090209960937500e+03
1.639520996093750000e+03
1.613171752929687500e+03
1.644569213867187500e+03
1.749834228515625000e+03
1.800225463867187500e+03
2.035207031250000000e+03
2.294361572265625000e+03
2.540041259765625000e+03
2.676065917968750000e+03
2.601152832031250000e+03
2.530924072265625000e+03
2.474197998046875000e+03
2.506541259765625000e+03
2.446486328125000000e+03
2.423467041015625000e+03
2.385567382812500000e+03
2.368250000000000000e+03
2.274033691406250000e+03
2.095919433593750000e+03
2.115289550781250000e+03
2.070602050781250000e+03
1.973860107421875000e+03
1.871575927734375000e+03
1.732744995117187500e+03
1.696165527343750000e+03
1.655373413085937500e+03
1.655767089843750000e+03
1.770277832031250000e+03
1.847401367187500000e+03
2.031343872070312500e+03
2.279224365234375000e+03
2.592089111328125000e+03
2.661896240234375000e+03
2.609874755859375000e+03
2.456090576171875000e+03
2.451793945312500000e+03
2.489676513671875000e+03
2.442524169921875000e+03
2.423566894531250000e+03
2.407252685546875000e+03
2.433807128906250000e+03
2.311152832031250000e+03
2.191113281250000000e+03
2.138949462890625000e+03
2.117507080078125000e+03
1.960011474609375000e+03
1.834157226562500000e+03
1.789521972656250000e+03
1.708426635742187500e+03
1.729708496093750000e+03
1.757153930664062500e+03
1.847380981445312500e+03
1.912725585937500000e+03
1.971646850585937500e+03
2.053460449218750000e+03
2.224222900390625000e+03
2.352109619140625000e+03
2.337120361328125000e+03
2.407049804687500000e+03
2.228083496093750000e+03
2.282557373046875000e+03
2.265346435546875000e+03
2.211069091796875000e+03
2.234552734375000000e+03
2.340310302734375000e+03
2.257079589843750000e+03
2.198380615234375000e+03
2.154418945312500000e+03
2.105863281250000000e+03
2.102551269531250000e+03
1.959447998046875000e+03
1.819946655273437500e+03
1.755157470703125000e+03
1.693203979492187500e+03
1.720057128906250000e+03
1.773068237304687500e+03
1.879897338867187500e+03
2.015063720703125000e+03
2.296395019531250000e+03
2.538063720703125000e+03
2.667769775390625000e+03
2.637481201171875000e+03
2.536236083984375000e+03
2.443245605468750000e+03
2.507941162109375000e+03
2.462559814453125000e+03
2.402331054687500000e+03
2.430025634765625000e+03
2.440341064453125000e+03
2.148424804687500000e+03
2.077408447265625000e+03
2.021786254882812500e+03
1.968738525390625000e+03
1.965653564453125000e+03
1.849972290039062500e+03
1.722195190429687500e+03
1.673720947265625000e+03
1.612600463867187500e+03
1.610123657226562500e+03
1.702139526367187500e+03
1.736404785156250000e+03
1.786504760742187500e+03
1.860073486328125000e+03
1.985700805664062500e+03
2.104578369140625000e+03
2.093407714843750000e+03
2.041560180664062500e+03
1.944335205078125000e+03
1.915720947265625000e+03
1.907536743164062500e+03
1.878215209960937500e+03
1.941113525390625000e+03
2.126525634765625000e+03
2.093318115234375000e+03
2.006220947265625000e+03
1.957947387695312500e+03
1.949312377929687500e+03
1.934817871093750000e+03
1.804401733398437500e+03
1.685634277343750000e+03
1.628741821289062500e+03
1.611763549804687500e+03
1.621041870117187500e+03
1.709578491210937500e+03
1.801626953125000000e+03
2.021254150390625000e+03
2.342224121093750000e+03
2.569663574218750000e+03
2.653406738281250000e+03
2.618546875000000000e+03
2.454643310546875000e+03
2.425995117187500000e+03
2.493732666015625000e+03
2.483671386718750000e+03
2.476071289062500000e+03
2.443093017578125000e+03
2.380867675781250000e+03
2.268002441406250000e+03
2.137429931640625000e+03
2.089447021484375000e+03
2.053248291015625000e+03
1.998826049804687500e+03
1.872367431640625000e+03
1.733645874023437500e+03
1.638531860351562500e+03
1.627525756835937500e+03
1.674633544921875000e+03
1.784794677734375000e+03
1.868991333007812500e+03
2.034348876953125000e+03
2.329563476562500000e+03
2.628805419921875000e+03
2.720305175781250000e+03
2.667526367187500000e+03
2.582303222656250000e+03
2.556555908203125000e+03
2.608345214843750000e+03
2.570381591796875000e+03
2.502078857421875000e+03
2.459397705078125000e+03
2.414212890625000000e+03
2.274187500000000000e+03
2.174534667968750000e+03
2.128432373046875000e+03
2.131676025390625000e+03
2.076841064453125000e+03
1.911763793945312500e+03
1.767587646484375000e+03
1.723949462890625000e+03
1.675176025390625000e+03
1.706940063476562500e+03
1.815173095703125000e+03
1.897090087890625000e+03
2.084035400390625000e+03
2.400341064453125000e+03
2.676613525390625000e+03
2.798701171875000000e+03
2.730906250000000000e+03
2.640312255859375000e+03
2.602240966796875000e+03
2.687164550781250000e+03
2.645805664062500000e+03
2.585904785156250000e+03
2.515718994140625000e+03
2.452694335937500000e+03
2.328253173828125000e+03
2.204015625000000000e+03
2.170385742187500000e+03
2.215744628906250000e+03
2.158605712890625000e+03
2.026958251953125000e+03
1.844897827148437500e+03
1.779356933593750000e+03
1.738335083007812500e+03
1.772212158203125000e+03
1.848724365234375000e+03
1.931250000000000000e+03
2.128950195312500000e+03
2.421391601562500000e+03
2.709118652343750000e+03
2.807347412109375000e+03
2.779359375000000000e+03
2.683352294921875000e+03
2.626889160156250000e+03
2.700058837890625000e+03
2.631854980468750000e+03
2.506980712890625000e+03
2.488277343750000000e+03
2.457029052734375000e+03
2.306786376953125000e+03
2.166069335937500000e+03
2.178660644531250000e+03
2.237368652343750000e+03
2.209776367187500000e+03
2.060273925781250000e+03
1.886668823242187500e+03
1.792498168945312500e+03
1.761103027343750000e+03
1.760550903320312500e+03
1.821799804687500000e+03
1.915606933593750000e+03
2.118795166015625000e+03
2.443778808593750000e+03
2.705413818359375000e+03
2.789281005859375000e+03
2.759234863281250000e+03
2.685797607421875000e+03
2.666277099609375000e+03
2.744182617187500000e+03
2.686166748046875000e+03
2.593293457031250000e+03
2.520051513671875000e+03
2.466459228515625000e+03
2.374199951171875000e+03
2.264980957031250000e+03
2.347515625000000000e+03
2.209801025390625000e+03
2.310868164062500000e+03
2.167936035156250000e+03
1.942747558593750000e+03
1.858724365234375000e+03
1.813640014648437500e+03
1.808346313476562500e+03
1.892916503906250000e+03
1.906327880859375000e+03
2.024291259765625000e+03
2.286928222656250000e+03
2.514053710937500000e+03
2.664335205078125000e+03
2.661329345703125000e+03
2.589829345703125000e+03
2.539702636718750000e+03
2.647939208984375000e+03
2.523651611328125000e+03
2.474567871093750000e+03
2.548495849609375000e+03
2.538761230468750000e+03
2.392455810546875000e+03
2.294378173828125000e+03
2.253338378906250000e+03
2.248946289062500000e+03
2.244760253906250000e+03
2.071753417968750000e+03
1.928498046875000000e+03
1.853357299804687500e+03
1.792861206054687500e+03
1.796635009765625000e+03
1.823319580078125000e+03
1.872536865234375000e+03
1.929885864257812500e+03
2.001735351562500000e+03
2.143132324218750000e+03
2.277568359375000000e+03
2.305680175781250000e+03
2.271520263671875000e+03
2.185985107421875000e+03
2.152208007812500000e+03
2.068424560546875000e+03
2.044517700195312500e+03
2.104657470703125000e+03
2.322075927734375000e+03
2.335671875000000000e+03
2.294294433593750000e+03
2.246317382812500000e+03
2.282285156250000000e+03
2.253772949218750000e+03
1.996831176757812500e+03
1.964336547851562500e+03
1.896326782226562500e+03
1.869652954101562500e+03
1.818324218750000000e+03
1.867469238281250000e+03
1.986421142578125000e+03
2.173833251953125000e+03
2.349486572265625000e+03
2.580250488281250000e+03
1.944527832031250000e+03
1.476908569335937500e+03
1.313805175781250000e+03
1.812559570312500000e+03
2.393413818359375000e+03
2.431943115234375000e+03
2.404477050781250000e+03
2.327952148437500000e+03
2.215705810546875000e+03
2.375488037109375000e+03
2.229721191406250000e+03
2.107703613281250000e+03
2.289471679687500000e+03
2.427060546875000000e+03
2.105270751953125000e+03
1.979655273437500000e+03
1.837773559570312500e+03
1.731727172851562500e+03
1.691273925781250000e+03
1.722992553710937500e+03
1.740115356445312500e+03
2.003741699218750000e+03
2.359688476562500000e+03
2.639702880859375000e+03
2.786295410156250000e+03
2.793300292968750000e+03
2.708757324218750000e+03
2.704105224609375000e+03
2.755543457031250000e+03
2.688589599609375000e+03
2.579962158203125000e+03
2.543884521484375000e+03
2.495201660156250000e+03
2.338790039062500000e+03
2.235322998046875000e+03
2.229389892578125000e+03
2.228619873046875000e+03
2.194361328125000000e+03
1.991959350585937500e+03
1.836636718750000000e+03
1.743198730468750000e+03
1.700939575195312500e+03
1.730826049804687500e+03
1.784141357421875000e+03
1.862868896484375000e+03
2.087572753906250000e+03
2.410350097656250000e+03
2.659988769531250000e+03
2.841205566406250000e+03
2.838483886718750000e+03
2.691012939453125000e+03
2.644877929687500000e+03
2.700560546875000000e+03
2.634825195312500000e+03
2.582788085937500000e+03
2.588863281250000000e+03
2.604334716796875000e+03
2.419797363281250000e+03
2.327127929687500000e+03
2.396665283203125000e+03
2.405032958984375000e+03
2.416820800781250000e+03
1.866331665039062500e+03
1.842347656250000000e+03
1.780638549804687500e+03
1.753043334960937500e+03
1.795899169921875000e+03
1.806873657226562500e+03
1.936311279296875000e+03
2.042141967773437500e+03
2.233127929687500000e+03
2.632897460937500000e+03
2.799348388671875000e+03
2.792738037109375000e+03
2.722150390625000000e+03
2.564308837890625000e+03
2.682016845703125000e+03
2.614104003906250000e+03
2.464510986328125000e+03
2.496688964843750000e+03
2.480990722656250000e+03
2.294817138671875000e+03
2.206995605468750000e+03
2.157769042968750000e+03
2.117342285156250000e+03
2.111088623046875000e+03
1.919352294921875000e+03
1.783184814453125000e+03
1.687774291992187500e+03
1.615421630859375000e+03
1.668303344726562500e+03
1.749886718750000000e+03
1.889311645507812500e+03
2.089923828125000000e+03
2.387020019531250000e+03
2.668281005859375000e+03
2.757891357421875000e+03
2.724026855468750000e+03
2.719623046875000000e+03
2.555545898437500000e+03
2.607211425781250000e+03
2.545374511718750000e+03
2.433883056640625000e+03
2.422386718750000000e+03
2.536344482421875000e+03
2.340318847656250000e+03
2.256598632812500000e+03
2.144708740234375000e+03
2.078907958984375000e+03
2.021595581054687500e+03
1.897310668945312500e+03
1.775967407226562500e+03
1.702317382812500000e+03
1.662947265625000000e+03
1.698388671875000000e+03
1.772789428710937500e+03
1.838871215820312500e+03
1.972744750976562500e+03
2.219872558593750000e+03
2.437697021484375000e+03
2.568572509765625000e+03
2.614116210937500000e+03
2.444217773437500000e+03
2.387828857421875000e+03
2.417101562500000000e+03
2.355400390625000000e+03
2.323734619140625000e+03
2.343408691406250000e+03
2.421704101562500000e+03
2.345442871093750000e+03
2.214254882812500000e+03
2.097671386718750000e+03
2.020119995117187500e+03
1.945913696289062500e+03
1.889452514648437500e+03
1.756980102539062500e+03
1.657712402343750000e+03
1.661248168945312500e+03
1.662175415039062500e+03
1.775820312500000000e+03
1.804008056640625000e+03
1.856561523437500000e+03
1.926111816406250000e+03
2.019814086914062500e+03
2.144818603515625000e+03
2.196586181640625000e+03
2.038723510742187500e+03
1.992344726562500000e+03
1.962736572265625000e+03
1.954690307617187500e+03
1.968413574218750000e+03
2.089415771484375000e+03
2.113846191406250000e+03
2.281201660156250000e+03
2.091267333984375000e+03
2.083151367187500000e+03
2.069853271484375000e+03
2.007146850585937500e+03
1.918537841796875000e+03
1.759820556640625000e+03
1.689737670898437500e+03
1.683315673828125000e+03
1.673708740234375000e+03
1.776225708007812500e+03
1.839036987304687500e+03
2.069359863281250000e+03
2.387638427734375000e+03
2.657615722656250000e+03
2.764914306640625000e+03
2.756321044921875000e+03
2.547028808593750000e+03
2.545745849609375000e+03
2.587493164062500000e+03
2.530528320312500000e+03
2.526042236328125000e+03
2.486003173828125000e+03
2.480390869140625000e+03
2.360607177734375000e+03
2.247208496093750000e+03
2.188027832031250000e+03
2.175490722656250000e+03
2.111305908203125000e+03
1.998206176757812500e+03
1.840281738281250000e+03
1.724281250000000000e+03
1.722014770507812500e+03
1.730981689453125000e+03
1.857689697265625000e+03
1.935799438476562500e+03
2.150270996093750000e+03
2.457646484375000000e+03
2.745995605468750000e+03
2.835850097656250000e+03
2.846540527343750000e+03
2.722273925781250000e+03
2.698160156250000000e+03
2.761094238281250000e+03
2.639408203125000000e+03
2.565164062500000000e+03
2.541282470703125000e+03
2.577996337890625000e+03
2.450553710937500000e+03
2.389446289062500000e+03
2.330573974609375000e+03
2.316727294921875000e+03
2.255324218750000000e+03
2.079210205078125000e+03
1.947589355468750000e+03
1.850847290039062500e+03
1.814501953125000000e+03
1.815902343750000000e+03
1.874413085937500000e+03
1.962075561523437500e+03
2.173942382812500000e+03
2.490662841796875000e+03
2.778624023437500000e+03
2.889512695312500000e+03
2.858661376953125000e+03
2.747621826171875000e+03
2.703771240234375000e+03
2.797391845703125000e+03
2.757213134765625000e+03
2.644482910156250000e+03
2.603057617187500000e+03
2.628546142578125000e+03
2.509536376953125000e+03
2.414191894531250000e+03
2.368180175781250000e+03
2.302632324218750000e+03
2.211125488281250000e+03
2.035839599609375000e+03
1.906805419921875000e+03
1.827364013671875000e+03
1.791331542968750000e+03
1.818837890625000000e+03
1.895707519531250000e+03
1.950228637695312500e+03
2.186630615234375000e+03
2.508916748046875000e+03
2.792476074218750000e+03
2.883264648437500000e+03
2.849184326171875000e+03
2.748828857421875000e+03
2.738015380859375000e+03
2.836095947265625000e+03
2.768006591796875000e+03
2.659562500000000000e+03
2.605623779296875000e+03
2.638617675781250000e+03
2.433951660156250000e+03
2.286523925781250000e+03
2.254585937500000000e+03
2.145030517578125000e+03
2.146382812500000000e+03
2.050699462890625000e+03
1.887677001953125000e+03
1.795914428710937500e+03
1.739076782226562500e+03
1.760118896484375000e+03
1.834421752929687500e+03
1.883674072265625000e+03
2.073208740234375000e+03
2.389630371093750000e+03
2.636383544921875000e+03
2.722759277343750000e+03
2.773903808593750000e+03
2.721935546875000000e+03
2.694870117187500000e+03
2.763232910156250000e+03
2.691180664062500000e+03
2.599155517578125000e+03
2.583931884765625000e+03
2.615517333984375000e+03
2.443528808593750000e+03
2.377794921875000000e+03
2.339081298828125000e+03
2.328520263671875000e+03
2.234902587890625000e+03
2.117562988281250000e+03
1.967206909179687500e+03
1.882281860351562500e+03
1.814876586914062500e+03
1.807981689453125000e+03
1.885102783203125000e+03
1.958630737304687500e+03
2.099850830078125000e+03
2.309880615234375000e+03
2.513218750000000000e+03
2.686323730468750000e+03
2.661072998046875000e+03
2.531899902343750000e+03
2.493106933593750000e+03
2.552720947265625000e+03
2.453115478515625000e+03
2.396530029296875000e+03
2.452532226562500000e+03
2.546192626953125000e+03
2.439809326171875000e+03
2.348856689453125000e+03
2.277194824218750000e+03
2.255143310546875000e+03
2.173661132812500000e+03
2.160789550781250000e+03
1.945980468750000000e+03
1.884827636718750000e+03
1.877869018554687500e+03
1.834026000976562500e+03
1.917001708984375000e+03
1.943172973632812500e+03
1.945240600585937500e+03
2.007735229492187500e+03
2.108277099609375000e+03
2.149580078125000000e+03
2.153093994140625000e+03
2.126327880859375000e+03
2.076834472656250000e+03
2.110686035156250000e+03
2.078677978515625000e+03
2.089083984375000000e+03
2.093623779296875000e+03
2.319072265625000000e+03
2.264911132812500000e+03
2.241380126953125000e+03
2.249534912109375000e+03
2.219669921875000000e+03
2.237922607421875000e+03
2.010809082031250000e+03
1.904514160156250000e+03
1.819707885742187500e+03
1.780970947265625000e+03
1.784336914062500000e+03
1.851989135742187500e+03
1.881081054687500000e+03
2.042855834960937500e+03
2.341864257812500000e+03
2.623994628906250000e+03
2.742222900390625000e+03
2.714216308593750000e+03
2.624583984375000000e+03
2.572464355468750000e+03
2.676670898437500000e+03
2.687563232421875000e+03
2.637078857421875000e+03
2.629693115234375000e+03
2.607336914062500000e+03
2.405719726562500000e+03
2.275545410156250000e+03
2.272627441406250000e+03
2.217001708984375000e+03
2.125211669921875000e+03
2.009368530273437500e+03
1.883794189453125000e+03
1.786643066406250000e+03
1.714645019531250000e+03
1.689220581054687500e+03
1.773629394531250000e+03
1.821076171875000000e+03
2.024918212890625000e+03
2.301602050781250000e+03
2.586861816406250000e+03
2.736983398437500000e+03
2.706001708984375000e+03
2.587139892578125000e+03
2.566593017578125000e+03
2.646858642578125000e+03
2.613332031250000000e+03
2.557041015625000000e+03
2.557979492187500000e+03
2.564813720703125000e+03
2.391921630859375000e+03
2.304274658203125000e+03
2.254593750000000000e+03
2.224488525390625000e+03
2.169313964843750000e+03
2.003695678710937500e+03
1.863892944335937500e+03
1.762121582031250000e+03
1.705305419921875000e+03
1.742198974609375000e+03
1.823007568359375000e+03
1.891053710937500000e+03
2.108006591796875000e+03
2.350789794921875000e+03
2.656611816406250000e+03
2.828015625000000000e+03
2.743043212890625000e+03
2.686116699218750000e+03
2.607644531250000000e+03
2.704524169921875000e+03
2.680169921875000000e+03
2.594011962890625000e+03
2.556411865234375000e+03
2.568582763671875000e+03
2.387313720703125000e+03
2.306585205078125000e+03
2.278781250000000000e+03
2.222810058593750000e+03
2.206303955078125000e+03
2.019925659179687500e+03
1.862624511718750000e+03
1.782852416992187500e+03
1.695715942382812500e+03
1.739400512695312500e+03
1.811246826171875000e+03
1.906486083984375000e+03
2.115776855468750000e+03
2.417867187500000000e+03
2.691580078125000000e+03
2.796767822265625000e+03
2.736918701171875000e+03
2.632154296875000000e+03
2.623018554687500000e+03
2.685454101562500000e+03
2.646631103515625000e+03
2.585924804687500000e+03
2.570419921875000000e+03
2.588060302734375000e+03
2.410184082031250000e+03
2.326878662109375000e+03
2.292423339843750000e+03
2.287591552734375000e+03
2.246102050781250000e+03
2.062163085937500000e+03
1.919496704101562500e+03
1.827521118164062500e+03
1.753597412109375000e+03
1.730151977539062500e+03
1.819413208007812500e+03
1.869645507812500000e+03
2.097387451171875000e+03
2.342569091796875000e+03
2.593890869140625000e+03
2.716057373046875000e+03
2.655365478515625000e+03
2.555510986328125000e+03
2.513074707031250000e+03
2.579861083984375000e+03
2.535621337890625000e+03
2.515660644531250000e+03
2.532671630859375000e+03
2.577130126953125000e+03
2.419045166015625000e+03
2.281323730468750000e+03
2.195122802734375000e+03
2.143925537109375000e+03
2.121464111328125000e+03
1.993392333984375000e+03
1.860185302734375000e+03
1.759760253906250000e+03
1.697635986328125000e+03
1.728598022460937500e+03
1.783251342773437500e+03
1.877474609375000000e+03
1.989716308593750000e+03
2.215131591796875000e+03
2.450326171875000000e+03
2.584163574218750000e+03
2.560309326171875000e+03
2.454212158203125000e+03
2.406845214843750000e+03
2.458567626953125000e+03
2.442047119140625000e+03
2.437821044921875000e+03
2.464977294921875000e+03
2.536958251953125000e+03
2.389295654296875000e+03
2.254737792968750000e+03
2.142768554687500000e+03
2.076187011718750000e+03
2.033775146484375000e+03
1.908485351562500000e+03
1.765401855468750000e+03
1.635005981445312500e+03
1.605065551757812500e+03
1.755157226562500000e+03
1.802215209960937500e+03
1.838511108398437500e+03
1.901708740234375000e+03
1.878466552734375000e+03
2.034150634765625000e+03
2.065621582031250000e+03
2.144538085937500000e+03
2.101307373046875000e+03
2.024663330078125000e+03
2.000973876953125000e+03
2.028290405273437500e+03
1.993310546875000000e+03
2.015130981445312500e+03
2.172986328125000000e+03
2.138434570312500000e+03
2.157008056640625000e+03
2.062028808593750000e+03
2.053669433593750000e+03
2.020588867187500000e+03
1.882495483398437500e+03
1.754164916992187500e+03
1.656029541015625000e+03
1.648387573242187500e+03
1.658655517578125000e+03
1.759173828125000000e+03
1.834473388671875000e+03
2.054000000000000000e+03
2.392105224609375000e+03
2.652822021484375000e+03
2.759228515625000000e+03
2.707518554687500000e+03
2.618490722656250000e+03
2.580385986328125000e+03
2.645492431640625000e+03
2.649765625000000000e+03
2.611950927734375000e+03
2.581806396484375000e+03
2.592134521484375000e+03
2.437127685546875000e+03
2.316824462890625000e+03
2.286852783203125000e+03
2.246800048828125000e+03
2.148709228515625000e+03
1.995163574218750000e+03
1.849372436523437500e+03
1.750176635742187500e+03
1.715738281250000000e+03
1.761116577148437500e+03
1.859620849609375000e+03
1.934795166015625000e+03
2.126670898437500000e+03
2.416999023437500000e+03
2.688625488281250000e+03
2.750845214843750000e+03
2.719613281250000000e+03
2.642778320312500000e+03
2.617174804687500000e+03
2.691541503906250000e+03
2.655340087890625000e+03
2.572155761718750000e+03
2.617113037109375000e+03
2.625704589843750000e+03
2.447791503906250000e+03
2.386214843750000000e+03
2.214135986328125000e+03
2.179964355468750000e+03
2.115231933593750000e+03
2.035263427734375000e+03
1.889619995117187500e+03
1.765375122070312500e+03
1.702344116210937500e+03
1.745706542968750000e+03
1.833267578125000000e+03
1.906620239257812500e+03
2.130803222656250000e+03
2.439180419921875000e+03
2.695895019531250000e+03
2.747132568359375000e+03
2.694576904296875000e+03
2.653203125000000000e+03
2.589411621093750000e+03
2.656764892578125000e+03
2.624735595703125000e+03
2.566703857421875000e+03
2.580274414062500000e+03
2.593268310546875000e+03
2.403662353515625000e+03
2.310875244140625000e+03
2.271512451171875000e+03
2.206825195312500000e+03
2.163521484375000000e+03
1.974412109375000000e+03
1.866620971679687500e+03
1.727334838867187500e+03
1.691052246093750000e+03
1.727235351562500000e+03
1.824823608398437500e+03
1.945556640625000000e+03
2.114853027343750000e+03
2.361870117187500000e+03
2.668501953125000000e+03
2.888759521484375000e+03
2.714607910156250000e+03
2.585554931640625000e+03
2.438072509765625000e+03
2.608227050781250000e+03
2.579799072265625000e+03
2.606427978515625000e+03
2.635869140625000000e+03
2.593853271484375000e+03
2.459539794921875000e+03
2.252386962890625000e+03
2.154364501953125000e+03
2.095801269531250000e+03
2.076073730468750000e+03
1.900693481445312500e+03
1.779851196289062500e+03
1.700498535156250000e+03
1.637701049804687500e+03
1.737466064453125000e+03
1.810831420898437500e+03
1.861183959960937500e+03
2.039145996093750000e+03
2.336128906250000000e+03
2.574081787109375000e+03
2.663904296875000000e+03
2.653947509765625000e+03
2.529431884765625000e+03
2.547201904296875000e+03
2.595592773437500000e+03
2.543903076171875000e+03
2.480473632812500000e+03
2.603771240234375000e+03
2.539166503906250000e+03
2.347916503906250000e+03
2.290318359375000000e+03
2.169886718750000000e+03
2.080351318359375000e+03
2.005984497070312500e+03
1.906071533203125000e+03
1.754216064453125000e+03
1.650839599609375000e+03
1.643086669921875000e+03
1.675632812500000000e+03
1.805091796875000000e+03
1.850642578125000000e+03
1.981954345703125000e+03
2.162273193359375000e+03
2.396718994140625000e+03
2.566564453125000000e+03
2.519601074218750000e+03
2.436331054687500000e+03
2.362686523437500000e+03
2.455651367187500000e+03
2.452942382812500000e+03
2.440694335937500000e+03
2.510707763671875000e+03
2.590503173828125000e+03
2.375593994140625000e+03
2.275211425781250000e+03
2.175225097656250000e+03
2.052866455078125000e+03
2.011061279296875000e+03
1.912733886718750000e+03
1.759525268554687500e+03
1.689470092773437500e+03
1.647460693359375000e+03
1.687627929687500000e+03
1.816350708007812500e+03
1.864110595703125000e+03
1.889144653320312500e+03
1.970766113281250000e+03
2.055090820312500000e+03
2.145548339843750000e+03
2.165889404296875000e+03
2.112251220703125000e+03
2.070806396484375000e+03
2.087951660156250000e+03
2.069636230468750000e+03
2.071377685546875000e+03
2.118430419921875000e+03
2.290931152343750000e+03
2.247601806640625000e+03
2.209215087890625000e+03
2.112468261718750000e+03
2.110283203125000000e+03
2.012559692382812500e+03
1.878677368164062500e+03
1.764193725585937500e+03
1.678421752929687500e+03
1.662214111328125000e+03
1.677579101562500000e+03
1.756989624023437500e+03
1.884669067382812500e+03
2.058328613281250000e+03
2.374340576171875000e+03
2.626297851562500000e+03
2.706828125000000000e+03
2.654972167968750000e+03
2.570172119140625000e+03
2.521247314453125000e+03
2.572416503906250000e+03
2.582420654296875000e+03
2.557366210937500000e+03
2.531199951171875000e+03
2.568276367187500000e+03
2.347838134765625000e+03
2.209569091796875000e+03
2.306983642578125000e+03
2.035515747070312500e+03
1.966767700195312500e+03
1.896522094726562500e+03
1.737751342773437500e+03
1.694973144531250000e+03
1.616913208007812500e+03
1.656241210937500000e+03
1.785514648437500000e+03
1.891325927734375000e+03
2.053720458984375000e+03
2.309395507812500000e+03
2.588589355468750000e+03
2.647245849609375000e+03
2.576780029296875000e+03
2.478420898437500000e+03
2.483018066406250000e+03
2.529591796875000000e+03
2.451583251953125000e+03
2.485966064453125000e+03
2.528134277343750000e+03
2.571482177734375000e+03
2.369242187500000000e+03
2.289436767578125000e+03
2.118375000000000000e+03
1.931777343750000000e+03
1.858328002929687500e+03
1.793106689453125000e+03
1.672632934570312500e+03
1.584654785156250000e+03
1.573203247070312500e+03
1.635764648437500000e+03
1.738613647460937500e+03
1.837725463867187500e+03
1.964843017578125000e+03
2.249246582031250000e+03
2.497348388671875000e+03
2.572137695312500000e+03
2.515761718750000000e+03
2.399734375000000000e+03
2.398005126953125000e+03
2.433147949218750000e+03
2.391359375000000000e+03
2.407651611328125000e+03
2.474416503906250000e+03
2.513106933593750000e+03
2.284714355468750000e+03
2.135329589843750000e+03
2.027050048828125000e+03
1.880231445312500000e+03
1.754145019531250000e+03
1.654067993164062500e+03
1.542959350585937500e+03
1.499598999023437500e+03
1.502604003906250000e+03
1.565413085937500000e+03
1.685747924804687500e+03
1.779764160156250000e+03
1.933196655273437500e+03
2.189862060546875000e+03
2.431851074218750000e+03
2.509022460937500000e+03
2.470508300781250000e+03
2.404325195312500000e+03
2.362864257812500000e+03
2.412383300781250000e+03
2.401814697265625000e+03
2.405223876953125000e+03
2.443390625000000000e+03
2.487454589843750000e+03
2.271498779296875000e+03
2.160024902343750000e+03
2.081095458984375000e+03
1.914010009765625000e+03
1.700961547851562500e+03
1.664169311523437500e+03
1.543831787109375000e+03
1.485375366210937500e+03
1.494899414062500000e+03
1.550839477539062500e+03
1.700767578125000000e+03
1.804883911132812500e+03
1.970093505859375000e+03
2.218350341796875000e+03
2.464530273437500000e+03
2.558721191406250000e+03
2.547367919921875000e+03
2.494556152343750000e+03
2.467276123046875000e+03
2.520535156250000000e+03
2.466260986328125000e+03
2.379644287109375000e+03
2.384128906250000000e+03
2.455635742187500000e+03
2.251690917968750000e+03
2.199030761718750000e+03
2.156972412109375000e+03
1.988859375000000000e+03
1.855957397460937500e+03
1.754450561523437500e+03
1.632511352539062500e+03
1.566381103515625000e+03
1.550579345703125000e+03
1.622528320312500000e+03
1.798598999023437500e+03
1.920561645507812500e+03
1.980095336914062500e+03
2.027082031250000000e+03
2.076780029296875000e+03
2.101268554687500000e+03
2.068182373046875000e+03
2.049158935546875000e+03
2.056320068359375000e+03
2.074549560546875000e+03
2.062474365234375000e+03
2.040248046875000000e+03
2.112275390625000000e+03
2.417373779296875000e+03
2.275602294921875000e+03
2.187979980468750000e+03
2.142490478515625000e+03
2.071450927734375000e+03
2.053049804687500000e+03
1.893203369140625000e+03
1.779201293945312500e+03
1.700143188476562500e+03
1.671208251953125000e+03
1.689079467773437500e+03
1.766986694335937500e+03
1.794834960937500000e+03
1.801560424804687500e+03
1.886027954101562500e+03
1.965497558593750000e+03
2.046356567382812500e+03
2.068401123046875000e+03
2.023070190429687500e+03
1.970656005859375000e+03
1.982275634765625000e+03
1.980795654296875000e+03
1.950204101562500000e+03
1.990324584960937500e+03
2.255672119140625000e+03
2.194818603515625000e+03
2.125083251953125000e+03
2.115036865234375000e+03
2.051519287109375000e+03
2.013604125976562500e+03
1.884395629882812500e+03
1.759955566406250000e+03
1.698287719726562500e+03
1.664902465820312500e+03
1.692310180664062500e+03
1.773123168945312500e+03
1.812638671875000000e+03
1.873649780273437500e+03
1.972008666992187500e+03
2.070403076171875000e+03
2.184720214843750000e+03
2.163283935546875000e+03
2.093857421875000000e+03
2.034593383789062500e+03
2.057274902343750000e+03
2.097899169921875000e+03
2.058412597656250000e+03
2.099208251953125000e+03
2.309563476562500000e+03
2.240637939453125000e+03
2.228993408203125000e+03
2.151319091796875000e+03
2.050538330078125000e+03
2.069405517578125000e+03
1.933043823242187500e+03
1.784724243164062500e+03
1.739957763671875000e+03
1.684359741210937500e+03
1.730090576171875000e+03
1.817618896484375000e+03
1.911847656250000000e+03
2.052330078125000000e+03
2.331723876953125000e+03
2.559663085937500000e+03
2.695928466796875000e+03
2.678966796875000000e+03
2.592788574218750000e+03
2.564130126953125000e+03
2.614737792968750000e+03
2.618465332031250000e+03
2.551998291015625000e+03
2.505293945312500000e+03
2.563418457031250000e+03
2.373707275390625000e+03
2.274824707031250000e+03
2.248406494140625000e+03
2.214834472656250000e+03
2.121195556640625000e+03
2.003860107421875000e+03
1.862475952148437500e+03
1.775741821289062500e+03
1.746373779296875000e+03
1.756628051757812500e+03
1.857476806640625000e+03
1.927048339843750000e+03
2.088348876953125000e+03
2.353679931640625000e+03
2.631029052734375000e+03
2.749098876953125000e+03
2.705724365234375000e+03
2.648206054687500000e+03
2.594971923828125000e+03
2.681462402343750000e+03
2.620804687500000000e+03
2.562080810546875000e+03
2.572892089843750000e+03
2.611776855468750000e+03
2.390652832031250000e+03
2.294098388671875000e+03
2.263720214843750000e+03
2.196062011718750000e+03
2.141045898437500000e+03
2.005013671875000000e+03
1.861730346679687500e+03
1.758515502929687500e+03
1.714899780273437500e+03
1.756333984375000000e+03
1.867769653320312500e+03
1.965612792968750000e+03
2.159443847656250000e+03
2.426562744140625000e+03
2.681052978515625000e+03
2.783755615234375000e+03
2.742329101562500000e+03
2.663235351562500000e+03
2.631457275390625000e+03
2.674899169921875000e+03
2.627894775390625000e+03
2.527250000000000000e+03
2.516793457031250000e+03
2.567099365234375000e+03
2.331930419921875000e+03
2.211515869140625000e+03
2.198485351562500000e+03
2.035933105468750000e+03
1.985541381835937500e+03
1.883939575195312500e+03
1.744938720703125000e+03
1.674494506835937500e+03
1.646895629882812500e+03
1.686472290039062500e+03
1.814235473632812500e+03
1.901956909179687500e+03
2.055995605468750000e+03
2.311612792968750000e+03
2.574577392578125000e+03
2.705003417968750000e+03
2.660357421875000000e+03
2.596683105468750000e+03
2.553066162109375000e+03
2.617787353515625000e+03
2.558614013671875000e+03
2.481412109375000000e+03
2.499748046875000000e+03
2.538644287109375000e+03
2.327323242187500000e+03
2.158541992187500000e+03
2.095230712890625000e+03
2.007290649414062500e+03
1.941606689453125000e+03
1.828248535156250000e+03
1.693246093750000000e+03
1.619037231445312500e+03
1.601473632812500000e+03
1.659610351562500000e+03
1.787530151367187500e+03
1.865610839843750000e+03
1.965880615234375000e+03
2.146094482421875000e+03
2.373299804687500000e+03
2.503035400390625000e+03
2.501757324218750000e+03
2.424727539062500000e+03
2.343787841796875000e+03
2.415375976562500000e+03
2.395434570312500000e+03
2.329406250000000000e+03
2.314785644531250000e+03
2.533097167968750000e+03
2.299295898437500000e+03
2.183850585937500000e+03
2.072083007812500000e+03
1.943750976562500000e+03
1.884857788085937500e+03
1.793455932617187500e+03
1.665576538085937500e+03
1.587558227539062500e+03
1.591502929687500000e+03
1.646201293945312500e+03
1.746741455078125000e+03
1.820240356445312500e+03
1.849280395507812500e+03
1.931715209960937500e+03
2.003235229492187500e+03
2.090323486328125000e+03
2.137137695312500000e+03
2.087400146484375000e+03
2.010486938476562500e+03
2.019271118164062500e+03
2.004295410156250000e+03
1.983651489257812500e+03
2.009791137695312500e+03
2.158608886718750000e+03
2.195372070312500000e+03
2.116446044921875000e+03
2.028902099609375000e+03
1.967620117187500000e+03
1.901225708007812500e+03
1.744996093750000000e+03
1.647558959960937500e+03
1.581852294921875000e+03
1.576093627929687500e+03
1.615753173828125000e+03
1.715210327148437500e+03
1.798724731445312500e+03
1.997037719726562500e+03
2.300492187500000000e+03
2.545807373046875000e+03
2.652408203125000000e+03
2.617501220703125000e+03
2.501903808593750000e+03
2.415065185546875000e+03
2.429126464843750000e+03
2.396674316406250000e+03
2.354537109375000000e+03
2.383498291015625000e+03
2.456328125000000000e+03
2.254152832031250000e+03
2.159479736328125000e+03
1.999940063476562500e+03
1.864721435546875000e+03
1.803117797851562500e+03
1.668160278320312500e+03
1.584157958984375000e+03
1.527234741210937500e+03
1.529568115234375000e+03
1.610894042968750000e+03
1.761822143554687500e+03
1.880640380859375000e+03
2.012473632812500000e+03
2.257328857421875000e+03
2.507971923828125000e+03
2.578973388671875000e+03
2.543218261718750000e+03
2.476153808593750000e+03
2.446144775390625000e+03
2.496205078125000000e+03
2.441396240234375000e+03
2.406851562500000000e+03
2.461415039062500000e+03
2.497435791015625000e+03
2.313195556640625000e+03
2.153216552734375000e+03
1.993723510742187500e+03
1.962673339843750000e+03
1.830715942382812500e+03
1.728458007812500000e+03
1.620801147460937500e+03
1.554786743164062500e+03
1.585848999023437500e+03
1.641668701171875000e+03
1.761097656250000000e+03
1.880894653320312500e+03
2.078861816406250000e+03
2.340437988281250000e+03
2.578309326171875000e+03
2.662189941406250000e+03
2.621755126953125000e+03
2.544673095703125000e+03
2.499550048828125000e+03
2.559036376953125000e+03
2.486749023437500000e+03
2.429360839843750000e+03
2.511034423828125000e+03
2.503289794921875000e+03
2.308476806640625000e+03
2.202379150390625000e+03
2.077329101562500000e+03
1.953332275390625000e+03
1.849828491210937500e+03
1.731875244140625000e+03
1.629521240234375000e+03
1.572607299804687500e+03
1.568923095703125000e+03
1.648219726562500000e+03
1.785207763671875000e+03
1.855832519531250000e+03
2.045946289062500000e+03
2.327222167968750000e+03
2.571493164062500000e+03
2.626545898437500000e+03
2.567919433593750000e+03
2.488073974609375000e+03
2.456767089843750000e+03
2.485328369140625000e+03
2.454749755859375000e+03
2.446566162109375000e+03
2.497478759765625000e+03
2.516403076171875000e+03
2.315861816406250000e+03
2.166774414062500000e+03
2.085617187500000000e+03
1.926538085937500000e+03
1.811678344726562500e+03
1.723090576171875000e+03
1.593374877929687500e+03
1.548676147460937500e+03
1.562863891601562500e+03
1.641804443359375000e+03
1.780901489257812500e+03
1.843499755859375000e+03
2.032613403320312500e+03
2.299094482421875000e+03
2.553113281250000000e+03
2.605878173828125000e+03
2.575459960937500000e+03
2.504754150390625000e+03
2.452368164062500000e+03
2.483201171875000000e+03
2.438994140625000000e+03
2.421837646484375000e+03
2.482481445312500000e+03
2.493233398437500000e+03
2.253475097656250000e+03
2.125062500000000000e+03
2.003934082031250000e+03
1.841229614257812500e+03
1.744903564453125000e+03
1.678440429687500000e+03
1.576106445312500000e+03
1.515314208984375000e+03
1.537916625976562500e+03
1.603667846679687500e+03
1.736095825195312500e+03
1.799563598632812500e+03
1.903911743164062500e+03
2.080387207031250000e+03
2.296290039062500000e+03
2.387513427734375000e+03
2.347696289062500000e+03
2.272750976562500000e+03
2.194347656250000000e+03
2.252239501953125000e+03
2.181376953125000000e+03
2.198942138671875000e+03
2.338974121093750000e+03
2.423501953125000000e+03
2.287020019531250000e+03
2.185892333984375000e+03
2.071473144531250000e+03
1.929152343750000000e+03
1.843788940429687500e+03
1.721512573242187500e+03
1.633147827148437500e+03
1.587001586914062500e+03
1.565141113281250000e+03
1.637610595703125000e+03
1.760122680664062500e+03
1.808105468750000000e+03
1.881649047851562500e+03
1.982315673828125000e+03
2.081082519531250000e+03
2.126615966796875000e+03
2.113429687500000000e+03
2.056316162109375000e+03
2.001666992187500000e+03
1.982329223632812500e+03
1.986660400390625000e+03
1.988560913085937500e+03
2.013735595703125000e+03
2.190941894531250000e+03
2.112300292968750000e+03
2.052009033203125000e+03
2.005419555664062500e+03
1.920050659179687500e+03
1.856910278320312500e+03
1.748337524414062500e+03
1.642665039062500000e+03
1.597656616210937500e+03
1.583435791015625000e+03
1.620834594726562500e+03
1.743133178710937500e+03
1.864052368164062500e+03
2.009814453125000000e+03
2.251771728515625000e+03
2.483567871093750000e+03
2.576409912109375000e+03
2.557084228515625000e+03
2.480056884765625000e+03
2.427385986328125000e+03
2.494760253906250000e+03
2.452136718750000000e+03
2.422426025390625000e+03
2.474206298828125000e+03
2.526604003906250000e+03
2.344582275390625000e+03
2.294928466796875000e+03
2.070135498046875000e+03
2.136275390625000000e+03
1.930201904296875000e+03
1.864108032226562500e+03
1.743475341796875000e+03
1.641020019531250000e+03
1.657873291015625000e+03
1.699860351562500000e+03
1.839716308593750000e+03
1.978812744140625000e+03
2.162794433593750000e+03
2.452457519531250000e+03
2.693090087890625000e+03
2.784540527343750000e+03
2.745139404296875000e+03
2.687489013671875000e+03
2.655963134765625000e+03
2.727539794921875000e+03
2.676627685546875000e+03
2.615383789062500000e+03
2.580014892578125000e+03
2.604834228515625000e+03
2.383854736328125000e+03
2.263326904296875000e+03
2.203018554687500000e+03
2.086745849609375000e+03
2.013802124023437500e+03
1.939365356445312500e+03
1.866093872070312500e+03
1.797936645507812500e+03
1.688219848632812500e+03
1.747724853515625000e+03
1.839477539062500000e+03
1.971776245117187500e+03
2.157361328125000000e+03
2.456293945312500000e+03
2.757080810546875000e+03
2.814481689453125000e+03
2.705629394531250000e+03
2.617786865234375000e+03
2.618845947265625000e+03
2.669074218750000000e+03
2.644383789062500000e+03
2.618352783203125000e+03
2.618187011718750000e+03
2.641484863281250000e+03
2.379771484375000000e+03
2.208367431640625000e+03
2.158752685546875000e+03
2.066078857421875000e+03
1.997233398437500000e+03
1.861401000976562500e+03
1.713775268554687500e+03
1.647667724609375000e+03
1.618088745117187500e+03
1.668024780273437500e+03
1.786770385742187500e+03
1.885340820312500000e+03
2.087630371093750000e+03
2.336775878906250000e+03
2.574427001953125000e+03
2.668085937500000000e+03
2.589934570312500000e+03
2.522340820312500000e+03
2.499172119140625000e+03
2.543899902343750000e+03
2.511666259765625000e+03
2.505935302734375000e+03
2.489324462890625000e+03
2.515145507812500000e+03
2.297068115234375000e+03
2.184089355468750000e+03
2.041435668945312500e+03
2.066485839843750000e+03
1.804211425781250000e+03
1.783886718750000000e+03
1.646549438476562500e+03
1.572525878906250000e+03
1.582059082031250000e+03
1.621757690429687500e+03
1.751805664062500000e+03
1.885776123046875000e+03
2.045769287109375000e+03
2.332477294921875000e+03
2.537924316406250000e+03
2.648803955078125000e+03
2.591786865234375000e+03
2.512690673828125000e+03
2.446472900390625000e+03
2.478280761718750000e+03
2.465767333984375000e+03
2.431421630859375000e+03
2.448979736328125000e+03
2.455020263671875000e+03
2.268109619140625000e+03
2.132050292968750000e+03
2.048472900390625000e+03
1.907902099609375000e+03
1.791376831054687500e+03
1.674416870117187500e+03
1.567912963867187500e+03
1.523619995117187500e+03
1.516239013671875000e+03
1.604833251953125000e+03
1.737678955078125000e+03
1.841917480468750000e+03
1.938729614257812500e+03
2.125328613281250000e+03
2.362953369140625000e+03
2.487324951171875000e+03
2.432237548828125000e+03
2.378552734375000000e+03
2.275484375000000000e+03
2.349923095703125000e+03
2.352843994140625000e+03
2.317651123046875000e+03
2.370888183593750000e+03
2.430835449218750000e+03
2.237277343750000000e+03
2.122052490234375000e+03
1.983518798828125000e+03
1.858860229492187500e+03
1.778289062500000000e+03
1.661976562500000000e+03
1.573256713867187500e+03
1.525278076171875000e+03
1.522456298828125000e+03
1.581872680664062500e+03
1.711220214843750000e+03
1.770453247070312500e+03
1.794890625000000000e+03
1.866817504882812500e+03
1.946318847656250000e+03
2.013933593750000000e+03
2.016426269531250000e+03
1.958889770507812500e+03
1.875118652343750000e+03
1.865342285156250000e+03
1.871238159179687500e+03
1.889525634765625000e+03
1.963414916992187500e+03
2.116544189453125000e+03
2.033040405273437500e+03
1.957190917968750000e+03
1.882378417968750000e+03
1.807719970703125000e+03
1.740927856445312500e+03
1.622341552734375000e+03
1.557177001953125000e+03
1.519331665039062500e+03
1.512204589843750000e+03
1.534861572265625000e+03
1.621274902343750000e+03
1.735067138671875000e+03
1.945275634765625000e+03
2.239502441406250000e+03
2.450700439453125000e+03
2.518915771484375000e+03
2.485407958984375000e+03
2.431523925781250000e+03
2.355317382812500000e+03
2.408901123046875000e+03
2.401611816406250000e+03
2.396423095703125000e+03
2.430695800781250000e+03
2.441750976562500000e+03
2.218355468750000000e+03
2.074622070312500000e+03
2.022513061523437500e+03
1.826031494140625000e+03
1.762148315429687500e+03
1.653236938476562500e+03
1.544286865234375000e+03
1.510719726562500000e+03
1.501780639648437500e+03
1.582287963867187500e+03
1.706890136718750000e+03
1.805205200195312500e+03
1.966662597656250000e+03
2.262927001953125000e+03
2.474894775390625000e+03
2.558297363281250000e+03
2.477685302734375000e+03
2.408803955078125000e+03
2.379868408203125000e+03
2.426952880859375000e+03
2.436095947265625000e+03
2.416557617187500000e+03
2.432329101562500000e+03
2.439216064453125000e+03
2.237363281250000000e+03
2.109569091796875000e+03
2.020381591796875000e+03
1.891464965820312500e+03
1.801860839843750000e+03
1.687642333984375000e+03
1.569175781250000000e+03
1.545842895507812500e+03
1.534944824218750000e+03
1.625168579101562500e+03
1.749189941406250000e+03
1.885336914062500000e+03
2.053047119140625000e+03
2.330514892578125000e+03
2.538022216796875000e+03
2.626736083984375000e+03
2.580270507812500000e+03
2.496718261718750000e+03
2.506562500000000000e+03
2.529201904296875000e+03
2.506652099609375000e+03
2.493026855468750000e+03
2.520533935546875000e+03
2.475625976562500000e+03
2.280720947265625000e+03
2.165714355468750000e+03
2.082013671875000000e+03
1.984843017578125000e+03
1.873852294921875000e+03
1.803113525390625000e+03
1.665222778320312500e+03
1.625220458984375000e+03
1.624695922851562500e+03
1.685276367187500000e+03
1.829264892578125000e+03
1.952401123046875000e+03
2.138810302734375000e+03
2.405333251953125000e+03
2.645567138671875000e+03
2.726929443359375000e+03
2.682920898437500000e+03
2.585766357421875000e+03
2.537018310546875000e+03
2.564262451171875000e+03
2.554347900390625000e+03
2.523342041015625000e+03
2.572914794921875000e+03
2.540376953125000000e+03
2.340085693359375000e+03
2.267080078125000000e+03
2.181765625000000000e+03
2.084566162109375000e+03
2.017869384765625000e+03
1.831840942382812500e+03
1.733226440429687500e+03
1.661557373046875000e+03
1.629364746093750000e+03
1.716132934570312500e+03
1.844320678710937500e+03
1.942868286132812500e+03
2.128906738281250000e+03
2.393308837890625000e+03
2.614133789062500000e+03
2.636336425781250000e+03
2.534887451171875000e+03
2.475711914062500000e+03
2.382071044921875000e+03
2.365782226562500000e+03
2.354577148437500000e+03
2.364164550781250000e+03
2.415865722656250000e+03
2.475903076171875000e+03
2.286117675781250000e+03
2.145392333984375000e+03
2.049671630859375000e+03
1.904957153320312500e+03
1.829917724609375000e+03
1.677894409179687500e+03
1.596130859375000000e+03
1.570242309570312500e+03
1.568626220703125000e+03
1.674470336914062500e+03
1.777392944335937500e+03
1.836891601562500000e+03
1.962619262695312500e+03
2.119468994140625000e+03
2.402604003906250000e+03
2.440396240234375000e+03
2.454448974609375000e+03
2.349901855468750000e+03
2.258653564453125000e+03
2.243001464843750000e+03
2.271358398437500000e+03
2.261717529296875000e+03
2.356873046875000000e+03
2.442338378906250000e+03
2.269259033203125000e+03
2.083459960937500000e+03
1.959652343750000000e+03
1.817018554687500000e+03
1.691418701171875000e+03
1.593706176757812500e+03
1.545304443359375000e+03
1.493287963867187500e+03
1.518584716796875000e+03
1.581615600585937500e+03
1.691807739257812500e+03
1.770623046875000000e+03
1.807917724609375000e+03
1.916140014648437500e+03
1.965312255859375000e+03
1.990255371093750000e+03
1.967344726562500000e+03
1.932434814453125000e+03
1.854145751953125000e+03
1.792899291992187500e+03
1.776597778320312500e+03
1.784759765625000000e+03
1.850248168945312500e+03
2.008138671875000000e+03
1.943431640625000000e+03
1.860269165039062500e+03
1.801327758789062500e+03
1.693251464843750000e+03
1.628960083007812500e+03
1.525964965820312500e+03
1.484356811523437500e+03
1.454509887695312500e+03
1.469961547851562500e+03
1.509807250976562500e+03
1.594307861328125000e+03
1.701962036132812500e+03
1.895237304687500000e+03
2.236022949218750000e+03
2.382993408203125000e+03
2.365300537109375000e+03
2.336010986328125000e+03
2.277075195312500000e+03
2.329781738281250000e+03
2.195164306640625000e+03
2.202900390625000000e+03
2.236335693359375000e+03
2.268965332031250000e+03
2.199513427734375000e+03
2.220971435546875000e+03
1.935455322265625000e+03
1.848224609375000000e+03
1.693243774414062500e+03
1.550021118164062500e+03
1.471133178710937500e+03
1.410168701171875000e+03
1.415481079101562500e+03
1.453387939453125000e+03
1.496768554687500000e+03
1.610935180664062500e+03
1.698394775390625000e+03
1.938955078125000000e+03
2.263106689453125000e+03
2.422743896484375000e+03
2.508757080078125000e+03
2.406569335937500000e+03
2.347794677734375000e+03
2.301839355468750000e+03
2.314369873046875000e+03
2.281554931640625000e+03
2.309277099609375000e+03
2.324445312500000000e+03
2.330588623046875000e+03
2.196716796875000000e+03
2.025265869140625000e+03
1.891510375976562500e+03
1.715896972656250000e+03
1.575477050781250000e+03
1.485839477539062500e+03
1.414307739257812500e+03
1.413296630859375000e+03
1.427150024414062500e+03
1.497270629882812500e+03
1.609188842773437500e+03
1.718978271484375000e+03
1.940174804687500000e+03
2.250609375000000000e+03
2.449885498046875000e+03
2.518496582031250000e+03
2.459667724609375000e+03
2.392032958984375000e+03
2.352435302734375000e+03
2.365564453125000000e+03
2.334538085937500000e+03
2.345459228515625000e+03
2.383523193359375000e+03
2.384485595703125000e+03
2.201781005859375000e+03
2.069034423828125000e+03
1.937050292968750000e+03
1.741520751953125000e+03
1.619661376953125000e+03
1.502899780273437500e+03
1.418170776367187500e+03
1.411777587890625000e+03
1.434733154296875000e+03
1.510030639648437500e+03
1.632433349609375000e+03
1.776765869140625000e+03
1.999934814453125000e+03
2.284122558593750000e+03
2.483822998046875000e+03
2.545045410156250000e+03
2.493867919921875000e+03
2.416606445312500000e+03
2.362676757812500000e+03
2.413723144531250000e+03
2.360696289062500000e+03
2.363957763671875000e+03
2.395178466796875000e+03
2.387981933593750000e+03
2.198593994140625000e+03
2.068390380859375000e+03
1.918779785156250000e+03
1.750844360351562500e+03
1.621018554687500000e+03
1.517808471679687500e+03
1.437075561523437500e+03
1.418655151367187500e+03
1.453500366210937500e+03
1.526672607421875000e+03
1.664585327148437500e+03
1.752911010742187500e+03
1.988072998046875000e+03
2.262749267578125000e+03
2.502112304687500000e+03
2.554116699218750000e+03
2.508593261718750000e+03
2.478905761718750000e+03
2.361416259765625000e+03
2.406450927734375000e+03
2.384262695312500000e+03
2.366782470703125000e+03
2.388183349609375000e+03
2.431167236328125000e+03
2.200482177734375000e+03
2.060097412109375000e+03
1.923620239257812500e+03
1.749860717773437500e+03
1.640937377929687500e+03
1.561085449218750000e+03
1.481734130859375000e+03
1.452335083007812500e+03
1.477418579101562500e+03
1.552839599609375000e+03
1.665511352539062500e+03
1.771673583984375000e+03
1.900515991210937500e+03
2.141814697265625000e+03
2.345029541015625000e+03
2.455514648437500000e+03
2.381522949218750000e+03
2.303638671875000000e+03
2.197773681640625000e+03
2.241216064453125000e+03
2.232978515625000000e+03
2.227206054687500000e+03
2.284810546875000000e+03
2.367356689453125000e+03
2.219164550781250000e+03
2.024681884765625000e+03
1.910998535156250000e+03
1.720215942382812500e+03
1.593154296875000000e+03
1.552801147460937500e+03
1.470021972656250000e+03
1.448166259765625000e+03
1.464896240234375000e+03
1.513102050781250000e+03
1.616636108398437500e+03
1.659468627929687500e+03
1.693477416992187500e+03
1.854225097656250000e+03
1.952569580078125000e+03
1.994117919921875000e+03
1.955838378906250000e+03
1.895760864257812500e+03
1.814688110351562500e+03
1.786943847656250000e+03
1.762771606445312500e+03
1.811133789062500000e+03
1.893896728515625000e+03
2.084693603515625000e+03
2.015132324218750000e+03
1.872134399414062500e+03
1.801128417968750000e+03
1.678500610351562500e+03
1.589512695312500000e+03
1.546168579101562500e+03
1.467755249023437500e+03
1.453495727539062500e+03
1.450993652343750000e+03
1.475880859375000000e+03
1.570358276367187500e+03
1.671881835937500000e+03
1.889825805664062500e+03
2.141413574218750000e+03
2.347598876953125000e+03
2.388764404296875000e+03
2.335374755859375000e+03
2.270437255859375000e+03
2.178113281250000000e+03
2.238197509765625000e+03
2.225680664062500000e+03
2.240499267578125000e+03
2.286408935546875000e+03
2.311736572265625000e+03
2.144475097656250000e+03
1.979634887695312500e+03
1.856050048828125000e+03
1.641265869140625000e+03
1.555267578125000000e+03
1.463325561523437500e+03
1.402316894531250000e+03
1.394705200195312500e+03
1.409528808593750000e+03
1.461156127929687500e+03
1.565302612304687500e+03
1.715269897460937500e+03
1.911188842773437500e+03
2.201371582031250000e+03
2.362664794921875000e+03
2.371722412109375000e+03
2.299248291015625000e+03
2.230935058593750000e+03
2.160919189453125000e+03
2.183708007812500000e+03
2.207001953125000000e+03
2.228675537109375000e+03
2.256807617187500000e+03
2.281752929687500000e+03
2.138236083984375000e+03
1.973443359375000000e+03
1.803819458007812500e+03
1.597573608398437500e+03
1.511063720703125000e+03
1.413476806640625000e+03
1.369808837890625000e+03
1.365413574218750000e+03
1.378128051757812500e+03
1.427761474609375000e+03
1.528221191406250000e+03
1.654735229492187500e+03
1.861905273437500000e+03
2.158074707031250000e+03
2.336080078125000000e+03
2.375630371093750000e+03
2.315299316406250000e+03
2.264331298828125000e+03
2.181113525390625000e+03
2.234376708984375000e+03
2.231244628906250000e+03
2.216178955078125000e+03
2.262944335937500000e+03
2.297418701171875000e+03
2.136738037109375000e+03
1.963182128906250000e+03
1.825152587890625000e+03
1.636724121093750000e+03
1.504686889648437500e+03
1.416129760742187500e+03
1.366909179687500000e+03
1.363395263671875000e+03
1.383158569335937500e+03
1.438205078125000000e+03
1.529996948242187500e+03
1.689436279296875000e+03
1.869172851562500000e+03
2.157864013671875000e+03
2.357859130859375000e+03
2.383199218750000000e+03
2.326188476562500000e+03
2.253127685546875000e+03
2.173570312500000000e+03
2.246222167968750000e+03
2.235959716796875000e+03
2.234855957031250000e+03
2.296123779296875000e+03
2.295587890625000000e+03
2.206121337890625000e+03
1.970495849609375000e+03
1.789973022460937500e+03
1.629651245117187500e+03
1.533486450195312500e+03
1.444627319335937500e+03
1.380543090820312500e+03
1.374251708984375000e+03
1.398671386718750000e+03
1.453148193359375000e+03
1.570230957031250000e+03
1.670556274414062500e+03
1.788231689453125000e+03
1.967007080078125000e+03
2.137945068359375000e+03
2.213570312500000000e+03
2.183926269531250000e+03
2.114955078125000000e+03
2.013809204101562500e+03
2.041089599609375000e+03
2.056505126953125000e+03
2.081186035156250000e+03
2.147654296875000000e+03
2.272837646484375000e+03
2.165847167968750000e+03
1.980887451171875000e+03
1.873797241210937500e+03
1.718297973632812500e+03
1.596294921875000000e+03
1.493609497070312500e+03
1.425359497070312500e+03
1.418028442382812500e+03
1.435814941406250000e+03
1.478412475585937500e+03
1.583657836914062500e+03
1.713365600585937500e+03
1.835681884765625000e+03
2.066597167968750000e+03
2.253712646484375000e+03
2.334181884765625000e+03
2.268938476562500000e+03
2.210642089843750000e+03
2.118048095703125000e+03
2.175493408203125000e+03
2.143098876953125000e+03
2.151923828125000000e+03
2.220019775390625000e+03
2.322136718750000000e+03
2.204414306640625000e+03
2.037090087890625000e+03
1.918879638671875000e+03
1.765011840820312500e+03
1.632363281250000000e+03
1.557709350585937500e+03
1.469490722656250000e+03
1.461303222656250000e+03
1.478097778320312500e+03
1.544393920898437500e+03
1.653214233398437500e+03
1.752012817382812500e+03
1.814794311523437500e+03
1.924777465820312500e+03
1.989894287109375000e+03
2.037013183593750000e+03
2.020047241210937500e+03
1.940082153320312500e+03
1.879860107421875000e+03
1.830112670898437500e+03
1.832883056640625000e+03
1.853891723632812500e+03
1.905568359375000000e+03
2.061717529296875000e+03
2.041549682617187500e+03
1.921480590820312500e+03
1.824348388671875000e+03
1.712932006835937500e+03
1.608998046875000000e+03
1.505093139648437500e+03
1.451783447265625000e+03
1.449256835937500000e+03
1.447785522460937500e+03
1.485529785156250000e+03
1.574257812500000000e+03
1.685936401367187500e+03
1.877007690429687500e+03
2.149126220703125000e+03
2.344082275390625000e+03
2.363539306640625000e+03
2.318330078125000000e+03
2.231978515625000000e+03
2.155430908203125000e+03
2.162017089843750000e+03
2.143135009765625000e+03
2.174010742187500000e+03
2.185940185546875000e+03
2.218365722656250000e+03
2.062016601562500000e+03
1.890084106445312500e+03
1.730755249023437500e+03
1.558038574218750000e+03
1.456096313476562500e+03
1.372486450195312500e+03
1.332649169921875000e+03
1.336533447265625000e+03
1.360336914062500000e+03
1.393916503906250000e+03
1.481139770507812500e+03
1.606547973632812500e+03
1.809191894531250000e+03
2.105360595703125000e+03
2.313875488281250000e+03
2.337980224609375000e+03
2.241637695312500000e+03
2.169915039062500000e+03
2.092375000000000000e+03
2.124517578125000000e+03
2.120058105468750000e+03
2.151201904296875000e+03
2.198755615234375000e+03
2.226747314453125000e+03
2.099002929687500000e+03
1.970281738281250000e+03
1.787847167968750000e+03
1.605492797851562500e+03
1.472020996093750000e+03
1.345037231445312500e+03
1.325543823242187500e+03
1.326199218750000000e+03
1.343997802734375000e+03
1.378308593750000000e+03
1.461894653320312500e+03
1.591314575195312500e+03
1.783281738281250000e+03
2.101511230468750000e+03
2.306384765625000000e+03
2.345044433593750000e+03
2.286868164062500000e+03
2.214326904296875000e+03
2.123627441406250000e+03
2.162407226562500000e+03
2.141482910156250000e+03
2.155830566406250000e+03
2.215779296875000000e+03
2.231800048828125000e+03
2.111702636718750000e+03
1.995678100585937500e+03
1.798496826171875000e+03
1.617035644531250000e+03
1.483323120117187500e+03
1.381710937500000000e+03
1.340398803710937500e+03
1.345521118164062500e+03
1.357131103515625000e+03
1.408882080078125000e+03
1.510310302734375000e+03
1.646295898437500000e+03
1.852522705078125000e+03
2.154366210937500000e+03
2.361308837890625000e+03
2.420595458984375000e+03
2.343971679687500000e+03
2.292813964843750000e+03
2.215631835937500000e+03
2.280495117187500000e+03
2.228561523437500000e+03
2.252535400390625000e+03
2.295017333984375000e+03
2.341136230468750000e+03
2.158435546875000000e+03
1.991780273437500000e+03
1.843091796875000000e+03
1.668992187500000000e+03
1.554886962890625000e+03
1.458186401367187500e+03
1.406001708984375000e+03
1.394609497070312500e+03
1.422491333007812500e+03
1.485037353515625000e+03
1.598780029296875000e+03
1.717961914062500000e+03
1.872201293945312500e+03
2.097692138671875000e+03
2.267315185546875000e+03
2.378316162109375000e+03
2.332141845703125000e+03
2.301269531250000000e+03
2.188340087890625000e+03
2.198976806640625000e+03
2.142427734375000000e+03
2.135766601562500000e+03
2.203884033203125000e+03
2.265794677734375000e+03
2.131729736328125000e+03
1.990019409179687500e+03
1.887743041992187500e+03
1.726607543945312500e+03
1.609171142578125000e+03
1.498209594726562500e+03
1.425258789062500000e+03
1.426571777343750000e+03
1.445668090820312500e+03
1.506262451171875000e+03
1.629079833984375000e+03
1.750192016601562500e+03
1.922145874023437500e+03
2.163296386718750000e+03
2.376597412109375000e+03
2.468956542968750000e+03
2.398460693359375000e+03
2.304430908203125000e+03
2.218062744140625000e+03
2.238514404296875000e+03
2.172844238281250000e+03
2.176958984375000000e+03
2.199408203125000000e+03
2.278850341796875000e+03
2.132137695312500000e+03
1.956403930664062500e+03
1.822897705078125000e+03
1.651939453125000000e+03
1.533742431640625000e+03
1.456049682617187500e+03
1.399755249023437500e+03
1.400443359375000000e+03
1.429886718750000000e+03
1.484367919921875000e+03
1.591519165039062500e+03
1.685896118164062500e+03
1.739767456054687500e+03
1.857093017578125000e+03
1.942101806640625000e+03
1.997975097656250000e+03
1.963238525390625000e+03
1.883036010742187500e+03
1.787595703125000000e+03
1.754242919921875000e+03
1.724553100585937500e+03
1.724801635742187500e+03
1.782113891601562500e+03
1.958610717773437500e+03
1.950588256835937500e+03
1.808506591796875000e+03
1.700179443359375000e+03
1.572505126953125000e+03
1.487436035156250000e+03
1.435800415039062500e+03
1.399824584960937500e+03
1.397231079101562500e+03
1.403928100585937500e+03
1.437457153320312500e+03
1.511654052734375000e+03
1.644945922851562500e+03
1.895206054687500000e+03
2.237790283203125000e+03
2.400360351562500000e+03
2.397162353515625000e+03
2.351999755859375000e+03
2.265447021484375000e+03
2.171367919921875000e+03
2.168787841796875000e+03
2.152762695312500000e+03
2.183736328125000000e+03
2.195662597656250000e+03
2.190242431640625000e+03
2.092282714843750000e+03
1.933758544921875000e+03
1.782983764648437500e+03
1.594044677734375000e+03
1.457785888671875000e+03
1.386272949218750000e+03
1.349956298828125000e+03
1.352996948242187500e+03
1.375329589843750000e+03
1.421741821289062500e+03
1.527302856445312500e+03
1.672521606445312500e+03
1.916827758789062500e+03
2.241869384765625000e+03
2.412106445312500000e+03
2.383631347656250000e+03
2.344826660156250000e+03
2.294785156250000000e+03
2.186521240234375000e+03
2.184506347656250000e+03
2.147435302734375000e+03
2.179718750000000000e+03
2.222626953125000000e+03
2.223680419921875000e+03
2.091656005859375000e+03
1.939603027343750000e+03
1.748909790039062500e+03
1.575659179687500000e+03
1.480404907226562500e+03
1.390749389648437500e+03
1.351428344726562500e+03
1.354477050781250000e+03
1.373747192382812500e+03
1.413294677734375000e+03
1.510206298828125000e+03
1.653786254882812500e+03
1.896649902343750000e+03
2.216613769531250000e+03
2.382082031250000000e+03
2.381512939453125000e+03
2.322599121093750000e+03
2.252880371093750000e+03
2.178222167968750000e+03
2.183529785156250000e+03
2.176078613281250000e+03
2.205334960937500000e+03
2.214644042968750000e+03
2.274469970703125000e+03
2.103836181640625000e+03
1.943348876953125000e+03
1.797306030273437500e+03
1.605243652343750000e+03
1.466477783203125000e+03
1.394315063476562500e+03
1.348998413085937500e+03
1.357764892578125000e+03
1.380385742187500000e+03
1.425202026367187500e+03
1.536223754882812500e+03
1.674203857421875000e+03
1.930637329101562500e+03
2.243843750000000000e+03
2.418094970703125000e+03
2.428955322265625000e+03
2.369652099609375000e+03
2.322182861328125000e+03
2.215067382812500000e+03
2.250072021484375000e+03
2.232860107421875000e+03
2.250006591796875000e+03
2.294078369140625000e+03
2.287335693359375000e+03
2.123633789062500000e+03
1.955003784179687500e+03
1.855616577148437500e+03
1.676502929687500000e+03
1.554573242187500000e+03
1.465737060546875000e+03
1.398130371093750000e+03
1.405156250000000000e+03
1.434244995117187500e+03
1.496325073242187500e+03
1.620804199218750000e+03
1.799623535156250000e+03
2.018498291015625000e+03
2.321784667968750000e+03
2.534328369140625000e+03
2.553841064453125000e+03
2.501765869140625000e+03
2.431351074218750000e+03
2.314236328125000000e+03
2.306446777343750000e+03
2.305786621093750000e+03
2.280022705078125000e+03
2.324216552734375000e+03
2.335141845703125000e+03
2.182327636718750000e+03
2.022314453125000000e+03
1.896911865234375000e+03
1.710010131835937500e+03
1.579613159179687500e+03
1.495604858398437500e+03
1.426238403320312500e+03
1.419273803710937500e+03
1.439450805664062500e+03
1.514227172851562500e+03
1.634905395507812500e+03
1.754076416015625000e+03
1.895190063476562500e+03
2.124388427734375000e+03
2.347611816406250000e+03
2.412244628906250000e+03
2.367332275390625000e+03
2.279858886718750000e+03
2.212638183593750000e+03
2.219620605468750000e+03
2.139890625000000000e+03
2.129480712890625000e+03
2.197715820312500000e+03
2.281681152343750000e+03
2.182613281250000000e+03
2.073938720703125000e+03
1.939657226562500000e+03
1.765687133789062500e+03
1.619187988281250000e+03
1.511529296875000000e+03
1.444040405273437500e+03
1.424289062500000000e+03
1.453868408203125000e+03
1.510244506835937500e+03
1.630727172851562500e+03
1.716531982421875000e+03
1.795156494140625000e+03
1.907772460937500000e+03
2.020028686523437500e+03
2.100655273437500000e+03
2.056720214843750000e+03
2.015444580078125000e+03
1.939502685546875000e+03
1.924751098632812500e+03
1.895966674804687500e+03
1.877023559570312500e+03
1.938867431640625000e+03
2.126471679687500000e+03
2.093904052734375000e+03
1.983391967773437500e+03
1.914110961914062500e+03
1.804393554687500000e+03
1.707999267578125000e+03
1.731160888671875000e+03
1.634685302734375000e+03
1.611510498046875000e+03
1.570091796875000000e+03
1.583763793945312500e+03
1.703168334960937500e+03
1.858438720703125000e+03
2.109270996093750000e+03
2.425435302734375000e+03
2.634953369140625000e+03
2.704421630859375000e+03
2.659166748046875000e+03
2.565879394531250000e+03
2.500632812500000000e+03
2.548452148437500000e+03
2.475410400390625000e+03
2.490907714843750000e+03
2.505645263671875000e+03
2.418198486328125000e+03
2.333070068359375000e+03
2.239458740234375000e+03
2.043589965820312500e+03
1.941644653320312500e+03
1.837074707031250000e+03
1.718858520507812500e+03
1.637797729492187500e+03
1.565715942382812500e+03
1.576779663085937500e+03
1.661864257812500000e+03
1.801453613281250000e+03
1.916587646484375000e+03
2.156308593750000000e+03
2.456017333984375000e+03
2.681267822265625000e+03
2.741279785156250000e+03
2.697163085937500000e+03
2.627549560546875000e+03
2.573792480468750000e+03
2.611669433593750000e+03
2.569668945312500000e+03
2.491140625000000000e+03
2.442772949218750000e+03
2.412710205078125000e+03
2.279831542968750000e+03
2.128054687500000000e+03
2.025793823242187500e+03
1.870246459960937500e+03
1.759742187500000000e+03
1.648347412109375000e+03
1.541189941406250000e+03
1.502773925781250000e+03
1.513927734375000000e+03
1.596906250000000000e+03
1.746624755859375000e+03
1.887246704101562500e+03
2.064245361328125000e+03
2.328051513671875000e+03
2.542697998046875000e+03
2.629163085937500000e+03
2.567486816406250000e+03
2.488966308593750000e+03
2.434653564453125000e+03
2.453974609375000000e+03
2.403042968750000000e+03
2.391633056640625000e+03
2.351036621093750000e+03
2.302822265625000000e+03
2.220910888671875000e+03
2.049933837890625000e+03
1.925533081054687500e+03
1.796458862304687500e+03
1.667527954101562500e+03
1.579760986328125000e+03
1.486792236328125000e+03
1.452324218750000000e+03
1.471905395507812500e+03
1.544279541015625000e+03
1.697484252929687500e+03
1.851541503906250000e+03
2.011121215820312500e+03
2.311763183593750000e+03
2.534777587890625000e+03
2.589792236328125000e+03
2.531271484375000000e+03
2.466297851562500000e+03
2.382404052734375000e+03
2.388034423828125000e+03
2.321312255859375000e+03
2.299801513671875000e+03
2.292427001953125000e+03
2.308360839843750000e+03
2.203419921875000000e+03
2.024629638671875000e+03
1.891234375000000000e+03
1.725727661132812500e+03
1.589209594726562500e+03
1.493265014648437500e+03
1.417956054687500000e+03
1.415711914062500000e+03
1.428025634765625000e+03
1.493113037109375000e+03
1.615225830078125000e+03
1.728121582031250000e+03
1.881868408203125000e+03
2.121535156250000000e+03
2.316727294921875000e+03
2.386391601562500000e+03
2.298470214843750000e+03
2.224753173828125000e+03
2.151569335937500000e+03
2.183076171875000000e+03
2.159475585937500000e+03
2.165455810546875000e+03
2.198503173828125000e+03
2.229763427734375000e+03
2.153516113281250000e+03
1.984999023437500000e+03
1.870113769531250000e+03
1.709531982421875000e+03
1.570054443359375000e+03
1.479228515625000000e+03
1.420065917968750000e+03
1.410869873046875000e+03
1.411796508789062500e+03
1.471256469726562500e+03
1.565046997070312500e+03
1.663280639648437500e+03
1.736505493164062500e+03
1.859419799804687500e+03
1.953308349609375000e+03
1.983972900390625000e+03
1.964930175781250000e+03
1.889703735351562500e+03
1.781132934570312500e+03
1.767220703125000000e+03
1.798540893554687500e+03
1.817421752929687500e+03
1.823062133789062500e+03
1.955006958007812500e+03
1.971484375000000000e+03
1.878325683593750000e+03
1.793923583984375000e+03
1.682419799804687500e+03
1.592495117187500000e+03
1.513178955078125000e+03
1.450493774414062500e+03
1.433136840820312500e+03
1.450948852539062500e+03
1.484440185546875000e+03
1.592091796875000000e+03
1.735713745117187500e+03
1.992590698242187500e+03
2.295584228515625000e+03
2.481682128906250000e+03
2.500331542968750000e+03
2.459280029296875000e+03
2.396697509765625000e+03
2.356562500000000000e+03
2.369182373046875000e+03
2.350649902343750000e+03
2.359555175781250000e+03
2.358240966796875000e+03
2.297688476562500000e+03
2.168004394531250000e+03
2.039522949218750000e+03
1.892574707031250000e+03
1.716820190429687500e+03
1.573614746093750000e+03
1.480811645507812500e+03
1.422118896484375000e+03
1.409575805664062500e+03
1.435983032226562500e+03
1.511284790039062500e+03
1.642386596679687500e+03
1.792990844726562500e+03
2.017844726562500000e+03
2.309855712890625000e+03
2.499950927734375000e+03
2.538483398437500000e+03
2.492284179687500000e+03
2.434332519531250000e+03
2.385207763671875000e+03
2.424847900390625000e+03
2.391525146484375000e+03
2.403911132812500000e+03
2.381219970703125000e+03
2.354875000000000000e+03
2.266151611328125000e+03
2.097258056640625000e+03
1.967871459960937500e+03
1.796952880859375000e+03
1.639663696289062500e+03
1.554352416992187500e+03
1.473781616210937500e+03
1.441146728515625000e+03
1.473272949218750000e+03
1.555026733398437500e+03
1.694739868164062500e+03
1.819408447265625000e+03
2.023658569335937500e+03
2.327026611328125000e+03
2.509823730468750000e+03
2.551726074218750000e+03
2.498281494140625000e+03
2.457197509765625000e+03
2.385324462890625000e+03
2.411867431640625000e+03
2.373826171875000000e+03
2.385515625000000000e+03
2.372219970703125000e+03
2.349167724609375000e+03
2.228087402343750000e+03
2.055804931640625000e+03
1.914446777343750000e+03
1.723750122070312500e+03
1.586074462890625000e+03
1.516881835937500000e+03
1.440712036132812500e+03
1.422686279296875000e+03
1.445424316406250000e+03
1.521908569335937500e+03
1.653679443359375000e+03
1.788722045898437500e+03
1.974696289062500000e+03
2.269080810546875000e+03
2.449762207031250000e+03
2.412736572265625000e+03
2.397383789062500000e+03
2.345197998046875000e+03
2.255696044921875000e+03
2.294373779296875000e+03
2.256652343750000000e+03
2.247766113281250000e+03
2.306602783203125000e+03
2.268028564453125000e+03
2.190884033203125000e+03
2.042181396484375000e+03
1.905954711914062500e+03
1.723339477539062500e+03
1.584610351562500000e+03
1.497239990234375000e+03
1.420642700195312500e+03
1.406789550781250000e+03
1.427970581054687500e+03
1.499188476562500000e+03
1.623751098632812500e+03
1.763847778320312500e+03
1.965849487304687500e+03
2.259818359375000000e+03
2.443265625000000000e+03
2.487532226562500000e+03
2.430238037109375000e+03
2.397355957031250000e+03
2.310998535156250000e+03
2.334271484375000000e+03
2.312835205078125000e+03
2.322141357421875000e+03
2.334872314453125000e+03
2.333844238281250000e+03
2.223841796875000000e+03
2.049602294921875000e+03
1.923028198242187500e+03
1.739696655273437500e+03
1.600009887695312500e+03
1.497890991210937500e+03
1.431146728515625000e+03
1.420624023437500000e+03
1.445956176757812500e+03
1.516915161132812500e+03
1.662945922851562500e+03
1.757832885742187500e+03
1.876386108398437500e+03
2.090184326171875000e+03
2.280834472656250000e+03
2.374507324218750000e+03
2.319639160156250000e+03
2.248861816406250000e+03
2.164211181640625000e+03
2.201565917968750000e+03
2.178457031250000000e+03
2.161466796875000000e+03
2.221767333984375000e+03
2.283098144531250000e+03
2.211695800781250000e+03
2.072926513671875000e+03
1.951555419921875000e+03
1.787796386718750000e+03
1.655533203125000000e+03
1.529358398437500000e+03
1.463426635742187500e+03
1.452621215820312500e+03
1.468292968750000000e+03
1.520395507812500000e+03
1.630479614257812500e+03
1.702395263671875000e+03
1.770757812500000000e+03
1.910108154296875000e+03
1.983874877929687500e+03
2.025132324218750000e+03
1.994296630859375000e+03
1.933234375000000000e+03
1.859867431640625000e+03
1.832636474609375000e+03
1.839622680664062500e+03
1.854230712890625000e+03
1.848051025390625000e+03
1.958274902343750000e+03
2.002163696289062500e+03
1.866723632812500000e+03
1.783364501953125000e+03
1.647788452148437500e+03
1.542512451171875000e+03
1.476316406250000000e+03
1.424106079101562500e+03
1.415485107421875000e+03
1.417435791015625000e+03
1.448176269531250000e+03
1.542529663085937500e+03
1.663436889648437500e+03
1.890037597656250000e+03
2.225382324218750000e+03
2.361755859375000000e+03
2.372769042968750000e+03
2.328898437500000000e+03
2.286543212890625000e+03
2.218802978515625000e+03
2.227325439453125000e+03
2.192304199218750000e+03
2.228981201171875000e+03
2.237101318359375000e+03
2.232314208984375000e+03
2.170112304687500000e+03
1.986848388671875000e+03
1.848749145507812500e+03
1.656596801757812500e+03
1.509705566406250000e+03
1.438587890625000000e+03
1.384335815429687500e+03
1.377325683593750000e+03
1.387882690429687500e+03
1.444151245117187500e+03
1.546952880859375000e+03
1.660969116210937500e+03
1.751838256835937500e+03
1.902319091796875000e+03
1.940270629882812500e+03
1.882219116210937500e+03
1.830091430664062500e+03
1.807267822265625000e+03
1.704861450195312500e+03
1.690136718750000000e+03
1.696148315429687500e+03
1.728388549804687500e+03
1.785465576171875000e+03
1.913287109375000000e+03
1.963648925781250000e+03
1.832772827148437500e+03
1.724823730468750000e+03
1.576929931640625000e+03
1.470985839843750000e+03
1.399963134765625000e+03
1.370124755859375000e+03
1.360981689453125000e+03
1.364197753906250000e+03
1.381951293945312500e+03
1.456205810546875000e+03
1.572487304687500000e+03
1.819886230468750000e+03
2.167649169921875000e+03
2.366362304687500000e+03
2.365188964843750000e+03
2.271098388671875000e+03
2.209682861328125000e+03
2.157239990234375000e+03
2.150129394531250000e+03
2.176037353515625000e+03
2.215925537109375000e+03
2.229531250000000000e+03
2.213569335937500000e+03
2.128926757812500000e+03
1.937554321289062500e+03
1.790453002929687500e+03
1.593893554687500000e+03
1.447652709960937500e+03
1.369250366210937500e+03
1.335231445312500000e+03
1.335124633789062500e+03
1.344067016601562500e+03
1.386530395507812500e+03
1.482577026367187500e+03
1.627055419921875000e+03
1.865082885742187500e+03
2.195528564453125000e+03
2.380595703125000000e+03
2.377674316406250000e+03
2.334461914062500000e+03
2.273538818359375000e+03
2.175532226562500000e+03
2.225010986328125000e+03
2.199003906250000000e+03
2.220156005859375000e+03
2.246357910156250000e+03
2.199301269531250000e+03
2.140759033203125000e+03
1.978414184570312500e+03
1.811267333984375000e+03
1.621054443359375000e+03
1.465637329101562500e+03
1.378239501953125000e+03
1.334071411132812500e+03
1.339200195312500000e+03
1.366235229492187500e+03
1.415976196289062500e+03
1.526082275390625000e+03
1.673181762695312500e+03
1.927702758789062500e+03
2.250876464843750000e+03
2.407740722656250000e+03
2.411173095703125000e+03
2.360347656250000000e+03
2.328374755859375000e+03
2.241624511718750000e+03
2.247999023437500000e+03
2.242051757812500000e+03
2.241417968750000000e+03
2.273521972656250000e+03
2.231551025390625000e+03
2.178691406250000000e+03
2.018656494140625000e+03
1.872106567382812500e+03
1.661914428710937500e+03
1.491293579101562500e+03
1.393522338867187500e+03
1.350379638671875000e+03
1.352933715820312500e+03
1.373985717773437500e+03
1.433183227539062500e+03
1.532071777343750000e+03
1.645886596679687500e+03
1.831164916992187500e+03
2.114464843750000000e+03
2.320094238281250000e+03
2.353344238281250000e+03
2.290337646484375000e+03
2.200874023437500000e+03
2.137304931640625000e+03
2.123891845703125000e+03
2.117589355468750000e+03
2.150344970703125000e+03
2.188288085937500000e+03
2.195771484375000000e+03
2.131993164062500000e+03
1.966311035156250000e+03
1.810259277343750000e+03
1.620826171875000000e+03
