4.748178947466034151e+04
4.796722590556160139e+04
4.634026420120224066e+04
4.728939612629474141e+04
4.814455944289130275e+04
4.768475536092656694e+04
4.603380565328332887e+04
4.603433349609108700e+04
4.771789280215105100e+04
4.918255693951810827e+04
5.080769080730373389e+04
5.075927214781645307e+04
5.183550425931760401e+04
5.189924802825540246e+04
5.058792271672889183e+04
5.004477925909898477e+04
5.200574932882834401e+04
5.309299517158179515e+04
5.133386181786730594e+04
5.013405449316895101e+04
4.922604813801607088e+04
5.119964893847466737e+04
5.196445055088626395e+04
5.030772658133000368e+04
5.675409193731111009e+04
5.515656962077585922e+04
5.382165503201101819e+04
5.122074315984430723e+04
4.958573196051090781e+04
4.947175898782922741e+04
4.786219142145925434e+04
4.733537045828068221e+04
4.625956516525079496e+04
4.606267147977609420e+04
4.686661549253221892e+04
4.628800826424409752e+04
4.726114058416838816e+04
4.676839579454404884e+04
4.700082207276818372e+04
4.709820093303330214e+04
4.612287385119927785e+04
4.644113970284983225e+04
4.986173758921204717e+04
5.344319840591662796e+04
5.461479808211218915e+04
5.355627292867442156e+04
5.203367553997137293e+04
5.034356454299532925e+04
4.718578811230319843e+04
4.649276491615785199e+04
4.803187113838829828e+04
5.024916821814182913e+04
5.067549441400836804e+04
4.971750708904319617e+04
4.944711768653380568e+04
4.899830933361521602e+04
5.059503275634929014e+04
5.202285437175065454e+04
5.018578079110287945e+04
4.947945675137636135e+04
5.008443819409127173e+04
5.038560622332597268e+04
5.013986165862235794e+04
4.985430612545576878e+04
4.965181193941333913e+04
4.849707408579978073e+04
4.867713960912854964e+04
4.864839223992719781e+04
4.893808235509831866e+04
4.889107387312600622e+04
5.033682338801414880e+04
5.009459865900929435e+04
4.945910994550651230e+04
5.084474870524142170e+04
5.063027449867631367e+04
4.925742684890318924e+04
4.996705871186104923e+04
4.979865000283088011e+04
5.103029366151119757e+04
5.322216725719670649e+04
5.039512700506973488e+04
5.036105029327631928e+04
5.032377124270645436e+04
4.981428288100501231e+04
5.022687622431364434e+04
4.911324832292135397e+04
4.907688118050135381e+04
5.007183746440518007e+04
4.969992874658724759e+04
4.906790113828859467e+04
5.002179987991852977e+04
4.984297708701976080e+04
4.962082437674138055e+04
4.974491228083150054e+04
4.975310254300483211e+04
5.099402229709077801e+04
4.999279020412264799e+04
4.995495938984926033e+04
5.019486871543544112e+04
5.000374929187375528e+04
5.054535075619106647e+04
5.032625842267631378e+04
4.957707491699105594e+04
5.024728657989413477e+04
4.983954375810860074e+04
5.000795391322873184e+04
4.984252604224375682e+04
4.808539189544426335e+04
4.906184247177779616e+04
4.939674874392262427e+04
4.918485450266793487e+04
4.986024512947440962e+04
4.926037706138183421e+04
4.872573998185126402e+04
4.896337599223491270e+04
4.834258118440420367e+04
4.837953702874996088e+04
4.843827802664529008e+04
4.886770990714576328e+04
4.943973940013782703e+04
5.066899943664105376e+04
5.072207584753249103e+04
4.859838956470064295e+04
4.439253949249592551e+04
4.612562760774196067e+04
4.824035851312178420e+04
4.706734065774896590e+04
4.750818279286245524e+04
4.782477408991206903e+04
4.867971272663476702e+04
4.839716865547526686e+04
4.868891877158577699e+04
4.899024255995960266e+04
4.736797505867634754e+04
4.873787408475035772e+04
4.890143184613964695e+04
4.745652418894674338e+04
4.690708570278716797e+04
4.673253188350040728e+04
4.774199746491659607e+04
4.852783893005853315e+04
4.815367962312035525e+04
4.755441681306973624e+04
4.638186594652585336e+04
4.810574651397600246e+04
4.908799828338465886e+04
4.984411451881840185e+04
4.895326700379735848e+04
4.849315066106647282e+04
4.770000224277986854e+04
4.713682145631014282e+04
4.725284704606156447e+04
4.784419764492555987e+04
4.655793220905174530e+04
4.468761622334334243e+04
4.491844299201665126e+04
4.503954009802924702e+04
4.645773646468734660e+04
4.746108246794689330e+04
4.693047102337396063e+04
4.759036179395896761e+04
4.688503392497686582e+04
4.676946128905625665e+04
4.721834627740916039e+04
4.660446194501316495e+04
4.632787954994406027e+04
4.558232183755804726e+04
4.558493329416959023e+04
4.744561448611601372e+04
4.774968101003688935e+04
4.843722911151111475e+04
4.911616510611629928e+04
4.883089910763356602e+04
4.885565778009947098e+04
4.887840101700845844e+04
4.821550289222972060e+04
4.707077928082633298e+04
4.671222298169245187e+04
4.611109665813003085e+04
4.862413238699237991e+04
4.765065605262017925e+04
4.814766550837106479e+04
4.761632215173139411e+04
4.683083320387553249e+04
4.505090599780844786e+04
4.314086227515527571e+04
4.204936358741117874e+04
4.253773119911323010e+04
4.550263203132869967e+04
4.563762335969656851e+04
4.632789338849403430e+04
4.526821490473349695e+04
4.522777335689355095e+04
4.369286502674412623e+04
4.393018442698755825e+04
4.372609456711126404e+04
4.417949453083098342e+04
4.247325746707347571e+04
4.505175424482212111e+04
4.532370195682537451e+04
4.508681461258645140e+04
4.534180595052951685e+04
4.399777265339111909e+04
4.415717263492508209e+04
4.482011470902351721e+04
4.540524154707166599e+04
4.615533840699675056e+04
4.668929124907479854e+04
4.582918033069487865e+04
4.544421794504413265e+04
4.546148272333356726e+04
4.465879125674552051e+04
4.492442098530606017e+04
4.882045682205004414e+04
4.872188726849919476e+04
4.921593964336352656e+04
5.035827635480366007e+04
5.062739515080684214e+04
4.961025059390887327e+04
4.864080092557068565e+04
4.989885067076787527e+04
4.978475675997197686e+04
4.950524702119608992e+04
4.860269639858048322e+04
4.585853923718701117e+04
4.777516831119230483e+04
4.772807239262197982e+04
4.817546294086537091e+04
4.835419398830358114e+04
4.843723436346680683e+04
4.843431770283733204e+04
4.878118126942256640e+04
4.990673994910676265e+04
4.793305109461033135e+04
4.684753105408643023e+04
4.516734288133430528e+04
4.791101023055010592e+04
4.783061752717566560e+04
4.790334874499442230e+04
4.828976643147338473e+04
4.852956456330289075e+04
4.951896476772721508e+04
4.858835874750526273e+04
4.969524749048941885e+04
4.961093753989634570e+04
4.796238791190287156e+04
4.935377119637103169e+04
4.955301010860645329e+04
5.037433829931965738e+04
5.077334023328691546e+04
5.147232182773650857e+04
5.206683057449651824e+04
5.001570271274381957e+04
5.044876945979375159e+04
5.038768509624128637e+04
4.945085250918583188e+04
4.848425868800985336e+04
4.790327115584235435e+04
4.895940328775560192e+04
4.773504343001988309e+04
4.854546539043768280e+04
4.938763708937082265e+04
4.976282094430549478e+04
4.954028115841867111e+04
4.860587764570488798e+04
5.033230741020935238e+04
4.886739015758436290e+04
4.963705604299466358e+04
5.128542110847913136e+04
5.175463879984470259e+04
5.051981851929369441e+04
5.007057394580230175e+04
5.083525440442492254e+04
5.133024407386775420e+04
5.243176586002040131e+04
5.181637955899816006e+04
5.229193950462220528e+04
5.288017291408644815e+04
5.297378490582163067e+04
5.131249807721837715e+04
5.174434346136997920e+04
5.272732533540936129e+04
5.215576147131851758e+04
5.027471951547743811e+04
5.091975103434390621e+04
5.137285880303342128e+04
5.137426128829453955e+04
5.098003697372737224e+04
5.091376995347175398e+04
5.144470314707462967e+04
5.164400448260441772e+04
4.986846231345345586e+04
5.075766476811557368e+04
4.978526989815870184e+04
4.952042750187859929e+04
4.969426454051540350e+04
5.074933653227933246e+04
5.085892318240799068e+04
5.082291146055818535e+04
5.024845994997267553e+04
5.075267783114094345e+04
4.984099284630175680e+04
5.000830279231254826e+04
5.095612067523624864e+04
5.122823634031761321e+04
5.053858578170202964e+04
5.083447029501126963e+04
5.121740171868819743e+04
5.112118693691677618e+04
5.177233013606029272e+04
5.234089852384819824e+04
5.165392266682704212e+04
5.154655270544762607e+04
5.021993781711439078e+04
4.722117829180187255e+04
4.789345888460031711e+04
4.594467274755527615e+04
4.585907377323621768e+04
4.702973357904342993e+04
4.832500259241955064e+04
4.804057700554207258e+04
4.877020939068181906e+04
4.961409113634815731e+04
4.906075289289603825e+04
4.943253755226382054e+04
4.983275907556519815e+04
4.908156728971473785e+04
4.853258176504993753e+04
5.033495137282501673e+04
5.025273116035110434e+04
4.796372481689963024e+04
4.690456630264931300e+04
4.711263424290312105e+04
4.698102835862655775e+04
4.913826050337727065e+04
4.930041717944531410e+04
4.748709209914402163e+04
4.683493042332659388e+04
4.659759446696696978e+04
4.695952204370293475e+04
4.727880449981965648e+04
4.914604406492829730e+04
4.980252670585128362e+04
5.071572100089129526e+04
5.120295592675723310e+04
5.090527967233931122e+04
4.806008272030837543e+04
4.740046507258526981e+04
4.854387033809650165e+04
4.821187012966613111e+04
4.882693654276199959e+04
5.020905266078049317e+04
5.028354896302729321e+04
4.758456265073719987e+04
4.819262885943982110e+04
4.894535534191974148e+04
4.852211369498909335e+04
4.697088782309522503e+04
4.655236988621264754e+04
4.645872614079569757e+04
4.625623195475327520e+04
4.707550117560345097e+04
4.989425925635940803e+04
4.936725087900344079e+04
