4.665246717202088621e+04
4.695061660883112927e+04
4.711151863373353262e+04
4.719835247750889539e+04
4.724521401594743656e+04
4.727050373812660109e+04
4.728415181860389566e+04
4.729151726530177257e+04
4.729549216896309372e+04
4.729763730146692251e+04
4.729879496309876413e+04
4.729941971725797339e+04
4.729975687774487596e+04
4.729993883282633033e+04
4.730003702835323929e+04
4.730009002144049009e+04
4.730011862016981468e+04
4.730013405401905766e+04
4.730014238318990101e+04
4.730014687818566017e+04
4.730014930399577861e+04
4.730015061313042679e+04
4.730015131962988380e+04
4.730015170090577885e+04
4.730015190666857961e+04
4.730015201771239663e+04
4.730015207763931539e+04
4.730015210998001567e+04
4.730015212743329175e+04
4.730015213685228809e+04
4.730015214193542488e+04
4.730015214467863552e+04
4.730015214615906007e+04
4.730015214695800387e+04
4.730015214738916984e+04
4.730015214762185497e+04
4.730015214774742344e+04
