1.561528713261648818e+03
1.597153292971793690e+03
1.632777872681938561e+03
1.668402452392083433e+03
1.704027032102228532e+03
1.739651611812373403e+03
1.775276191522518275e+03
1.810900771232663146e+03
1.846525350942808018e+03
1.882149930652953117e+03
1.917774510363097988e+03
1.953399090073242860e+03
1.989023669783387732e+03
2.024648249493532603e+03
2.060272829203677702e+03
2.095897408913822801e+03
2.131521988623967445e+03
2.167146568334112089e+03
2.202771148044257188e+03
2.238395727754402287e+03
2.274020307464546931e+03
2.309644887174692030e+03
2.345269466884837129e+03
2.380894046594981774e+03
1.564557430354715279e+03
1.600182010064860151e+03
1.635806589775005023e+03
1.671431169485149894e+03
1.707055749195294766e+03
1.742680328905439637e+03
1.778304908615584736e+03
1.813929488325729608e+03
1.849554068035874479e+03
1.885178647746019351e+03
1.920803227456164223e+03
1.956427807166309321e+03
1.992052386876454193e+03
2.027676966586599065e+03
2.063301546296744164e+03
2.098926126006888808e+03
2.134550705717033907e+03
2.170175285427178551e+03
2.205799865137323650e+03
2.241424444847468294e+03
2.277049024557613393e+03
2.312673604267758492e+03
2.348298183977903136e+03
2.383922763688048235e+03
1.567586147447781514e+03
1.603210727157926385e+03
1.638835306868071257e+03
1.674459886578216356e+03
1.710084466288361227e+03
1.745709045998506099e+03
1.781333625708650970e+03
1.816958205418795842e+03
1.852582785128940941e+03
1.888207364839085812e+03
1.923831944549230684e+03
1.959456524259375556e+03
1.995081103969520427e+03
2.030705683679665526e+03
2.066330263389810170e+03
2.101954843099955269e+03
2.137579422810100368e+03
2.173204002520245012e+03
2.208828582230390111e+03
2.244453161940534756e+03
2.280077741650679855e+03
2.315702321360824499e+03
2.351326901070969598e+03
2.386951480781114697e+03
1.570614864540847975e+03
1.606239444250992847e+03
1.641864023961137718e+03
1.677488603671282590e+03
1.713113183381427461e+03
1.748737763091572560e+03
1.784362342801717432e+03
1.819986922511862304e+03
1.855611502222007175e+03
1.891236081932152047e+03
1.926860661642297146e+03
1.962485241352442017e+03
1.998109821062586889e+03
2.033734400772731760e+03
2.069358980482876632e+03
2.104983560193021731e+03
2.140608139903166375e+03
2.176232719613311474e+03
2.211857299323456573e+03
2.247481879033601217e+03
2.283106458743746316e+03
2.318731038453890960e+03
2.354355618164036059e+03
2.389980197874180703e+03
1.573643581633914209e+03
1.609268161344059081e+03
1.644892741054204180e+03
1.680517320764349051e+03
1.716141900474493923e+03
1.751766480184638795e+03
1.787391059894783666e+03
1.823015639604928765e+03
1.858640219315073637e+03
1.894264799025218508e+03
1.929889378735363380e+03
1.965513958445508251e+03
2.001138538155653350e+03
2.036763117865798222e+03
2.072387697575943093e+03
2.108012277286088192e+03
2.143636856996232837e+03
2.179261436706377935e+03
2.214886016416522580e+03
2.250510596126667679e+03
2.286135175836812778e+03
2.321759755546957422e+03
2.357384335257102521e+03
2.393008914967247620e+03
1.576672298726980671e+03
1.612296878437125542e+03
1.647921458147270414e+03
1.683546037857415286e+03
1.719170617567560384e+03
1.754795197277705256e+03
1.790419776987850128e+03
1.826044356697994999e+03
1.861668936408139871e+03
1.897293516118284970e+03
1.932918095828429841e+03
1.968542675538574713e+03
2.004167255248719584e+03
2.039791834958864456e+03
2.075416414669009555e+03
2.111040994379154654e+03
2.146665574089299298e+03
2.182290153799443942e+03
2.217914733509589041e+03
2.253539313219734140e+03
2.289163892929878784e+03
2.324788472640023883e+03
2.360413052350168982e+03
2.396037632060313626e+03
1.579701015820047132e+03
1.615325595530192004e+03
1.650950175240336876e+03
1.686574754950481747e+03
1.722199334660626619e+03
1.757823914370771490e+03
1.793448494080916589e+03
1.829073073791061461e+03
1.864697653501206332e+03
1.900322233211351204e+03
1.935946812921496075e+03
1.971571392631641174e+03
2.007195972341786046e+03
2.042820552051930918e+03
2.078445131762076016e+03
2.114069711472220661e+03
2.149694291182365760e+03
2.185318870892510404e+03
2.220943450602655503e+03
2.256568030312800147e+03
2.292192610022945246e+03
2.327817189733090345e+03
2.363441769443234989e+03
2.399066349153380088e+03
1.582729732913113367e+03
1.618354312623258238e+03
1.653978892333403110e+03
1.689603472043548209e+03
1.725228051753693080e+03
1.760852631463837952e+03
1.796477211173982823e+03
1.832101790884127695e+03
1.867726370594272794e+03
1.903350950304417665e+03
1.938975530014562537e+03
1.974600109724707409e+03
2.010224689434852280e+03
2.045849269144997379e+03
2.081473848855142023e+03
2.117098428565287122e+03
2.152723008275432221e+03
2.188347587985576865e+03
2.223972167695721964e+03
2.259596747405866608e+03
2.295221327116011707e+03
2.330845906826156352e+03
2.366470486536301451e+03
2.402095066246446549e+03
1.585758450006179828e+03
1.621383029716324700e+03
1.657007609426469571e+03
1.692632189136614443e+03
1.728256768846759314e+03
1.763881348556904413e+03
1.799505928267049285e+03
1.835130507977194156e+03
1.870755087687339028e+03
1.906379667397483900e+03
1.942004247107628998e+03
1.977628826817773870e+03
2.013253406527918742e+03
2.048877986238063841e+03
2.084502565948208485e+03
2.120127145658353584e+03
2.155751725368498228e+03
2.191376305078643327e+03
2.227000884788788426e+03
2.262625464498933070e+03
2.298250044209078169e+03
2.333874623919222813e+03
2.369499203629367912e+03
2.405123783339512556e+03
1.588787167099246062e+03
1.624411746809390934e+03
1.660036326519536033e+03
1.695660906229680904e+03
1.731285485939825776e+03
1.766910065649970647e+03
1.802534645360115519e+03
1.838159225070260618e+03
1.873783804780405490e+03
1.909408384490550361e+03
1.945032964200695233e+03
1.980657543910840104e+03
2.016282123620985203e+03
2.051906703331129847e+03
2.087531283041274946e+03
2.123155862751420045e+03
2.158780442461564689e+03
2.194405022171709788e+03
2.230029601881854433e+03
2.265654181591999532e+03
2.301278761302144630e+03
2.336903341012289275e+03
2.372527920722434374e+03
2.408152500432579473e+03
1.591815884192312524e+03
1.627440463902457395e+03
1.663065043612602267e+03
1.698689623322747138e+03
1.734314203032892237e+03
1.769938782743037109e+03
1.805563362453181981e+03
1.841187942163326852e+03
1.876812521873471724e+03
1.912437101583616823e+03
1.948061681293761694e+03
1.983686261003906566e+03
2.019310840714051437e+03
2.054935420424196309e+03
2.090560000134341408e+03
2.126184579844486507e+03
2.161809159554631151e+03
2.197433739264775795e+03
2.233058318974920894e+03
2.268682898685065993e+03
2.304307478395210637e+03
2.339932058105355736e+03
2.375556637815500835e+03
2.411181217525645479e+03
1.594844601285378758e+03
1.630469180995523857e+03
1.666093760705668728e+03
1.701718340415813600e+03
1.737342920125958472e+03
1.772967499836103343e+03
1.808592079546248442e+03
1.844216659256393314e+03
1.879841238966538185e+03
1.915465818676683057e+03
1.951090398386827928e+03
1.986714978096973027e+03
2.022339557807117899e+03
2.057964137517262770e+03
2.093588717227407869e+03
2.129213296937552514e+03
2.164837876647697612e+03
2.200462456357842257e+03
2.236087036067987356e+03
2.271711615778132000e+03
2.307336195488277099e+03
2.342960775198422198e+03
2.378585354908566842e+03
2.414209934618711941e+03
1.597873318378445219e+03
1.633497898088590091e+03
1.669122477798734963e+03
1.704747057508880062e+03
1.740371637219024933e+03
1.775996216929169805e+03
1.811620796639314676e+03
1.847245376349459548e+03
1.882869956059604647e+03
1.918494535769749518e+03
1.954119115479894390e+03
1.989743695190039261e+03
2.025368274900184133e+03
2.060992854610329232e+03
2.096617434320473876e+03
2.132242014030618975e+03
2.167866593740764074e+03
2.203491173450908718e+03
2.239115753161053817e+03
2.274740332871198461e+03
2.310364912581343560e+03
2.345989492291488205e+03
2.381614072001633303e+03
2.417238651711778402e+03
1.600902035471511681e+03
1.636526615181656553e+03
1.672151194891801424e+03
1.707775774601946296e+03
1.743400354312091167e+03
1.779024934022236266e+03
1.814649513732381138e+03
1.850274093442526009e+03
1.885898673152670881e+03
1.921523252862815752e+03
1.957147832572960851e+03
1.992772412283105723e+03
2.028396991993250595e+03
2.064021571703395693e+03
2.099646151413540338e+03
2.135270731123685437e+03
2.170895310833830081e+03
2.206519890543975180e+03
2.242144470254120279e+03
2.277769049964264923e+03
2.313393629674410022e+03
2.349018209384554666e+03
2.384642789094699765e+03
2.420267368804844409e+03
1.603930752564577915e+03
1.639555332274722787e+03
1.675179911984867886e+03
1.710804491695012757e+03
1.746429071405157629e+03
1.782053651115302500e+03
1.817678230825447372e+03
1.853302810535592471e+03
1.888927390245737342e+03
1.924551969955882214e+03
1.960176549666027086e+03
1.995801129376171957e+03
2.031425709086317056e+03
2.067050288796461700e+03
2.102674868506606799e+03
2.138299448216751898e+03
2.173924027926896542e+03
2.209548607637041641e+03
2.245173187347186285e+03
2.280797767057331384e+03
2.316422346767476483e+03
2.352046926477621128e+03
2.387671506187766227e+03
2.423296085897911325e+03
1.606959469657644377e+03
1.642584049367789248e+03
1.678208629077934120e+03
1.713833208788078991e+03
1.749457788498224090e+03
1.785082368208368962e+03
1.820706947918513833e+03
1.856331527628658705e+03
1.891956107338803577e+03
1.927580687048948676e+03
1.963205266759093547e+03
1.998829846469238419e+03
2.034454426179383290e+03
2.070079005889528162e+03
2.105703585599673261e+03
2.141328165309818360e+03
2.176952745019963004e+03
2.212577324730107648e+03
2.248201904440252747e+03
2.283826484150397846e+03
2.319451063860542490e+03
2.355075643570687589e+03
2.390700223280832688e+03
2.426324802990977332e+03
1.609988186750710611e+03
1.645612766460855710e+03
1.681237346171000581e+03
1.716861925881145453e+03
1.752486505591290324e+03
1.788111085301435196e+03
1.823735665011580295e+03
1.859360244721725167e+03
1.894984824431870038e+03
1.930609404142014910e+03
1.966233983852159781e+03
2.001858563562304880e+03
2.037483143272449752e+03
2.073107722982594623e+03
2.108732302692739722e+03
2.144356882402884366e+03
2.179981462113029465e+03
2.215606041823174110e+03
2.251230621533319209e+03
2.286855201243463853e+03
2.322479780953608952e+03
2.358104360663754051e+03
2.393728940373898695e+03
2.429353520084043794e+03
1.613016903843777072e+03
1.648641483553921944e+03
1.684266063264066815e+03
1.719890642974211914e+03
1.755515222684356786e+03
1.791139802394501658e+03
1.826764382104646529e+03
1.862388961814791401e+03
1.898013541524936500e+03
1.933638121235081371e+03
1.969262700945226243e+03
2.004887280655371114e+03
2.040511860365515986e+03
2.076136440075661085e+03
2.111761019785805729e+03
2.147385599495950828e+03
2.183010179206095927e+03
2.218634758916240571e+03
2.254259338626385670e+03
2.289883918336530314e+03
2.325508498046675413e+03
2.361133077756820057e+03
2.396757657466965156e+03
2.432382237177110255e+03
1.616045620936843534e+03
1.651670200646988405e+03
1.687294780357133277e+03
1.722919360067278149e+03
1.758543939777423020e+03
1.794168519487568119e+03
1.829793099197712991e+03
1.865417678907857862e+03
1.901042258618002734e+03
1.936666838328147605e+03
1.972291418038292704e+03
2.007915997748437576e+03
2.043540577458582447e+03
2.079165157168727092e+03
2.114789736878872191e+03
2.150414316589017290e+03
2.186038896299161934e+03
2.221663476009307033e+03
2.257288055719452132e+03
2.292912635429596776e+03
2.328537215139741875e+03
2.364161794849886519e+03
2.399786374560031618e+03
2.435410954270176262e+03
1.619074338029909768e+03
1.654698917740054640e+03
1.690323497450199739e+03
1.725948077160344610e+03
1.761572656870489482e+03
1.797197236580634353e+03
1.832821816290779225e+03
1.868446396000924324e+03
1.904070975711069195e+03
1.939695555421214067e+03
1.975320135131358938e+03
2.010944714841503810e+03
2.046569294551648909e+03
2.082193874261794008e+03
2.117818453971938652e+03
2.153443033682083751e+03
2.189067613392228395e+03
2.224692193102373494e+03
2.260316772812518138e+03
2.295941352522663237e+03
2.331565932232808336e+03
2.367190511942952980e+03
2.402815091653098079e+03
2.438439671363243178e+03
1.622103055122976230e+03
1.657727634833121101e+03
1.693352214543265973e+03
1.728976794253410844e+03
1.764601373963555943e+03
1.800225953673700815e+03
1.835850533383845686e+03
1.871475113093990558e+03
1.907099692804135429e+03
1.942724272514280528e+03
1.978348852224425400e+03
2.013973431934570272e+03
2.049598011644715370e+03
2.085222591354860015e+03
2.120847171065005114e+03
2.156471750775150213e+03
2.192096330485294857e+03
2.227720910195439501e+03
2.263345489905584600e+03
2.298970069615729699e+03
2.334594649325874343e+03
2.370219229036019442e+03
2.405843808746164541e+03
2.441468388456309185e+03
1.625131772216042464e+03
1.660756351926187563e+03
1.696380931636332434e+03
1.732005511346477306e+03
1.767630091056622177e+03
1.803254670766767049e+03
1.838879250476912148e+03
1.874503830187057019e+03
1.910128409897201891e+03
1.945752989607346763e+03
1.981377569317491634e+03
2.017002149027636733e+03
2.052626728737781377e+03
2.088251308447926476e+03
2.123875888158071575e+03
2.159500467868216219e+03
2.195125047578361318e+03
2.230749627288505962e+03
2.266374206998651061e+03
2.301998786708795706e+03
2.337623366418940805e+03
2.373247946129085904e+03
2.408872525839230548e+03
2.444497105549375647e+03
1.628160489309108925e+03
1.663785069019253797e+03
1.699409648729398668e+03
1.735034228439543767e+03
1.770658808149688639e+03
1.806283387859833510e+03
1.841907967569978382e+03
1.877532547280123254e+03
1.913157126990268353e+03
1.948781706700413224e+03
1.984406286410558096e+03
2.020030866120702967e+03
2.055655445830847839e+03
2.091280025540992938e+03
2.126904605251137582e+03
2.162529184961282681e+03
2.198153764671427780e+03
2.233778344381572424e+03
2.269402924091717523e+03
2.305027503801862167e+03
2.340652083512007266e+03
2.376276663222151910e+03
2.411901242932297009e+03
2.447525822642442108e+03
1.631189206402175387e+03
1.666813786112320258e+03
1.702438365822465130e+03
1.738062945532610001e+03
1.773687525242754873e+03
1.809312104952899972e+03
1.844936684663044844e+03
1.880561264373189715e+03
1.916185844083334587e+03
1.951810423793479458e+03
1.987435003503624557e+03
2.023059583213769429e+03
2.058684162923914300e+03
2.094308742634058945e+03
2.129933322344204043e+03
2.165557902054349142e+03
2.201182481764493787e+03
2.236807061474638886e+03
2.272431641184783984e+03
2.308056220894928629e+03
2.343680800605073728e+03
2.379305380315218372e+03
2.414929960025363471e+03
2.450554539735508115e+03
1.634217923495241621e+03
1.669842503205386492e+03
1.705467082915531591e+03
1.741091662625676463e+03
1.776716242335821335e+03
1.812340822045966206e+03
1.847965401756111078e+03
1.883589981466256177e+03
1.919214561176401048e+03
1.954839140886545920e+03
1.990463720596690791e+03
2.026088300306835663e+03
2.061712880016980762e+03
2.097337459727125861e+03
2.132962039437270505e+03
2.168586619147415149e+03
2.204211198857560248e+03
2.239835778567705347e+03
2.275460358277849991e+03
2.311084937987995090e+03
2.346709517698140189e+03
2.382334097408284833e+03
2.417958677118429478e+03
2.453583256828575031e+03
1.637246640588308082e+03
1.672871220298452954e+03
1.708495800008597826e+03
1.744120379718742697e+03
1.779744959428887796e+03
1.815369539139032668e+03
1.850994118849177539e+03
1.886618698559322411e+03
1.922243278269467282e+03
1.957867857979612381e+03
1.993492437689757253e+03
2.029117017399902124e+03
2.064741597110047223e+03
2.100366176820191868e+03
2.135990756530336967e+03
2.171615336240482065e+03
2.207239915950626710e+03
2.242864495660771354e+03
2.278489075370916453e+03
2.314113655081061552e+03
2.349738234791206196e+03
2.385362814501351295e+03
2.420987394211496394e+03
2.456611973921641038e+03
1.640275357681374317e+03
1.675899937391519416e+03
1.711524517101664287e+03
1.747149096811809159e+03
1.782773676521954030e+03
1.818398256232098902e+03
1.854022835942244001e+03
1.889647415652388872e+03
1.925271995362533744e+03
1.960896575072678615e+03
1.996521154782823487e+03
2.032145734492968586e+03
2.067770314203113230e+03
2.103394893913258329e+03
2.139019473623403428e+03
2.174644053333548072e+03
2.210268633043693171e+03
2.245893212753837815e+03
2.281517792463982914e+03
2.317142372174127559e+03
2.352766951884272657e+03
2.388391531594417756e+03
2.424016111304562401e+03
2.459640691014707500e+03
1.643304074774440778e+03
1.678928654484585650e+03
1.714553234194730521e+03
1.750177813904875620e+03
1.785802393615020492e+03
1.821426973325165363e+03
1.857051553035310235e+03
1.892676132745455106e+03
1.928300712455600205e+03
1.963925292165745077e+03
1.999549871875889949e+03
2.035174451586034820e+03
2.070799031296179692e+03
2.106423611006324791e+03
2.142048190716469435e+03
2.177672770426614534e+03
2.213297350136759633e+03
2.248921929846904277e+03
2.284546509557049376e+03
2.320171089267194020e+03
2.355795668977339119e+03
2.391420248687483763e+03
2.427044828397628862e+03
2.462669408107773961e+03
1.646332791867507240e+03
1.681957371577652111e+03
1.717581951287796983e+03
1.753206530997941854e+03
1.788831110708086726e+03
1.824455690418231825e+03
1.860080270128376696e+03
1.895704849838521568e+03
1.931329429548666440e+03
1.966954009258811311e+03
2.002578588968956410e+03
2.038203168679101282e+03
2.073827748389246153e+03
2.109452328099390797e+03
2.145076907809535896e+03
2.180701487519680995e+03
2.216326067229825640e+03
2.251950646939970738e+03
2.287575226650115837e+03
2.323199806360260482e+03
2.358824386070405581e+03
2.394448965780550225e+03
2.430073545490695324e+03
2.465698125200839968e+03
1.649361508960573474e+03
1.684986088670718345e+03
1.720610668380863444e+03
1.756235248091008316e+03
1.791859827801153187e+03
1.827484407511298059e+03
1.863108987221442931e+03
1.898733566931588030e+03
1.934358146641732901e+03
1.969982726351877773e+03
2.005607306062022644e+03
2.041231885772167516e+03
2.076856465482312615e+03
2.112481045192457714e+03
2.148105624902602358e+03
2.183730204612747002e+03
2.219354784322892101e+03
2.254979364033037200e+03
2.290603943743181844e+03
2.326228523453326943e+03
2.361853103163472042e+03
2.397477682873616686e+03
2.433102262583761330e+03
2.468726842293906884e+03
